8.230340954790531
8.637747292469511
8.947632731659889
9.172780906531727
9.32597545125508
9.420000000000002
9.46763818693654
9.481673646234755
9.474890012064701
9.460070918596434
9.45
9.454898050496057
9.474734504507673
9.506915956508506
9.548849000972213
9.597940232372464
9.651596245182912
9.707223633877234
9.762228992929078
9.814018916812113
9.86
9.898209061588553
9.929203819162172
9.95417221492741
9.974302191090826
9.990781689858968
10.004798653438394
10.017541024035657
10.03019674385731
10.043953755109909
10.059999999999999
10.079277033864173
10.101740864559126
10.127101113071582
10.155067400388269
10.185349347495913
10.217656575381246
10.251698705030993
10.287185357431877
10.323826153570629
10.361330714433974
10.399408661008641
10.437769614281352
10.47612319523884
10.514179024867827
10.551646724155045
10.58823591408722
10.623656215651078
10.657617249833338
10.689828637620739
10.720000000000002
10.747926228178928
10.773743294249595
10.79767244052515
10.819934909318743
10.84075194294353
10.860344783712653
10.878934673939268
10.896742855936521
10.913990572017564
10.930899064495547
10.947689575683619
10.96458334789493
10.981801623442628
10.999565644639867
11.018096653799791
11.03761589323556
11.058344605260311
11.080504032187203
11.104315416329381
11.130000000000003
11.157720546357982
11.187405901945354
11.218926434149918
11.252152510359473
11.286954497961824
11.323202764344774
11.360767676896124
11.399519603003673
11.439328910055231
11.480065965438591
11.52160113654156
11.563804790751938
11.606547295457524
11.649699018046128
11.693130325905546
11.736711586423581
11.780313166988035
11.823805434986712
11.867058757807408
11.909943502837935
11.952330037466085
11.994088729079666
12.03508994506648
12.075204052814323
12.114301419711003
12.15225241314432
12.188927400502076
12.224196749172071
12.257930826542113
12.289999999999997
12.320304830329885
12.34886665190137
12.375736992480391
12.400967379832899
12.424609341724842
12.446714405922165
12.467334100190813
12.486519952296735
12.504323490005877
12.520796241084184
12.535989733297605
12.549955494412085
12.562745052193572
12.574409934408013
12.58500166882135
12.594571783199536
12.603171805308511
12.610853262914228
12.617667683782631
12.623666595679666
12.62890152637128
12.633424003623421
12.637285555202034
12.64053770887306
12.643231992402459
12.645419933556168
12.647153060100136
12.648482899800305
12.649460980422631
12.650138829733054
12.650567975497522
12.650799945481983
12.65088626745238
12.650878469174666
12.650828078414783
12.650786622938675
12.650805630512291
12.650936628901583
12.65123114587249
12.651740709190964
12.652516846622945
12.653611085934388
12.655074954891234
12.65695998125943
12.659317692804924
12.662199617293664
12.665657282491596
12.669742216164662
12.674505946078815
12.68
12.686275905694158
12.693385190927243
12.7013793834652
12.710310011073968
12.720228601519503
12.731186682567754
12.743235781984657
12.756427427536162
12.770813146988221
12.786444468106776
12.803372918657777
12.821650026407164
12.841327319120888
12.862456324564894
12.885088570505134
12.909275584707549
12.935068894938086
12.962520028962693
12.991680514547319
13.022601879457909
13.055335651460402
13.089933358320755
13.126446527804914
13.164926687678818
13.205425365708422
13.247994089659663
13.292684387298499
13.339547786390867
13.388635814702718
