         -99         -99         -99           2
         -99         -99           1           3
         -99         -99           2           4
         -99         -99           3           5
         -99         -99           4           6
         -99         -99           5           7
         -99         -99           6           8
         -99         -99           7           9
         -99         -99           8          10
         -99         -99           9          11
         -99         -99          10          12
         -99         -99          11          13
         -99         -99          12          14
         -99         -99          13          15
         -99         -99          14          16
         -99         -99          15          17
         -99         -99          16          18
         -99         -99          17          19
         -99         -99          18          20
         -99         -99          19          21
         -99         -99          20          22
         -99         -99          21          23
         -99         -99          22          24
         -99         -99          23          25
         -99         -99          24          26
         -99         -99          25          27
         -99         -99          26          28
         -99         -99          27          29
         -99         -99          28          30
         -99         -99          29          31
         -99         -99          30          32
         -99         -99          31          33
         -99         -99          32          34
         -99         -99          33          35
         -99         -99          34          36
         -99         -99          35          37
         -99         -99          36          38
         -99         -99          37          39
         -99         -99          38          40
         -99         -99          39          41
         -99         -99          40          42
         -99         -99          41          43
         -99         -99          42          44
         -99         -99          43          45
         -99         -99          44          46
         -99         -99          45          47
         -99         -99          46          48
         -99         -99          47          49
         -99         -99          48          50
         -99         -99          49          51
         -99         -99          50          52
         -99         -99          51          53
         -99         -99          52          54
         -99         -99          53          55
         -99         -99          54          56
         -99         -99          55          57
         -99         -99          56          58
         -99         -99          57          59
         -99         -99          58          60
         -99         -99          59          61
         -99         -99          60          62
         -99         -99          61          63
         -99         -99          62          64
         -99         -99          63          65
         -99         -99          64          66
         -99         -99          65          67
         -99         -99          66          68
         -99         -99          67          69
         -99         -99          68          70
         -99         -99          69          71
         -99         -99          70          72
         -99         -99          71          73
         -99         -99          72          74
         -99         -99          73          75
         -99         -99          74          76
         -99         -99          75          77
         -99         -99          76          78
         -99         -99          77          79
         -99         -99          78          80
         -99         -99          79          81
         -99         -99          80          82
         -99         -99          81          83
         -99         -99          82          84
         -99         -99          83          85
         -99         -99          84          86
         -99         -99          85          87
         -99         -99          86          88
         -99         -99          87          89
         -99         -99          88          90
         -99         -99          89          91
         -99         -99          90          92
         -99         -99          91          93
         -99         -99          92          94
         -99         -99          93          95
         -99         -99          94          96
         -99         -99          95          97
         -99         -99          96          98
         -99         -99          97          99
         -99         -99          98         100
         -99         -99          99         101
         -99         -99         100         102
         -99         -99         101         103
         -99         -99         102         104
         -99         -99         103         105
         -99         -99         104         106
         -99         -99         105         107
         -99         -99         106         108
         -99         -99         107         109
         -99         -99         108         110
         -99         -99         109         111
         -99         -99         110         112
         -99         -99         111         113
         -99         -99         112         114
         -99         -99         113         115
         -99         -99         114         116
         -99         -99         115         117
         -99         -99         116         118
         -99         -99         117         119
         -99         -99         118         120
         -99         -99         119         121
         -99         -99         120         122
         -99         -99         121         123
         -99         -99         122         124
         -99         -99         123         125
         -99         -99         124         126
         -99         -99         125         127
         -99         -99         126         128
         -99         -99         127         129
         -99         -99         128         130
         -99         -99         129         131
         -99         -99         130         132
         -99         -99         131         133
         -99         -99         132         134
         -99         -99         133         135
         -99         -99         134         136
         -99         -99         135         137
         -99         -99         136         138
         -99         -99         137         139
         -99         -99         138         140
         -99         -99         139         141
         -99         -99         140         142
         -99         -99         141         143
         -99         -99         142         144
         -99         -99         143         145
         -99         -99         144         146
         -99         -99         145         147
         -99         -99         146         148
         -99         -99         147         149
         -99         -99         148         150
         -99         -99         149         151
         -99         -99         150         152
         -99         -99         151         153
         -99         -99         152         154
         -99         -99         153         155
         -99         -99         154         156
         -99         -99         155         157
         -99         -99         156         158
         -99         -99         157         159
         -99         -99         158         160
         -99         -99         159         161
         -99         -99         160         162
         -99         -99         161         163
         -99         -99         162         164
         -99         -99         163         165
         -99         -99         164         166
         -99         -99         165         167
         -99         -99         166         168
         -99         -99         167         169
         -99         -99         168         170
         -99         -99         169         171
         -99         -99         170         172
         -99         -99         171         173
         -99         -99         172         174
         -99         -99         173         175
         -99         -99         174         176
         -99         -99         175         177
         -99         -99         176         178
         -99         -99         177         179
         -99         -99         178         180
         -99         -99         179         -99
