23.911875
71.735625
119.559375
167.383125
215.206875
263.030625
310.854375
358.678125
406.501875
454.325625
502.149375
549.973125
597.796875
645.620625
693.444375
741.268125
789.091875
836.915625
884.739375
932.563125
980.386875
1028.210625
1076.034375
1123.858125
1171.681875
1219.505625
1267.329375
1315.153125
1362.976875
1410.800625
1458.624375
1506.448125
1554.271875
1602.095625
1649.919375
1697.743125
1745.566875
1793.390625
1841.214375
1889.038125
1936.861875
1984.685625
2032.509375
2080.333125
2128.156875
2175.980625
2223.804375
2271.628125
2319.451875
2367.275625
2415.099375
2462.923125
2510.746875
2558.570625
2606.394375
2654.218125
2702.041875
2749.865625
2797.689375
2845.513125
2893.336875
2941.160625
2988.984375
3036.808125
3084.631875
3132.455625
3180.279375
3228.103125
3275.926875
3323.750625
3371.574375
3419.398125
3467.221875
3515.045625
3562.869375
3610.693125
3658.516875
3706.340625
3754.164375
3801.988125
