20.9871174562
20.960911205
20.9341830604
20.9070099884
20.87946596
20.8516219594
20.8235459984
20.7953031349
20.7669554968
20.7385623096
20.7101799287
20.6818618752
20.6536588758
20.6256189051
20.5977872324
20.5702064698
20.5429166241
20.5159551507
20.4893570094
20.4631547226
20.4373784351
20.4120559749
20.3872129167
20.3628726449
20.3390564189
20.3157834383
20.2930709098
20.2709341131
20.2493864687
20.2284396048
20.2081034247
20.1883861742
20.1692945083
20.1508335585
20.1330069984
20.11581711
20.0992648489
20.0833499081
20.0680707823
20.0534248302
20.0394083362
20.0260165716
20.0132438535
20.0010836037
19.9895284061
19.9785700621
19.9681996457
19.9584075566
19.9491835725
19.940516899
19.9323962194
19.9248097419
19.917745246
19.9111901271
19.9051314395
19.8995559384
19.8944501199
19.8898002597
19.8855924503
19.8818126363
19.8784466492
19.8754802393
19.8728991074
19.8706889345
19.8688354096
19.8673242572
19.8661412621
19.865272294
19.8647033298
19.8644204752
19.8644099846
19.8646582797
19.8651519676
19.8658778561
19.86682297
19.8679745637
19.8693201352
19.8708474368
19.8725444864
19.8743995766
