   900.00000000000000        9.0059490517524257     
   1800.0000000000000        9.0019817306878789     
   2700.0000000000000        8.9983610049869327     
   3600.0000000000000        8.9950974038152633     
   4500.0000000000000        8.9922675601933744     
   5400.0000000000000        8.9899666420211091     
   6300.0000000000000        8.9882495815683789     
   7200.0000000000000        8.9871124149099000     
   8100.0000000000000        8.9865081434677627     
   9000.0000000000000        8.9863697670730591     
   9900.0000000000000        8.9866266180489660     
   10800.000000000000        8.9872118552284448     
   11700.000000000000        8.9880572275841804     
   12600.000000000000        8.9890781456803079     
   13500.000000000000        8.9901768997900522     
   14400.000000000000        8.9912668867426433     
   15300.000000000000        8.9922918441774549     
   16200.000000000000        8.9932284874745800     
   17100.000000000000        8.9940779103674000     
   18000.000000000000        8.9948469186612208     
   18900.000000000000        8.9955237432355375     
   19800.000000000000        8.9960752554873018     
   20700.000000000000        8.9964687197695685     
   21600.000000000000        8.9966913540985018     
   22500.000000000000        8.9967535193011923     
   23400.000000000000        8.9966745590216650     
   24300.000000000000        8.9964592863828763     
   25200.000000000000        8.9960929446390772     
   26100.000000000000        8.9955593632412914     
   27000.000000000000        8.9948583303347540     
   27900.000000000000        8.9940094715683259     
   28800.000000000000        8.9930464103127061     
   29700.000000000000        8.9920026651990117     
   30600.000000000000        8.9908916010596069     
   31500.000000000000        8.9897027068307285     
   32400.000000000000        8.9884195296079898     
   33300.000000000000        8.9870378336513514     
   34200.000000000000        8.9855713812482705     
   35100.000000000000        8.9840481739797671     
   36000.000000000000        8.9825029887261429     
   36900.000000000000        8.9809655890828886     
   37800.000000000000        8.9794445383539863     
   38700.000000000000        8.9779242807039630     
   39600.000000000000        8.9763811139598726     
   40500.000000000000        8.9748005852846227     
   41400.000000000000        8.9731844931926581     
   42300.000000000000        8.9715484224370474     
   43200.000000000000        8.9699113317880688     
   44100.000000000000        8.9682791038576042     
   45000.000000000000        8.9666387337196163     
   45900.000000000000        8.9649706466812660     
   46800.000000000000        8.9632641549465770     
   47700.000000000000        8.9615237801712730     
   48600.000000000000        8.9597666310201323     
   49500.000000000000        8.9580128754055970     
   50400.000000000000        8.9562709820853534     
   51300.000000000000        8.9545317473110178     
   52200.000000000000        8.9527783716724247     
   53100.000000000000        8.9510000986237479     
   54000.000000000000        8.9491956081268729     
   54900.000000000000        8.9473633551099692     
   55800.000000000000        8.9454936880773879     
   56700.000000000000        8.9435741751784281     
   57600.000000000000        8.9415998268486003     
   58500.000000000000        8.9395754663187574     
   59400.000000000000        8.9375067784541073     
   60300.000000000000        8.9353923263433455     
   61200.000000000000        8.9332270200113566     
   62100.000000000000        8.9310107235674874     
   63000.000000000000        8.9287509088532104     
   63900.000000000000        8.9264552431902597     
   64800.000000000000        8.9241241231591530     
   65700.000000000000        8.9217534848467626     
   66600.000000000000        8.9193431429420205     
   67500.000000000000        8.9169001912591632     
   68400.000000000000        8.9144329511032296     
   69300.000000000000        8.9119437115533930     
   70200.000000000000        8.9094301063502463     
   71100.000000000000        8.9068922471811813     
   72000.000000000000        8.9043365094544722     
   72900.000000000000        8.9017710511396899     
   73800.000000000000        8.8991992510683797     
   74700.000000000000        8.8966200047131370     
   75600.000000000000        8.8940334987699821     
   76500.000000000000        8.8914449682146532     
   77400.000000000000        8.8888614291006558     
   78300.000000000000        8.8862857169258387     
   79200.000000000000        8.8837160453198898     
   80100.000000000000        8.8811509486435849     
   81000.000000000000        8.8785932610774427     
   81900.000000000000        8.8760481223910066     
   82800.000000000000        8.8735178258100529     
   83700.000000000000        8.8710008705644015     
   84600.000000000000        8.8684960529334642     
   85500.000000000000        8.8660061648042259     
   86400.000000000000        8.8635364969353638     
   87300.000000000000        8.8610901219608031     
   88200.000000000000        8.8586672470109047     
   89100.000000000000        8.8562820712923180     
   90000.000000000000        8.8540241324895366     
   90900.000000000000        8.8521417393493866     
   91800.000000000000        8.8510526603794144     
   92700.000000000000        8.8512481427534784     
   93600.000000000000        8.8531618173035298     
   94500.000000000000        8.8570808812037072     
   95400.000000000000        8.8631201393700483     
   96300.000000000000        8.8712416581011997     
   97200.000000000000        8.8812942128147281     
   98100.000000000000        8.8930516653089828     
   99000.000000000000        8.9062380303996616     
   99900.000000000000        8.9205480849801546     
   100800.00000000000        8.9356758169839381     
   101700.00000000000        8.9513432814273752     
   102600.00000000000        8.9673178389688886     
   103500.00000000000        8.9834155641727218     
   104400.00000000000        8.9994915796485504     
   105300.00000000000        9.0154192810239948     
   106200.00000000000        9.0310772386392859     
   107100.00000000000        9.0463567614841747     
   108000.00000000000        9.0611769678821403     
   108900.00000000000        9.0754909087511049     
   109800.00000000000        9.0892772650078317     
   110700.00000000000        9.1025191984727396     
   111600.00000000000        9.1151922377933854     
   112500.00000000000        9.1272728741347375     
   113400.00000000000        9.1387534034516502     
   114300.00000000000        9.1496480852183364     
   115200.00000000000        9.1599903237136360     
   116100.00000000000        9.1698209526968490     
   117000.00000000000        9.1791688827498863     
   117900.00000000000        9.1880422591386264     
   118800.00000000000        9.1964402310128666     
   119700.00000000000        9.2043701301826601     
   120600.00000000000        9.2118556333386081     
   121500.00000000000        9.2189354889415895     
   122400.00000000000        9.2256572825815404     
   123300.00000000000        9.2320666150356683     
   124200.00000000000        9.2381911689131311     
   125100.00000000000        9.2440345665785788     
   126000.00000000000        9.2495885866709102     
   126900.00000000000        9.2548501798406217     
   127800.00000000000        9.2598304030636669     
   128700.00000000000        9.2645539567713815     
   129600.00000000000        9.2690504121696318     
   130500.00000000000        9.2733384720751744     
   131400.00000000000        9.2774181237792988     
   132300.00000000000        9.2812802891273343     
   133200.00000000000        9.2849219755523080     
   134100.00000000000        9.2883540427245617     
   135000.00000000000        9.2916000341699867     
   135900.00000000000        9.2946877058377435     
   136800.00000000000        9.2976348616285218     
   137700.00000000000        9.3004416705786870     
   138600.00000000000        9.3030988117899458     
   139500.00000000000        9.3056009941494153     
   140400.00000000000        9.3079517043775546     
   141300.00000000000        9.3101548632009354     
   142200.00000000000        9.3122065472831075     
   143100.00000000000        9.3140991107812194     
   144000.00000000000        9.3158312188156778     
   144900.00000000000        9.3174111507315889     
   145800.00000000000        9.3188487611922692     
   146700.00000000000        9.3201471413669683     
   147600.00000000000        9.3213051272955685     
   148500.00000000000        9.3223256996854520     
   149400.00000000000        9.3232192849394586     
   150300.00000000000        9.3239970174020961     
   151200.00000000000        9.3246630009018485     
   152100.00000000000        9.3252163512467892     
   153000.00000000000        9.3256593623747683     
   153900.00000000000        9.3260014397218267     
   154800.00000000000        9.3262536103301965     
   155700.00000000000        9.3264210878452207     
   156600.00000000000        9.3265040544241273     
   157500.00000000000        9.3265046252566446     
   158400.00000000000        9.3264310218420245     
   159300.00000000000        9.3262935302783898     
   160200.00000000000        9.3260978338126854     
   161100.00000000000        9.3258448634958615     
   162000.00000000000        9.3255364269879699     
   162900.00000000000        9.3251792416783541     
   163800.00000000000        9.3247820038556952     
   164700.00000000000        9.3243493596638363     
   165600.00000000000        9.3238811149581053     
   166500.00000000000        9.3233770496530450     
   167400.00000000000        9.3228411084216134     
   168300.00000000000        9.3222796819893219     
   169200.00000000000        9.3216964267767164     
   170100.00000000000        9.3210910541466401     
   171000.00000000000        9.3204633181631440     
   171900.00000000000        9.3198168843140614     
   172800.00000000000        9.3191580495318291     
   173700.00000000000        9.3184910077740497     
   174600.00000000000        9.3178161775882735     
   175500.00000000000        9.3171333597390475     
   176400.00000000000        9.3164454288466221     
   177300.00000000000        9.3157577366341382     
   178200.00000000000        9.3150740298713828     
   179100.00000000000        9.3143945097971184     
   180000.00000000000        9.3137181834285308     
   180900.00000000000        9.3130467021974592     
   181800.00000000000        9.3123863033436187     
   182700.00000000000        9.3117457891976798     
   183600.00000000000        9.3111319243730968     
   184500.00000000000        9.3105470143583098     
   185400.00000000000        9.3099907457913922     
   186300.00000000000        9.3094635528377410     
   187200.00000000000        9.3089674088429231     
   188100.00000000000        9.3085033914930317     
   189000.00000000000        9.3080698009922980     
   189900.00000000000        9.3076631075000176     
   190800.00000000000        9.3072793619104921     
   191700.00000000000        9.3069138866588172     
   192600.00000000000        9.3065609791733959     
   193500.00000000000        9.3062155578455403     
   194400.00000000000        9.3058753979657940     
   195300.00000000000        9.3055415794802645     
   196200.00000000000        9.3052162730803136     
   197100.00000000000        9.3049005506636870     
   198000.00000000000        9.3045946004745606     
   198900.00000000000        9.3042994191723469     
   199800.00000000000        9.3040177341746233     
   200700.00000000000        9.3037526652774307     
   201600.00000000000        9.3035059710771186     
   202500.00000000000        9.3032780760349816     
   203400.00000000000        9.3030698765153677     
   204300.00000000000        9.3028844252316301     
   205200.00000000000        9.3027270697033320     
   206100.00000000000        9.3026034358476686     
   207000.00000000000        9.3025171587779205     
   207900.00000000000        9.3024695126824266     
   208800.00000000000        9.3024606668698286     
   209700.00000000000        9.3024909982225203     
   210600.00000000000        9.3025607993721664     
   211500.00000000000        9.3026692412694665     
   212400.00000000000        9.3028143478546745     
   213300.00000000000        9.3029940128989388     
   214200.00000000000        9.3032070272361160     
   215100.00000000000        9.3034527271176000     
   216000.00000000000        9.3037299251714511     
   216900.00000000000        9.3040366764081774     
   217800.00000000000        9.3043710429399198     
   218700.00000000000        9.3047320712497541     
   219600.00000000000        9.3051195910997606     
   220500.00000000000        9.3055332129874415     
   221400.00000000000        9.3059719053378629     
   222300.00000000000        9.3064344788992557     
   223200.00000000000        9.3069204716113525     
   224100.00000000000        9.3074300967692611     
   225000.00000000000        9.3079635111919323     
   225900.00000000000        9.3085201956054924     
   226800.00000000000        9.3090990915132537     
   227700.00000000000        9.3096986672336435     
   228600.00000000000        9.3103167298931222     
   229500.00000000000        9.3109505948831508     
   230400.00000000000        9.3115977319685790     
   231300.00000000000        9.3122566745085269     
   232200.00000000000        9.3129271269432277     
   233100.00000000000        9.3136093869516081     
   234000.00000000000        9.3143036339004404     
   234900.00000000000        9.3150098512795552     
   235800.00000000000        9.3157277915179595     
   236700.00000000000        9.3164568435406672     
   237600.00000000000        9.3171958563340631     
   238500.00000000000        9.3179434337337081     
   239400.00000000000        9.3186982426829896     
   240300.00000000000        9.3194588886633749     
   241200.00000000000        9.3202237878041725     
   242100.00000000000        9.3209909653204708     
   243000.00000000000        9.3217580167744387     
   243900.00000000000        9.3225221713561730     
   244800.00000000000        9.3232808216059535     
   245700.00000000000        9.3240319473081481     
   246600.00000000000        9.3247742965431737     
   247500.00000000000        9.3255072091138214     
   248400.00000000000        9.3262306607427679     
   249300.00000000000        9.3269452288146741     
   250200.00000000000        9.3276519962664022     
   251100.00000000000        9.3283522432725725     
   252000.00000000000        9.3290474433103299     
   252900.00000000000        9.3297392452523944     
   253800.00000000000        9.3304294473886742     
   254700.00000000000        9.3311197542082454     
   255600.00000000000        9.3318118166594530     
   256500.00000000000        9.3325072805444744     
   257400.00000000000        9.3332077480677267     
   258300.00000000000        9.3339147607365831     
   259200.00000000000        9.3346297479366278     
   260100.00000000000        9.3353543254815108     
   261000.00000000000        9.3360904822585198     
   261900.00000000000        9.3368406221093085     
   262800.00000000000        9.3376072326452171     
   263700.00000000000        9.3383927281983912     
   264600.00000000000        9.3391993012127568     
   265500.00000000000        9.3400288957122939     
   266400.00000000000        9.3408830120945385     
   267300.00000000000        9.3417627503121690     
   268200.00000000000        9.3426688495842463     
   269100.00000000000        9.3436018181804776     
   270000.00000000000        9.3445618549819898     
   270900.00000000000        9.3455489516349139     
   271800.00000000000        9.3465629666900902     
   272700.00000000000        9.3476036763633559     
   273600.00000000000        9.3486708477708156     
   274500.00000000000        9.3497641773752616     
   275400.00000000000        9.3508834789362094     
   276300.00000000000        9.3520288214956810     
   277200.00000000000        9.3532006638185816     
   278100.00000000000        9.3543996875686233     
   279000.00000000000        9.3556267185008437     
   279900.00000000000        9.3568825984505306     
   280800.00000000000        9.3581680762415651     
   281700.00000000000        9.3594837713690229     
   282600.00000000000        9.3608300334485506     
   283500.00000000000        9.3622070539035125     
   284400.00000000000        9.3636149851694057     
   285300.00000000000        9.3650540332326866     
   286200.00000000000        9.3665245264193313     
   287100.00000000000        9.3680267841100466     
   288000.00000000000        9.3695611567634547     
   288900.00000000000        9.3711280463382920     
   289800.00000000000        9.3727279138505839     
   290700.00000000000        9.3743612889792143     
   291600.00000000000        9.3760286038581828     
   292500.00000000000        9.3777302034709695     
   293400.00000000000        9.3794663570403447     
   294300.00000000000        9.3812372871520946     
   295200.00000000000        9.3830432227842575     
   296100.00000000000        9.3848842818700486     
   297000.00000000000        9.3867605022242362     
   297900.00000000000        9.3886718539259419     
   298800.00000000000        9.3906182769639592     
   299700.00000000000        9.3925996694651950     
   300600.00000000000        9.3946159045370088     
   301500.00000000000        9.3966667395019101     
   302400.00000000000        9.3987519103189978     
   303300.00000000000        9.4008712128876191     
   304200.00000000000        9.4030245799062637     
   305100.00000000000        9.4052120701146062     
   306000.00000000000        9.4074338452819912     
   306900.00000000000        9.4096900189526327     
   307800.00000000000        9.4119806724459671     
   308700.00000000000        9.4143058725312692     
   309600.00000000000        9.4166657135922716     
   310500.00000000000        9.4190603064177729     
   311400.00000000000        9.4214897715268009     
   312300.00000000000        9.4239541134707583     
   313200.00000000000        9.4264532465307838     
   314100.00000000000        9.4289870195901013     
   315000.00000000000        9.4315552689781477     
   315900.00000000000        9.4341578383202460     
   316800.00000000000        9.4367945399926985     
   317700.00000000000        9.4394651511135823     
   318600.00000000000        9.4421693377158338     
   319500.00000000000        9.4449067343237445     
   320400.00000000000        9.4476770120924751     
   321300.00000000000        9.4504799497824141     
   322200.00000000000        9.4533154418861063     
   323100.00000000000        9.4561834911955938     
   324000.00000000000        9.4590840774728431     
   324900.00000000000        9.4620171394997374     
   325800.00000000000        9.4649825539087296     
   326700.00000000000        9.4679801518176916     
   327600.00000000000        9.4710097277993253     
   328500.00000000000        9.4740710214705022     
   329400.00000000000        9.4771636774437500     
   330300.00000000000        9.4802872674905068     
   331200.00000000000        9.4834412693596519     
   332100.00000000000        9.4866251729366677     
   333000.00000000000        9.4898385628279645     
   333900.00000000000        9.4930811909369606     
   334800.00000000000        9.4963529955810113     
   335700.00000000000        9.4996540579827329     
   336600.00000000000        9.5029845214495605     
   337500.00000000000        9.5063445083928144     
   338400.00000000000        9.5097341150531225     
   339300.00000000000        9.5131533795278518     
   340200.00000000000        9.5166023645525417     
   341100.00000000000        9.5200812155917287     
   342000.00000000000        9.5235902075488443     
   342900.00000000000        9.5271297439232967     
   343800.00000000000        9.5307003010000599     
   344700.00000000000        9.5343023391960262     
   345600.00000000000        9.5379362206819653     
   346500.00000000000        9.5416021665609900     
   347400.00000000000        9.5453002595669503     
   348300.00000000000        9.5490305240077635     
   349200.00000000000        9.5527929637274713     
   350100.00000000000        9.5565876691892857     
   351000.00000000000        9.5604148744100748     
   351900.00000000000        9.5642749845127977     
   352800.00000000000        9.5681685517330717     
   353700.00000000000        9.5720961993074525     
   354600.00000000000        9.5760585155661442     
   355500.00000000000        9.5800559489969075     
   356400.00000000000        9.5840887713676910     
   357300.00000000000        9.5881570347594849     
   358200.00000000000        9.5922606343487029     
   359100.00000000000        9.5963993689045743     
   360000.00000000000        9.6005730062692365     
   360900.00000000000        9.6047813198795566     
   361800.00000000000        9.6090240817392019     
   362700.00000000000        9.6133010151300464     
   363600.00000000000        9.6176117646009907     
   364500.00000000000        9.6219558333058739     
   365400.00000000000        9.6263326080561757     
   366300.00000000000        9.6307413911861364     
   367200.00000000000        9.6351814521497570     
   368100.00000000000        9.6396520672031087     
   369000.00000000000        9.6441525281251401     
   369900.00000000000        9.6486821206411655     
   370800.00000000000        9.6532400870182098     
   371700.00000000000        9.6578256240886606     
   372600.00000000000        9.6624378637015091     
   373500.00000000000        9.6670759281883427     
   374400.00000000000        9.6717389807371603     
   375300.00000000000        9.6764262786717730     
   376200.00000000000        9.6811372033294862     
   377100.00000000000        9.6858712530145770     
   378000.00000000000        9.6906280025485465     
   378900.00000000000        9.6954070486779163     
   379800.00000000000        9.7002079651809794     
   380700.00000000000        9.7050302842465879     
   381600.00000000000        9.7098735083135832     
   382500.00000000000        9.7147371461864864     
   383400.00000000000        9.7196207621419255     
   384300.00000000000        9.7245240265431114     
   385200.00000000000        9.7294467591340155     
   386100.00000000000        9.7343889597224162     
   387000.00000000000        9.7393508241675768     
   387900.00000000000        9.7443327460179887     
   388800.00000000000        9.7493353057580485     
   389700.00000000000        9.7543592505380001     
   390600.00000000000        9.7594054676436333     
   391500.00000000000        9.7644749549166967     
   392400.00000000000        9.7695687909163542     
   393300.00000000000        9.7746881068716309     
   394200.00000000000        9.7798340615679855     
   395100.00000000000        9.7850078194914616     
   396000.00000000000        9.7902105320302368     
   396900.00000000000        9.7954433213246439     
   397800.00000000000        9.8007072664066470     
   398700.00000000000        9.8060033914921743     
   399600.00000000000        9.8113326565208183     
   400500.00000000000        9.8166959500180617     
   401400.00000000000        9.8220940840334521     
   402300.00000000000        9.8275277906061618     
   403200.00000000000        9.8329977193188576     
   404100.00000000000        9.8385044331758653     
   405000.00000000000        9.8440484120811806     
   405900.00000000000        9.8496300626144535     
   406800.00000000000        9.8552497076093992     
   407700.00000000000        9.8609075967050988     
   408600.00000000000        9.8666039114228177     
   409500.00000000000        9.8723387700644363     
   410400.00000000000        9.8781122322393191     
   411300.00000000000        9.8839243030919128     
   412200.00000000000        9.8897749372948933     
   413100.00000000000        9.8956640427079279     
   414000.00000000000        9.9015914835533412     
   414900.00000000000        9.9075570830982844     
   415800.00000000000        9.9135606260198230     
   416700.00000000000        9.9196018608014782     
   417600.00000000000        9.9256805024315966     
   418500.00000000000        9.9317962353521825     
   419400.00000000000        9.9379487162391129     
   420300.00000000000        9.9441375761867050     
   421200.00000000000        9.9503624222395111     
   422100.00000000000        9.9566228385881459     
   423000.00000000000        9.9629183878082888     
   423900.00000000000        9.9692486122991806     
   424800.00000000000        9.9756130358308006     
   425700.00000000000        9.9820111649717180     
   426600.00000000000        9.9884424901930533     
   427500.00000000000        9.9949064865554291     
   428400.00000000000        10.001402613933262     
   429300.00000000000        10.007930316915308     
   430200.00000000000        10.014489024551443     
   431100.00000000000        10.021078150263682     
   432000.00000000000        10.027697092260150     
   432900.00000000000        10.034345234786759     
   433800.00000000000        10.041021950530759     
   434700.00000000000        10.047726604365009     
   435600.00000000000        10.054458561358878     
   436500.00000000000        10.061217181732276     
   437400.00000000000        10.068001836476659     
   438300.00000000000        10.074811905902932     
   439200.00000000000        10.081646780254900     
   440100.00000000000        10.088505858758534     
   441000.00000000000        10.095388547945113     
   441900.00000000000        10.102294260050403     
   442800.00000000000        10.109222411982095     
   443700.00000000000        10.116172424998732     
   444600.00000000000        10.123143724993817     
   445500.00000000000        10.130135743166994     
   446400.00000000000        10.137147916851378     
   447300.00000000000        10.144179690323204     
   448200.00000000000        10.151230515481622     
   449100.00000000000        10.158299852352270     
   450000.00000000000        10.165387169409906     
   450900.00000000000        10.172491943741347     
   451800.00000000000        10.179613661082334     
   452700.00000000000        10.186751815762893     
   453600.00000000000        10.193905910591996     
   454500.00000000000        10.201075456707233     
   455400.00000000000        10.208259973406653     
   456300.00000000000        10.215458987975957     
   457200.00000000000        10.222672035518398     
   458100.00000000000        10.229898658791557     
   459000.00000000000        10.237138408053145     
   459900.00000000000        10.244390840915665     
   460800.00000000000        10.251655522210152     
   461700.00000000000        10.258932023857451     
   462600.00000000000        10.266219924746924     
   463500.00000000000        10.273518810621054     
   464400.00000000000        10.280828273965767     
   465300.00000000000        10.288147913905677     
   466200.00000000000        10.295477336104140     
   467100.00000000000        10.302816152667562     
   468000.00000000000        10.310163982054108     
   468900.00000000000        10.317520448986365     
   469800.00000000000        10.324885184368286     
   470700.00000000000        10.332257825205598     
   471600.00000000000        10.339638014530566     
   472500.00000000000        10.347025401329770     
   473400.00000000000        10.354419640475705     
   474300.00000000000        10.361820392661489     
   475200.00000000000        10.369227324338519     
   476100.00000000000        10.376640107656732     
   477000.00000000000        10.384058420407463     
   477900.00000000000        10.391481945968220     
   478800.00000000000        10.398910373249610     
   479700.00000000000        10.406343396643321     
   480600.00000000000        10.413780715971567     
   481500.00000000000        10.421222036437683     
   482400.00000000000        10.428667068577067     
   483300.00000000000        10.436115528208852     
   484200.00000000000        10.443567136387582     
   485100.00000000000        10.451021619355009     
   486000.00000000000        10.458478708491722     
   486900.00000000000        10.465938140268403     
   487800.00000000000        10.473399656196634     
   488700.00000000000        10.480863002779177     
   489600.00000000000        10.488327931459576     
   490500.00000000000        10.495794198570872     
   491400.00000000000        10.503261565283681     
   492300.00000000000        10.510729797553466     
   493200.00000000000        10.518198666066692     
   494100.00000000000        10.525667946186580     
   495000.00000000000        10.533137417897420     
   495900.00000000000        10.540606865748593     
   496800.00000000000        10.548076078797424     
   497700.00000000000        10.555544850551479     
   498600.00000000000        10.563012978910079     
   499500.00000000000        10.570480266105065     
   500400.00000000000        10.577946518641017     
   501300.00000000000        10.585411547235067     
   502200.00000000000        10.592875166755903     
   503100.00000000000        10.600337196162595     
   504000.00000000000        10.607797458443073     
   504900.00000000000        10.615255780552168     
   505800.00000000000        10.622711993349439     
   506700.00000000000        10.630165931537169     
   507600.00000000000        10.637617433597690     
   508500.00000000000        10.645066341736214     
   509400.00000000000        10.652512501803121     
   510300.00000000000        10.659955763245165     
   511200.00000000000        10.667395979044452     
   512100.00000000000        10.674833005651420     
   513000.00000000000        10.682266702924007     
   513900.00000000000        10.689696934066481     
   514800.00000000000        10.697123565568825     
   515700.00000000000        10.704546467146292     
   516600.00000000000        10.711965511678954     
   517500.00000000000        10.719380575152870     
   518400.00000000000        10.726791536600725     
