-14715.0
-14616.9
-14518.8
-14420.7
-14322.6
-14224.5
-14126.4
-14028.3
-13930.2
-13832.1
-13734.0
-13635.9
-13537.8
-13439.7
-13341.6
-13243.5
-13145.4
-13047.3
-12949.2
-12851.1
-12753.0
-12654.9
-12556.8
-12458.7
-12360.6
-12262.5
-12164.4
-12066.3
-11968.2
-11870.1
-11772.0
-11673.9
-11575.8
-11477.7
-11379.6
-11281.5
-11183.4
-11085.3
-10987.2
-10889.1
-10791.0
-10692.9
-10594.8
-10496.7
-10398.6
-10300.5
-10202.4
-10104.3
-10006.2
-9908.1
-9810.0
-9711.9
-9613.8
-9515.7
-9417.6
-9319.5
-9221.4
-9123.3
-9025.2
-8927.1
-8829.0
-8730.9
-8632.8
-8534.7
-8436.6
-8338.5
-8240.4
-8142.3
-8044.2
-7946.1
-7848.0
-7749.9
-7651.8
-7553.7
-7455.6
-7357.5
-7259.4
-7161.3
-7063.2
-6965.1
-6867.0
-6768.9
-6670.8
-6572.7
-6474.6
-6376.5
-6278.4
-6180.3
-6082.2
-5984.1
-5886.0
-5787.9
-5689.8
-5591.7
-5493.6
-5395.5
-5297.4
-5199.3
-5101.2
-5003.1
-4905.0
-4806.9
-4708.8
-4610.7
-4512.6
-4414.5
-4316.4
-4218.3
-4120.2
-4022.1
-3924.0
-3825.9
-3727.8
-3629.7
-3531.6
-3433.5
-3335.4
-3237.3
-3139.2
-3041.1
