5.037000e+00
5.017000e+00
4.993000e+00
4.967000e+00
4.947000e+00
4.920000e+00
4.897000e+00
4.877000e+00
4.863000e+00
4.857000e+00
4.843000e+00
4.830000e+00
4.807000e+00
4.800000e+00
4.793000e+00
4.773000e+00
4.760000e+00
4.753000e+00
4.747000e+00
4.723000e+00
4.710000e+00
4.697000e+00
4.683000e+00
4.663000e+00
4.650000e+00
4.627000e+00
4.620000e+00
4.607000e+00
4.593000e+00
4.580000e+00
4.580000e+00
4.567000e+00
4.557000e+00
4.550000e+00
4.550000e+00
4.550000e+00
4.550000e+00
4.550000e+00
4.567000e+00
4.587000e+00
4.600000e+00
4.620000e+00
4.657000e+00
4.697000e+00
4.747000e+00
4.787000e+00
4.843000e+00
4.913000e+00
4.973000e+00
5.037000e+00
5.107000e+00
5.153000e+00
5.217000e+00
5.307000e+00
5.377000e+00
5.430000e+00
5.480000e+00
5.537000e+00
5.610000e+00
5.693000e+00
5.757000e+00
5.833000e+00
5.897000e+00
5.950000e+00
6
6.047000e+00
6.090000e+00
6.117000e+00
6.160000e+00
6.193000e+00
6.237000e+00
6.263000e+00
6.283000e+00
6.303000e+00
6.327000e+00
6.347000e+00
6.360000e+00
6.367000e+00
6.373000e+00
6.373000e+00
6.360000e+00
6.347000e+00
6.340000e+00
6.327000e+00
6.320000e+00
6.297000e+00
6.297000e+00
6.297000e+00
6.290000e+00
6.283000e+00
6.270000e+00
6.257000e+00
6.243000e+00
6.220000e+00
6.193000e+00
6.167000e+00
6.147000e+00
6.137000e+00
6.130000e+00
6.117000e+00
6.097000e+00
6.077000e+00
6.047000e+00
6.020000e+00
6
5.980000e+00
5.973000e+00
5.967000e+00
5.950000e+00
5.950000e+00
5.943000e+00
5.930000e+00
5.917000e+00
5.903000e+00
5.883000e+00
5.867000e+00
5.847000e+00
5.827000e+00
5.800000e+00
5.777000e+00
5.757000e+00
5.730000e+00
5.703000e+00
5.673000e+00
5.653000e+00
5.627000e+00
5.597000e+00
5.570000e+00
5.537000e+00
5.507000e+00
5.480000e+00
5.460000e+00
5.453000e+00
5.453000e+00
5.467000e+00
5.487000e+00
5.537000e+00
5.590000e+00
5.667000e+00
5.750000e+00
5.833000e+00
5.923000e+00
6.020000e+00
6.130000e+00
6.257000e+00
6.380000e+00
6.507000e+00
6.650000e+00
6.803000e+00
6.937000e+00
7.067000e+00
7.193000e+00
7.317000e+00
7.427000e+00
7.510000e+00
7.600000e+00
7.677000e+00
7.747000e+00
7.817000e+00
7.870000e+00
7.900000e+00
7.927000e+00
7.940000e+00
7.947000e+00
7.953000e+00
7.983000e+00
8.010000e+00
8.010000e+00
8.010000e+00
7.997000e+00
7.983000e+00
7.967000e+00
7.953000e+00
7.933000e+00
7.907000e+00
7.883000e+00
7.857000e+00
7.830000e+00
7.787000e+00
7.760000e+00
7.720000e+00
7.677000e+00
7.627000e+00
7.587000e+00
7.530000e+00
7.483000e+00
7.427000e+00
7.380000e+00
7.323000e+00
7.273000e+00
7.233000e+00
7.183000e+00
7.130000e+00
7.073000e+00
7.020000e+00
6.970000e+00
6.930000e+00
6.880000e+00
6.830000e+00
6.790000e+00
6.747000e+00
6.707000e+00
6.657000e+00
6.617000e+00
6.590000e+00
6.547000e+00
6.520000e+00
6.493000e+00
6.457000e+00
6.430000e+00
6.393000e+00
6.347000e+00
6.310000e+00
6.270000e+00
6.230000e+00
6.187000e+00
6.153000e+00
6.123000e+00
6.117000e+00
6.130000e+00
6.123000e+00
6.110000e+00
6.110000e+00
6.103000e+00
6.097000e+00
6.103000e+00
6.103000e+00
6.103000e+00
6.103000e+00
6.110000e+00
6.117000e+00
6.130000e+00
6.153000e+00
6.167000e+00
6.187000e+00
6.207000e+00
6.230000e+00
6.257000e+00
6.290000e+00
6.320000e+00
6.347000e+00
6.373000e+00
6.423000e+00
6.470000e+00
6.513000e+00
6.567000e+00
6.617000e+00
6.673000e+00
6.727000e+00
6.783000e+00
6.837000e+00
6.893000e+00
6.930000e+00
6.983000e+00
7.040000e+00
7.087000e+00
7.123000e+00
7.177000e+00
7.220000e+00
7.247000e+00
7.267000e+00
7.283000e+00
7.310000e+00
7.323000e+00
7.350000e+00
7.363000e+00
7.373000e+00
7.363000e+00
7.373000e+00
7.380000e+00
7.387000e+00
7.387000e+00
7.407000e+00
7.420000e+00
7.427000e+00
7.433000e+00
7.433000e+00
7.427000e+00
7.433000e+00
7.433000e+00
7.440000e+00
7.440000e+00
7.440000e+00
7.440000e+00
7.440000e+00
7.440000e+00
7.440000e+00
7.447000e+00
7.447000e+00
7.440000e+00
7.440000e+00
7.440000e+00
7.433000e+00
7.433000e+00
7.427000e+00
7.427000e+00
7.420000e+00
7.413000e+00
7.413000e+00
7.407000e+00
7.400000e+00
7.393000e+00
7.380000e+00
7.373000e+00
7.363000e+00
7.357000e+00
7.343000e+00
7.337000e+00
7.323000e+00
7.310000e+00
7.303000e+00
7.290000e+00
7.283000e+00
7.267000e+00
7.260000e+00
7.247000e+00
7.240000e+00
7.233000e+00
7.220000e+00
7.213000e+00
7.200000e+00
7.193000e+00
7.193000e+00
7.183000e+00
7.183000e+00
7.177000e+00
7.177000e+00
7.177000e+00
7.177000e+00
7.193000e+00
7.200000e+00
7.213000e+00
7.227000e+00
7.253000e+00
7.273000e+00
7.297000e+00
7.330000e+00
7.363000e+00
7.407000e+00
7.440000e+00
7.483000e+00
7.523000e+00
7.560000e+00
7.593000e+00
7.637000e+00
7.670000e+00
7.720000e+00
7.767000e+00
7.817000e+00
7.877000e+00
7.927000e+00
7.967000e+00
7.997000e+00
8.017000e+00
8.023000e+00
8.023000e+00
8.023000e+00
8.017000e+00
8.010000e+00
7.990000e+00
7.967000e+00
7.933000e+00
7.890000e+00
7.843000e+00
7.787000e+00
7.740000e+00
7.677000e+00
7.620000e+00
7.560000e+00
7.497000e+00
7.433000e+00
7.373000e+00
7.310000e+00
7.247000e+00
7.183000e+00
7.130000e+00
7.067000e+00
7.003000e+00
6.943000e+00
6.873000e+00
6.810000e+00
6.747000e+00
6.700000e+00
6.650000e+00
6.603000e+00
6.560000e+00
6.527000e+00
6.493000e+00
6.457000e+00
6.430000e+00
6.387000e+00
6.360000e+00
6.327000e+00
6.290000e+00
6.250000e+00
6.213000e+00
6.173000e+00
6.130000e+00
6.097000e+00
6.057000e+00
6.013000e+00
5.980000e+00
5.950000e+00
5.910000e+00
5.873000e+00
5.847000e+00
5.813000e+00
5.783000e+00
5.757000e+00
5.730000e+00
5.693000e+00
5.653000e+00
5.610000e+00
5.577000e+00
5.537000e+00
5.480000e+00
5.430000e+00
5.390000e+00
5.333000e+00
5.293000e+00
5.250000e+00
5.223000e+00
5.203000e+00
5.183000e+00
5.190000e+00
5.190000e+00
5.197000e+00
5.210000e+00
5.243000e+00
5.287000e+00
5.340000e+00
5.410000e+00
5.493000e+00
5.570000e+00
5.653000e+00
5.743000e+00
5.827000e+00
5.903000e+00
5.973000e+00
6.027000e+00
6.090000e+00
6.160000e+00
6.257000e+00
6.320000e+00
6.367000e+00
6.423000e+00
6.470000e+00
6.527000e+00
6.583000e+00
6.630000e+00
6.650000e+00
6.667000e+00
6.680000e+00
6.713000e+00
6.733000e+00
6.747000e+00
6.763000e+00
6.763000e+00
6.757000e+00
6.733000e+00
6.707000e+00
6.680000e+00
6.667000e+00
6.650000e+00
6.643000e+00
6.630000e+00
6.617000e+00
6.597000e+00
6.567000e+00
6.533000e+00
6.500000e+00
6.463000e+00
6.423000e+00
6.380000e+00
6.327000e+00
6.270000e+00
6.207000e+00
6.153000e+00
6.090000e+00
6.027000e+00
5.973000e+00
5.917000e+00
5.860000e+00
5.807000e+00
5.750000e+00
5.703000e+00
5.647000e+00
5.603000e+00
5.557000e+00
5.507000e+00
5.467000e+00
5.423000e+00
5.383000e+00
5.333000e+00
5.280000e+00
5.230000e+00
5.183000e+00
5.140000e+00
5.100000e+00
5.057000e+00
5.010000e+00
4.967000e+00
4.920000e+00
4.883000e+00
4.843000e+00
4.800000e+00
4.753000e+00
4.710000e+00
4.670000e+00
4.620000e+00
4.573000e+00
4.523000e+00
4.477000e+00
4.427000e+00
4.377000e+00
4.350000e+00
4.330000e+00
4.310000e+00
4.350000e+00
4.363000e+00
4.377000e+00
4.407000e+00
4.433000e+00
4.453000e+00
4.517000e+00
4.573000e+00
4.633000e+00
4.703000e+00
4.767000e+00
4.837000e+00
4.897000e+00
4.960000e+00
5.043000e+00
5.127000e+00
5.217000e+00
5.307000e+00
5.390000e+00
5.453000e+00
5.530000e+00
5.597000e+00
5.660000e+00
5.717000e+00
5.777000e+00
5.833000e+00
5.890000e+00
5.937000e+00
5.987000e+00
6.033000e+00
6.077000e+00
6.103000e+00
6.130000e+00
6.160000e+00
6.187000e+00
6.200000e+00
6.220000e+00
6.243000e+00
6.257000e+00
6.277000e+00
6.297000e+00
6.310000e+00
6.327000e+00
6.340000e+00
6.353000e+00
6.360000e+00
6.360000e+00
6.367000e+00
6.367000e+00
6.360000e+00
6.347000e+00
6.327000e+00
6.320000e+00
6.303000e+00
6.290000e+00
6.283000e+00
6.277000e+00
6.270000e+00
6.263000e+00
6.257000e+00
6.257000e+00
6.257000e+00
6.263000e+00
6.270000e+00
6.277000e+00
6.283000e+00
6.290000e+00
6.297000e+00
6.297000e+00
6.303000e+00
6.303000e+00
6.303000e+00
6.310000e+00
6.310000e+00
6.327000e+00
6.333000e+00
6.347000e+00
6.360000e+00
6.373000e+00
6.387000e+00
6.410000e+00
6.423000e+00
6.450000e+00
6.470000e+00
6.483000e+00
6.507000e+00
6.527000e+00
6.540000e+00
6.560000e+00
6.573000e+00
6.597000e+00
6.610000e+00
6.623000e+00
6.643000e+00
6.657000e+00
6.673000e+00
6.687000e+00
6.700000e+00
6.727000e+00
6.763000e+00
6.797000e+00
6.847000e+00
6.880000e+00
6.913000e+00
6.957000e+00
7.020000e+00
7.067000e+00
7.117000e+00
7.163000e+00
7.207000e+00
7.247000e+00
7.290000e+00
7.323000e+00
7.357000e+00
7.393000e+00
7.427000e+00
7.457000e+00
7.483000e+00
7.510000e+00
7.530000e+00
7.560000e+00
7.587000e+00
7.613000e+00
7.643000e+00
7.670000e+00
7.697000e+00
7.727000e+00
7.747000e+00
7.773000e+00
7.793000e+00
7.817000e+00
7.830000e+00
7.850000e+00
7.863000e+00
7.877000e+00
7.890000e+00
7.907000e+00
7.913000e+00
7.927000e+00
7.940000e+00
7.953000e+00
7.967000e+00
7.983000e+00
7.997000e+00
8.003000e+00
8.017000e+00
8.023000e+00
8.037000e+00
8.050000e+00
8.063000e+00
8.073000e+00
8.080000e+00
8.093000e+00
8.100000e+00
8.113000e+00
8.127000e+00
8.140000e+00
8.153000e+00
8.177000e+00
8.190000e+00
8.203000e+00
8.223000e+00
8.237000e+00
8.253000e+00
8.267000e+00
8.280000e+00
8.293000e+00
8.300000e+00
8.313000e+00
8.320000e+00
8.327000e+00
8.337000e+00
8.350000e+00
8.363000e+00
8.370000e+00
8.383000e+00
8.390000e+00
8.403000e+00
8.410000e+00
8.427000e+00
8.440000e+00
8.447000e+00
8.460000e+00
8.467000e+00
8.480000e+00
8.487000e+00
8.500000e+00
8.510000e+00
8.530000e+00
8.543000e+00
8.570000e+00
8.583000e+00
8.583000e+00
8.600000e+00
8.570000e+00
8.563000e+00
8.570000e+00
8.600000e+00
8.613000e+00
8.647000e+00
8.673000e+00
8.710000e+00
8.737000e+00
8.793000e+00
8.840000e+00
8.847000e+00
8.877000e+00
8.910000e+00
8.937000e+00
8.960000e+00
9.007000e+00
9.027000e+00
9.037000e+00
9.057000e+00
9.077000e+00
9.090000e+00
9.103000e+00
9.117000e+00
9.127000e+00
9.133000e+00
9.140000e+00
9.147000e+00
9.153000e+00
9.160000e+00
9.173000e+00
9.173000e+00
9.180000e+00
9.180000e+00
9.187000e+00
9.180000e+00
9.187000e+00
9.180000e+00
9.180000e+00
9.147000e+00
9.147000e+00
9.147000e+00
9.140000e+00
9.140000e+00
9.133000e+00
9.127000e+00
9.117000e+00
9.117000e+00
9.110000e+00
9.110000e+00
9.103000e+00
9.103000e+00
9.103000e+00
9.097000e+00
9.097000e+00
9.097000e+00
9.090000e+00
9.083000e+00
9.077000e+00
9.077000e+00
9.070000e+00
9.063000e+00
9.057000e+00
9.050000e+00
9.050000e+00
9.050000e+00
9.050000e+00
9.043000e+00
9.043000e+00
9.037000e+00
9.027000e+00
9.020000e+00
9.020000e+00
9.020000e+00
9.013000e+00
9.007000e+00
9
9
8.993000e+00
8.987000e+00
8.980000e+00
8.973000e+00
8.973000e+00
8.960000e+00
8.943000e+00
8.937000e+00
8.930000e+00
8.923000e+00
8.917000e+00
8.910000e+00
8.903000e+00
8.903000e+00
8.897000e+00
8.890000e+00
8.883000e+00
8.883000e+00
8.877000e+00
8.870000e+00
8.870000e+00
8.863000e+00
8.863000e+00
8.863000e+00
8.863000e+00
8.877000e+00
8.890000e+00
8.897000e+00
8.903000e+00
8.910000e+00
8.910000e+00
8.917000e+00
8.930000e+00
8.943000e+00
8.953000e+00
8.960000e+00
8.973000e+00
8.980000e+00
8.993000e+00
9
9.013000e+00
9.037000e+00
9.050000e+00
9.057000e+00
9.070000e+00
9.077000e+00
9.083000e+00
9.083000e+00
9.090000e+00
9.083000e+00
9.083000e+00
9.077000e+00
9.070000e+00
9.063000e+00
9.050000e+00
9.043000e+00
9.027000e+00
9.020000e+00
9.007000e+00
9
8.987000e+00
8.980000e+00
8.967000e+00
8.953000e+00
8.943000e+00
8.937000e+00
8.923000e+00
8.917000e+00
8.903000e+00
8.890000e+00
8.883000e+00
8.870000e+00
8.853000e+00
8.840000e+00
8.827000e+00
8.813000e+00
8.800000e+00
8.787000e+00
8.780000e+00
8.757000e+00
8.750000e+00
8.737000e+00
8.723000e+00
8.703000e+00
8.697000e+00
8.673000e+00
8.667000e+00
8.653000e+00
8.640000e+00
8.627000e+00
8.613000e+00
8.600000e+00
8.583000e+00
8.570000e+00
8.557000e+00
8.543000e+00
8.530000e+00
8.510000e+00
8.493000e+00
8.480000e+00
8.467000e+00
8.453000e+00
8.440000e+00
8.417000e+00
8.403000e+00
8.383000e+00
8.370000e+00
8.357000e+00
8.343000e+00
8.327000e+00
8.313000e+00
8.307000e+00
8.307000e+00
8.307000e+00
8.307000e+00
8.300000e+00
8.300000e+00
8.300000e+00
8.300000e+00
8.307000e+00
8.320000e+00
8.320000e+00
8.337000e+00
8.343000e+00
8.350000e+00
8.363000e+00
8.377000e+00
8.397000e+00
8.403000e+00
8.417000e+00
8.427000e+00
8.440000e+00
8.447000e+00
8.467000e+00
8.487000e+00
8.510000e+00
8.530000e+00
8.543000e+00
8.550000e+00
8.563000e+00
8.577000e+00
8.590000e+00
8.613000e+00
8.627000e+00
8.633000e+00
8.627000e+00
8.613000e+00
8.583000e+00
8.557000e+00
8.537000e+00
8.517000e+00
8.493000e+00
8.467000e+00
8.440000e+00
8.403000e+00
8.370000e+00
8.327000e+00
8.300000e+00
8.267000e+00
8.237000e+00
8.203000e+00
8.177000e+00
8.140000e+00
8.120000e+00
8.087000e+00
8.057000e+00
8.010000e+00
7.983000e+00
7.947000e+00
7.913000e+00
7.890000e+00
7.857000e+00
7.830000e+00
7.800000e+00
7.773000e+00
7.747000e+00
7.727000e+00
7.697000e+00
7.677000e+00
7.650000e+00
7.627000e+00
7.600000e+00
7.580000e+00
7.553000e+00
7.530000e+00
7.510000e+00
7.477000e+00
7.447000e+00
7.420000e+00
7.400000e+00
7.380000e+00
7.350000e+00
7.323000e+00
7.303000e+00
7.267000e+00
7.233000e+00
7.207000e+00
7.170000e+00
7.137000e+00
7.100000e+00
7.060000e+00
7.020000e+00
6.990000e+00
6.957000e+00
6.937000e+00
6.920000e+00
6.913000e+00
6.913000e+00
6.907000e+00
6.907000e+00
6.913000e+00
6.937000e+00
6.990000e+00
7.027000e+00
7.080000e+00
7.130000e+00
7.137000e+00
7.177000e+00
7.247000e+00
7.297000e+00
7.357000e+00
7.413000e+00
7.457000e+00
7.517000e+00
7.547000e+00
7.600000e+00
7.657000e+00
7.710000e+00
7.747000e+00
7.780000e+00
7.810000e+00
7.823000e+00
7.850000e+00
7.870000e+00
7.877000e+00
7.883000e+00
7.907000e+00
7.913000e+00
7.900000e+00
7.870000e+00
7.850000e+00
7.830000e+00
7.810000e+00
7.780000e+00
7.747000e+00
7.703000e+00
7.663000e+00
7.613000e+00
7.567000e+00
7.517000e+00
7.470000e+00
7.413000e+00
7.357000e+00
7.290000e+00
7.220000e+00
7.150000e+00
7.073000e+00
7.003000e+00
6.943000e+00
6.873000e+00
6.797000e+00
6.727000e+00
6.657000e+00
6.583000e+00
6.507000e+00
6.437000e+00
6.360000e+00
6.283000e+00
6.200000e+00
6.130000e+00
6.047000e+00
5.980000e+00
5.910000e+00
5.827000e+00
5.763000e+00
5.687000e+00
5.620000e+00
5.557000e+00
5.493000e+00
5.430000e+00
5.377000e+00
5.320000e+00
5.257000e+00
5.197000e+00
5.147000e+00
5.100000e+00
5.050000e+00
5.003000e+00
4.947000e+00
4.897000e+00
4.850000e+00
4.793000e+00
4.747000e+00
4.703000e+00
4.670000e+00
4.627000e+00
4.580000e+00
4.537000e+00
4.503000e+00
4.467000e+00
4.440000e+00
4.413000e+00
4.413000e+00
4.420000e+00
4.447000e+00
4.490000e+00
4.557000e+00
4.613000e+00
4.650000e+00
4.690000e+00
4.730000e+00
4.813000e+00
4.913000e+00
5.017000e+00
5.077000e+00
5.160000e+00
5.257000e+00
5.363000e+00
5.480000e+00
5.603000e+00
5.730000e+00
5.840000e+00
5.943000e+00
6.057000e+00
6.153000e+00
6.237000e+00
6.303000e+00
6.367000e+00
6.430000e+00
6.493000e+00
6.553000e+00
6.603000e+00
6.637000e+00
6.680000e+00
6.707000e+00
6.720000e+00
6.727000e+00
6.733000e+00
6.733000e+00
6.733000e+00
6.727000e+00
6.713000e+00
6.700000e+00
6.687000e+00
6.667000e+00
6.650000e+00
6.637000e+00
6.630000e+00
6.623000e+00
6.617000e+00
6.610000e+00
6.603000e+00
6.590000e+00
6.573000e+00
6.567000e+00
6.553000e+00
6.540000e+00
6.513000e+00
6.493000e+00
6.470000e+00
6.443000e+00
6.417000e+00
6.387000e+00
6.353000e+00
6.327000e+00
6.290000e+00
6.257000e+00
6.220000e+00
6.200000e+00
6.173000e+00
6.147000e+00
6.117000e+00
6.097000e+00
6.077000e+00
6.057000e+00
6.040000e+00
6.027000e+00
6.020000e+00
6.007000e+00
6.007000e+00
6
5.993000e+00
5.993000e+00
5.987000e+00
5.987000e+00
5.980000e+00
5.973000e+00
5.967000e+00
5.967000e+00
5.950000e+00
5.943000e+00
5.937000e+00
5.930000e+00
5.923000e+00
5.917000e+00
5.937000e+00
5.943000e+00
5.957000e+00
5.973000e+00
5.987000e+00
6
6.020000e+00
6.040000e+00
6.063000e+00
6.090000e+00
6.123000e+00
6.173000e+00
6.213000e+00
6.270000e+00
6.327000e+00
6.387000e+00
6.450000e+00
6.520000e+00
6.603000e+00
6.700000e+00
6.790000e+00
6.873000e+00
6.957000e+00
7.040000e+00
7.123000e+00
7.193000e+00
7.253000e+00
7.303000e+00
7.343000e+00
7.387000e+00
7.427000e+00
7.463000e+00
7.503000e+00
7.530000e+00
7.560000e+00
7.593000e+00
7.620000e+00
7.643000e+00
7.670000e+00
7.697000e+00
7.710000e+00
7.733000e+00
7.747000e+00
7.767000e+00
7.787000e+00
7.817000e+00
7.837000e+00
7.857000e+00
7.870000e+00
7.883000e+00
7.890000e+00
7.913000e+00
7.927000e+00
7.933000e+00
7.940000e+00
7.947000e+00
7.947000e+00
7.953000e+00
7.960000e+00
7.973000e+00
7.973000e+00
7.990000e+00
7.990000e+00
7.997000e+00
7.997000e+00
8.003000e+00
8.017000e+00
8.023000e+00
8.030000e+00
8.037000e+00
8.043000e+00
8.050000e+00
8.050000e+00
8.057000e+00
8.063000e+00
8.073000e+00
8.073000e+00
8.063000e+00
8.057000e+00
8.057000e+00
8.057000e+00
8.063000e+00
8.063000e+00
8.063000e+00
8.057000e+00
8.057000e+00
8.063000e+00
8.073000e+00
8.087000e+00
8.093000e+00
8.093000e+00
8.100000e+00
8.100000e+00
8.100000e+00
8.100000e+00
8.100000e+00
8.107000e+00
8.120000e+00
8.133000e+00
8.163000e+00
8.183000e+00
8.203000e+00
8.223000e+00
8.237000e+00
8.273000e+00
8.307000e+00
8.337000e+00
8.377000e+00
8.427000e+00
8.460000e+00
8.500000e+00
8.550000e+00
8.577000e+00
8.613000e+00
8.667000e+00
8.703000e+00
8.737000e+00
8.757000e+00
8.787000e+00
8.807000e+00
8.820000e+00
8.833000e+00
8.847000e+00
8.863000e+00
8.853000e+00
8.813000e+00
8.793000e+00
8.773000e+00
8.787000e+00
8.800000e+00
8.793000e+00
8.773000e+00
8.743000e+00
8.690000e+00
8.660000e+00
8.633000e+00
8.620000e+00
8.607000e+00
8.577000e+00
8.543000e+00
8.500000e+00
8.453000e+00
8.410000e+00
8.370000e+00
8.320000e+00
8.273000e+00
8.223000e+00
8.183000e+00
8.140000e+00
8.100000e+00
8.063000e+00
8.023000e+00
7.990000e+00
7.953000e+00
7.913000e+00
7.877000e+00
7.843000e+00
7.810000e+00
7.767000e+00
7.727000e+00
7.690000e+00
7.643000e+00
7.600000e+00
7.560000e+00
7.510000e+00
7.470000e+00
7.420000e+00
7.380000e+00
7.330000e+00
7.283000e+00
7.240000e+00
7.200000e+00
7.157000e+00
7.123000e+00
7.087000e+00
7.047000e+00
7.003000e+00
6.963000e+00
6.930000e+00
6.887000e+00
6.860000e+00
6.823000e+00
6.797000e+00
6.763000e+00
6.727000e+00
6.687000e+00
6.650000e+00
6.610000e+00
6.573000e+00
6.540000e+00
6.513000e+00
6.477000e+00
6.450000e+00
6.430000e+00
6.410000e+00
6.387000e+00
6.380000e+00
6.367000e+00
6.360000e+00
6.360000e+00
6.353000e+00
6.347000e+00
6.347000e+00
6.333000e+00
6.327000e+00
6.320000e+00
6.303000e+00
6.290000e+00
6.283000e+00
6.283000e+00
6.303000e+00
6.320000e+00
6.347000e+00
6.393000e+00
6.430000e+00
6.457000e+00
6.493000e+00
6.553000e+00
6.573000e+00
6.610000e+00
6.650000e+00
6.693000e+00
6.733000e+00
6.783000e+00
6.797000e+00
6.817000e+00
6.847000e+00
6.867000e+00
6.873000e+00
6.893000e+00
6.900000e+00
6.907000e+00
6.907000e+00
6.900000e+00
6.887000e+00
6.867000e+00
6.837000e+00
6.817000e+00
6.803000e+00
6.790000e+00
6.783000e+00
6.783000e+00
6.790000e+00
6.790000e+00
6.797000e+00
6.797000e+00
6.803000e+00
6.810000e+00
6.810000e+00
6.810000e+00
6.803000e+00
6.790000e+00
6.777000e+00
6.757000e+00
6.733000e+00
6.713000e+00
6.693000e+00
6.673000e+00
6.643000e+00
6.623000e+00
6.590000e+00
6.567000e+00
6.547000e+00
6.527000e+00
6.507000e+00
6.483000e+00
6.470000e+00
6.457000e+00
6.443000e+00
6.430000e+00
6.417000e+00
6.400000e+00
6.393000e+00
6.393000e+00
6.387000e+00
6.380000e+00
6.380000e+00
6.373000e+00
6.367000e+00
6.367000e+00
6.360000e+00
6.353000e+00
6.353000e+00
6.353000e+00
6.347000e+00
6.347000e+00
6.340000e+00
6.340000e+00
6.340000e+00
6.347000e+00
6.347000e+00
6.353000e+00
6.360000e+00
6.373000e+00
6.387000e+00
6.400000e+00
6.423000e+00
6.450000e+00
6.470000e+00
6.500000e+00
6.520000e+00
6.547000e+00
6.567000e+00
6.597000e+00
6.623000e+00
6.650000e+00
6.680000e+00
6.713000e+00
6.747000e+00
6.783000e+00
6.810000e+00
6.837000e+00
6.873000e+00
6.893000e+00
6.920000e+00
6.937000e+00
6.957000e+00
6.977000e+00
6.990000e+00
7.010000e+00
7.033000e+00
7.053000e+00
7.080000e+00
7.100000e+00
7.130000e+00
7.157000e+00
7.183000e+00
7.220000e+00
7.253000e+00
7.283000e+00
7.317000e+00
7.357000e+00
7.400000e+00
7.440000e+00
7.490000e+00
7.537000e+00
7.573000e+00
7.607000e+00
7.657000e+00
7.753000e+00
7.823000e+00
7.857000e+00
7.877000e+00
7.920000e+00
7.947000e+00
7.947000e+00
7.913000e+00
7.857000e+00
7.773000e+00
7.677000e+00
7.607000e+00
7.530000e+00
7.433000e+00
7.380000e+00
7.343000e+00
7.310000e+00
7.260000e+00
7.220000e+00
7.200000e+00
7.157000e+00
7.130000e+00
7.110000e+00
7.080000e+00
7.087000e+00
7.073000e+00
7.047000e+00
7.020000e+00
6.990000e+00
6.977000e+00
6.957000e+00
6.943000e+00
6.930000e+00
6.913000e+00
6.893000e+00
6.880000e+00
6.867000e+00
6.853000e+00
6.837000e+00
6.817000e+00
6.810000e+00
6.790000e+00
6.763000e+00
6.747000e+00
6.727000e+00
6.707000e+00
6.687000e+00
6.667000e+00
6.657000e+00
6.643000e+00
6.623000e+00
6.623000e+00
6.617000e+00
6.617000e+00
6.617000e+00
6.623000e+00
6.630000e+00
6.643000e+00
6.657000e+00
6.687000e+00
6.713000e+00
6.747000e+00
6.790000e+00
6.830000e+00
6.880000e+00
6.930000e+00
6.977000e+00
7.027000e+00
7.073000e+00
7.110000e+00
7.150000e+00
7.177000e+00
7.220000e+00
7.253000e+00
7.290000e+00
7.323000e+00
7.363000e+00
7.413000e+00
7.457000e+00
7.497000e+00
7.530000e+00
7.560000e+00
7.580000e+00
7.600000e+00
7.627000e+00
7.650000e+00
7.670000e+00
7.677000e+00
7.683000e+00
7.690000e+00
7.697000e+00
7.690000e+00
7.683000e+00
7.670000e+00
7.657000e+00
7.637000e+00
7.613000e+00
7.593000e+00
7.567000e+00
7.537000e+00
7.510000e+00
7.477000e+00
7.440000e+00
7.400000e+00
7.357000e+00
7.323000e+00
7.283000e+00
7.247000e+00
7.213000e+00
7.177000e+00
7.137000e+00
7.100000e+00
7.067000e+00
7.040000e+00
7.010000e+00
6.977000e+00
6.950000e+00
6.920000e+00
6.893000e+00
6.873000e+00
6.847000e+00
6.823000e+00
6.803000e+00
6.783000e+00
6.770000e+00
6.757000e+00
6.740000e+00
6.727000e+00
6.720000e+00
6.707000e+00
6.700000e+00
6.693000e+00
6.680000e+00
6.680000e+00
6.673000e+00
6.667000e+00
6.657000e+00
6.657000e+00
6.657000e+00
6.650000e+00
6.650000e+00
6.643000e+00
6.643000e+00
6.643000e+00
6.643000e+00
6.643000e+00
6.650000e+00
6.667000e+00
6.673000e+00
6.687000e+00
6.707000e+00
6.727000e+00
6.747000e+00
6.777000e+00
6.803000e+00
6.837000e+00
6.873000e+00
6.907000e+00
6.957000e+00
6.997000e+00
7.040000e+00
7.080000e+00
7.123000e+00
7.163000e+00
7.220000e+00
7.267000e+00
7.330000e+00
7.393000e+00
7.457000e+00
7.510000e+00
7.567000e+00
7.627000e+00
7.683000e+00
7.740000e+00
7.793000e+00
7.837000e+00
7.940000e+00
8.023000e+00
8.127000e+00
8.177000e+00
8.183000e+00
8.223000e+00
8.293000e+00
8.350000e+00
8.357000e+00
8.357000e+00
8.350000e+00
8.337000e+00
8.313000e+00
8.300000e+00
8.293000e+00
8.307000e+00
8.287000e+00
8.300000e+00
8.300000e+00
8.293000e+00
8.300000e+00
8.293000e+00
8.300000e+00
8.300000e+00
8.293000e+00
8.293000e+00
8.293000e+00
8.293000e+00
8.300000e+00
8.293000e+00
8.293000e+00
8.293000e+00
8.280000e+00
8.280000e+00
8.273000e+00
8.267000e+00
8.260000e+00
8.253000e+00
8.237000e+00
8.217000e+00
8.203000e+00
8.197000e+00
8.183000e+00
8.170000e+00
8.153000e+00
8.147000e+00
8.133000e+00
8.120000e+00
8.107000e+00
8.093000e+00
8.080000e+00
8.063000e+00
8.057000e+00
8.043000e+00
8.030000e+00
8.017000e+00
8.010000e+00
7.997000e+00
7.990000e+00
7.983000e+00
7.973000e+00
7.967000e+00
7.960000e+00
7.953000e+00
7.953000e+00
7.947000e+00
7.947000e+00
7.947000e+00
7.947000e+00
7.947000e+00
7.947000e+00
7.947000e+00
7.953000e+00
7.960000e+00
7.967000e+00
7.983000e+00
7.990000e+00
8.003000e+00
8.017000e+00
8.023000e+00
8.030000e+00
8.043000e+00
8.057000e+00
8.073000e+00
8.087000e+00
8.093000e+00
8.107000e+00
8.120000e+00
8.127000e+00
8.133000e+00
8.133000e+00
8.140000e+00
8.147000e+00
8.147000e+00
8.147000e+00
8.140000e+00
8.140000e+00
8.140000e+00
8.133000e+00
8.127000e+00
8.120000e+00
8.107000e+00
8.100000e+00
8.087000e+00
8.063000e+00
8.043000e+00
8.023000e+00
7.997000e+00
7.960000e+00
7.927000e+00
7.883000e+00
7.843000e+00
7.793000e+00
7.753000e+00
7.710000e+00
7.670000e+00
7.627000e+00
7.587000e+00
7.553000e+00
7.517000e+00
7.483000e+00
7.447000e+00
7.413000e+00
7.387000e+00
7.350000e+00
7.330000e+00
7.310000e+00
7.283000e+00
7.260000e+00
7.240000e+00
7.227000e+00
7.207000e+00
7.193000e+00
7.177000e+00
7.163000e+00
7.150000e+00
7.130000e+00
7.123000e+00
7.100000e+00
7.087000e+00
7.073000e+00
7.053000e+00
7.033000e+00
7.020000e+00
6.997000e+00
6.977000e+00
6.963000e+00
6.943000e+00
6.930000e+00
6.913000e+00
6.900000e+00
6.887000e+00
6.867000e+00
6.853000e+00
6.837000e+00
6.823000e+00
6.810000e+00
6.797000e+00
6.790000e+00
6.783000e+00
6.777000e+00
6.777000e+00
6.777000e+00
6.777000e+00
6.783000e+00
6.783000e+00
6.783000e+00
6.777000e+00
6.777000e+00
6.777000e+00
6.777000e+00
6.777000e+00
6.770000e+00
6.763000e+00
6.763000e+00
6.757000e+00
6.757000e+00
6.763000e+00
6.770000e+00
6.777000e+00
6.783000e+00
6.797000e+00
6.810000e+00
6.823000e+00
6.830000e+00
6.847000e+00
6.860000e+00
6.880000e+00
6.913000e+00
6.943000e+00
6.963000e+00
6.983000e+00
6.997000e+00
7.010000e+00
7.020000e+00
7.033000e+00
7.047000e+00
7.067000e+00
7.080000e+00
7.087000e+00
7.080000e+00
7.073000e+00
7.067000e+00
7.047000e+00
7.027000e+00
7.010000e+00
6.997000e+00
6.977000e+00
6.957000e+00
6.943000e+00
6.930000e+00
6.913000e+00
6.893000e+00
6.873000e+00
6.860000e+00
6.830000e+00
6.817000e+00
6.790000e+00
6.770000e+00
6.757000e+00
6.733000e+00
6.727000e+00
6.720000e+00
6.707000e+00
6.700000e+00
6.687000e+00
6.673000e+00
6.667000e+00
6.657000e+00
6.650000e+00
6.650000e+00
6.643000e+00
6.643000e+00
6.643000e+00
6.637000e+00
6.637000e+00
6.637000e+00
6.637000e+00
6.637000e+00
6.637000e+00
6.630000e+00
6.630000e+00
6.630000e+00
6.630000e+00
6.630000e+00
6.630000e+00
6.630000e+00
6.623000e+00
6.617000e+00
6.610000e+00
6.603000e+00
6.603000e+00
6.597000e+00
6.597000e+00
6.603000e+00
6.603000e+00
6.610000e+00
6.617000e+00
6.623000e+00
6.630000e+00
6.637000e+00
6.643000e+00
6.657000e+00
6.673000e+00
6.687000e+00
6.693000e+00
6.707000e+00
6.713000e+00
6.727000e+00
6.733000e+00
6.747000e+00
6.757000e+00
6.763000e+00
6.777000e+00
6.783000e+00
6.797000e+00
6.817000e+00
6.837000e+00
6.867000e+00
6.887000e+00
6.907000e+00
6.937000e+00
6.963000e+00
6.983000e+00
7.003000e+00
7.020000e+00
7.040000e+00
7.060000e+00
7.080000e+00
7.100000e+00
7.117000e+00
7.137000e+00
7.150000e+00
7.157000e+00
7.163000e+00
7.157000e+00
7.137000e+00
7.110000e+00
7.087000e+00
7.073000e+00
7.060000e+00
7.040000e+00
7.027000e+00
7.003000e+00
6.990000e+00
6.970000e+00
6.950000e+00
6.930000e+00
6.907000e+00
6.893000e+00
6.873000e+00
6.853000e+00
6.830000e+00
6.810000e+00
6.777000e+00
6.747000e+00
6.733000e+00
6.713000e+00
6.693000e+00
6.680000e+00
6.667000e+00
6.650000e+00
6.637000e+00
6.630000e+00
6.630000e+00
6.623000e+00
6.623000e+00
6.623000e+00
6.623000e+00
6.623000e+00
6.623000e+00
6.630000e+00
6.630000e+00
6.637000e+00
6.643000e+00
6.650000e+00
6.657000e+00
6.657000e+00
6.667000e+00
6.673000e+00
6.680000e+00
6.687000e+00
6.693000e+00
6.700000e+00
6.707000e+00
6.713000e+00
6.720000e+00
6.727000e+00
6.733000e+00
6.740000e+00
6.747000e+00
6.763000e+00
6.770000e+00
6.777000e+00
6.790000e+00
6.797000e+00
6.810000e+00
6.823000e+00
6.837000e+00
6.847000e+00
6.860000e+00
6.880000e+00
6.900000e+00
6.913000e+00
6.943000e+00
6.970000e+00
6.997000e+00
7.010000e+00
7.040000e+00
7.060000e+00
7.080000e+00
7.110000e+00
7.130000e+00
7.150000e+00
7.177000e+00
7.207000e+00
7.233000e+00
7.260000e+00
7.290000e+00
7.323000e+00
7.357000e+00
7.387000e+00
7.407000e+00
7.427000e+00
7.440000e+00
7.457000e+00
7.463000e+00
7.463000e+00
7.463000e+00
7.457000e+00
7.447000e+00
7.433000e+00
7.420000e+00
7.400000e+00
7.380000e+00
7.357000e+00
7.337000e+00
7.310000e+00
7.283000e+00
7.247000e+00
7.213000e+00
7.170000e+00
7.123000e+00
7.080000e+00
7.040000e+00
6.990000e+00
6.957000e+00
6.913000e+00
6.867000e+00
6.823000e+00
6.783000e+00
6.747000e+00
6.707000e+00
6.667000e+00
6.630000e+00
6.597000e+00
6.560000e+00
6.533000e+00
6.507000e+00
6.483000e+00
6.463000e+00
6.443000e+00
6.423000e+00
6.417000e+00
6.410000e+00
6.400000e+00
6.400000e+00
6.400000e+00
6.400000e+00
6.410000e+00
6.417000e+00
6.430000e+00
6.443000e+00
6.457000e+00
6.470000e+00
6.483000e+00
6.500000e+00
6.507000e+00
6.520000e+00
6.533000e+00
6.540000e+00
6.553000e+00
6.567000e+00
6.583000e+00
6.590000e+00
6.603000e+00
6.610000e+00
6.623000e+00
6.637000e+00
6.643000e+00
6.667000e+00
6.680000e+00
6.700000e+00
6.713000e+00
6.733000e+00
6.757000e+00
6.777000e+00
6.810000e+00
6.837000e+00
6.867000e+00
6.900000e+00
6.937000e+00
6.977000e+00
7.010000e+00
7.053000e+00
7.093000e+00
7.137000e+00
7.183000e+00
7.240000e+00
7.303000e+00
7.363000e+00
7.420000e+00
7.483000e+00
7.537000e+00
7.607000e+00
7.663000e+00
7.720000e+00
7.760000e+00
7.810000e+00
7.850000e+00
7.890000e+00
7.927000e+00
7.967000e+00
8.010000e+00
8.037000e+00
8.080000e+00
8.120000e+00
8.153000e+00
8.183000e+00
8.210000e+00
8.230000e+00
8.253000e+00
8.273000e+00
8.293000e+00
8.307000e+00
8.327000e+00
8.350000e+00
8.363000e+00
8.377000e+00
8.383000e+00
8.397000e+00
8.403000e+00
8.417000e+00
8.427000e+00
8.433000e+00
8.440000e+00
8.440000e+00
8.447000e+00
8.447000e+00
8.447000e+00
8.447000e+00
8.440000e+00
8.440000e+00
8.440000e+00
8.440000e+00
8.440000e+00
8.433000e+00
8.433000e+00
8.433000e+00
8.427000e+00
8.417000e+00
8.417000e+00
8.417000e+00
8.410000e+00
8.410000e+00
8.410000e+00
8.410000e+00
8.410000e+00
8.403000e+00
8.403000e+00
8.397000e+00
8.403000e+00
8.403000e+00
8.403000e+00
8.410000e+00
8.403000e+00
8.397000e+00
8.397000e+00
8.397000e+00
8.397000e+00
8.397000e+00
8.397000e+00
8.390000e+00
8.390000e+00
8.390000e+00
8.397000e+00
8.403000e+00
8.417000e+00
8.433000e+00
8.447000e+00
8.460000e+00
8.473000e+00
8.487000e+00
8.500000e+00
8.517000e+00
8.530000e+00
8.550000e+00
8.563000e+00
8.577000e+00
8.600000e+00
8.613000e+00
8.633000e+00
8.653000e+00
8.667000e+00
8.697000e+00
8.717000e+00
8.730000e+00
8.750000e+00
8.780000e+00
8.807000e+00
8.827000e+00
8.853000e+00
8.877000e+00
8.890000e+00
8.910000e+00
8.930000e+00
8.960000e+00
8.980000e+00
9.007000e+00
9.037000e+00
9.057000e+00
9.063000e+00
9.063000e+00
9.063000e+00
9.057000e+00
9.050000e+00
9.027000e+00
9.007000e+00
8.980000e+00
8.943000e+00
8.910000e+00
8.883000e+00
8.840000e+00
8.800000e+00
8.757000e+00
8.717000e+00
8.680000e+00
8.640000e+00
8.590000e+00
8.550000e+00
8.500000e+00
8.447000e+00
8.390000e+00
8.337000e+00
8.280000e+00
8.223000e+00
8.170000e+00
8.100000e+00
8.037000e+00
7.973000e+00
7.913000e+00
7.850000e+00
7.787000e+00
7.740000e+00
7.690000e+00
7.650000e+00
7.613000e+00
7.587000e+00
7.567000e+00
7.547000e+00
7.530000e+00
7.523000e+00
7.517000e+00
7.510000e+00
7.503000e+00
7.497000e+00
7.497000e+00
7.503000e+00
7.503000e+00
7.503000e+00
7.510000e+00
7.510000e+00
7.517000e+00
7.517000e+00
7.517000e+00
7.523000e+00
7.523000e+00
7.537000e+00
7.547000e+00
7.553000e+00
7.560000e+00
7.573000e+00
7.587000e+00
7.607000e+00
7.627000e+00
7.650000e+00
7.683000e+00
7.727000e+00
7.767000e+00
7.810000e+00
7.850000e+00
7.890000e+00
7.940000e+00
7.983000e+00
8.030000e+00
8.087000e+00
8.133000e+00
8.183000e+00
8.230000e+00
8.267000e+00
8.313000e+00
8.370000e+00
8.440000e+00
8.500000e+00
8.557000e+00
8.627000e+00
8.680000e+00
8.723000e+00
8.773000e+00
8.813000e+00
8.870000e+00
8.923000e+00
8.973000e+00
9.013000e+00
9.037000e+00
9.043000e+00
9.057000e+00
9.063000e+00
9.063000e+00
9.063000e+00
9.057000e+00
9.043000e+00
9.020000e+00
8.993000e+00
8.967000e+00
8.930000e+00
8.897000e+00
8.870000e+00
8.840000e+00
8.813000e+00
8.787000e+00
8.750000e+00
8.717000e+00
8.673000e+00
8.627000e+00
8.577000e+00
8.523000e+00
8.460000e+00
8.397000e+00
8.337000e+00
8.267000e+00
8.197000e+00
8.120000e+00
8.043000e+00
7.973000e+00
7.900000e+00
7.823000e+00
7.753000e+00
7.683000e+00
7.613000e+00
7.547000e+00
7.477000e+00
7.413000e+00
7.350000e+00
7.283000e+00
7.220000e+00
7.163000e+00
7.100000e+00
7.047000e+00
6.990000e+00
6.937000e+00
6.887000e+00
6.837000e+00
6.790000e+00
6.740000e+00
6.693000e+00
6.643000e+00
6.603000e+00
6.560000e+00
6.520000e+00
6.477000e+00
6.443000e+00
6.417000e+00
6.387000e+00
6.367000e+00
6.353000e+00
6.353000e+00
6.367000e+00
6.393000e+00
6.430000e+00
6.483000e+00
6.553000e+00
6.637000e+00
6.727000e+00
6.817000e+00
6.913000e+00
7.020000e+00
7.130000e+00
7.253000e+00
7.373000e+00
7.503000e+00
7.643000e+00
7.780000e+00
7.927000e+00
8.063000e+00
8.183000e+00
8.273000e+00
8.363000e+00
8.460000e+00
8.557000e+00
8.647000e+00
8.743000e+00
8.820000e+00
8.890000e+00
8.953000e+00
9.007000e+00
9.057000e+00
9.097000e+00
9.140000e+00
9.193000e+00
9.243000e+00
9.277000e+00
9.307000e+00
9.333000e+00
9.353000e+00
9.380000e+00
9.397000e+00
9.417000e+00
9.430000e+00
9.437000e+00
9.443000e+00
9.443000e+00
9.437000e+00
9.417000e+00
9.397000e+00
9.367000e+00
9.333000e+00
9.300000e+00
9.257000e+00
9.217000e+00
9.167000e+00
9.117000e+00
9.063000e+00
9.013000e+00
8.953000e+00
8.890000e+00
8.833000e+00
8.763000e+00
8.697000e+00
8.633000e+00
8.563000e+00
8.493000e+00
8.417000e+00
8.350000e+00
8.273000e+00
8.203000e+00
8.127000e+00
8.057000e+00
7.990000e+00
7.920000e+00
7.857000e+00
7.793000e+00
7.733000e+00
7.677000e+00
7.613000e+00
7.560000e+00
7.503000e+00
7.447000e+00
7.393000e+00
7.337000e+00
7.290000e+00
7.233000e+00
7.183000e+00
7.137000e+00
7.093000e+00
7.047000e+00
6.997000e+00
6.963000e+00
6.930000e+00
6.893000e+00
6.867000e+00
6.837000e+00
6.823000e+00
6.817000e+00
6.823000e+00
6.853000e+00
6.893000e+00
6.957000e+00
7.020000e+00
7.087000e+00
7.163000e+00
7.240000e+00
7.330000e+00
7.427000e+00
7.547000e+00
7.670000e+00
7.800000e+00
7.933000e+00
8.057000e+00
8.183000e+00
8.300000e+00
8.410000e+00
8.537000e+00
8.647000e+00
8.750000e+00
8.853000e+00
8.953000e+00
9.057000e+00
9.167000e+00
9.257000e+00
9.327000e+00
9.373000e+00
9.430000e+00
9.470000e+00
9.500000e+00
9.527000e+00
9.553000e+00
9.577000e+00
9.590000e+00
9.603000e+00
9.610000e+00
9.610000e+00
9.603000e+00
9.603000e+00
9.597000e+00
9.597000e+00
9.597000e+00
9.597000e+00
9.590000e+00
9.583000e+00
9.577000e+00
9.570000e+00
9.547000e+00
9.527000e+00
9.507000e+00
9.487000e+00
9.470000e+00
9.457000e+00
9.443000e+00
9.423000e+00
9.403000e+00
9.373000e+00
9.347000e+00
9.313000e+00
9.283000e+00
9.243000e+00
9.200000e+00
9.160000e+00
9.117000e+00
9.077000e+00
9.037000e+00
8.987000e+00
8.943000e+00
8.890000e+00
8.833000e+00
8.780000e+00
8.730000e+00
8.673000e+00
8.620000e+00
8.557000e+00
8.493000e+00
8.440000e+00
8.370000e+00
8.300000e+00
8.237000e+00
8.177000e+00
8.113000e+00
8.050000e+00
7.990000e+00
7.927000e+00
7.863000e+00
7.800000e+00
7.747000e+00
7.690000e+00
7.637000e+00
7.593000e+00
7.567000e+00
7.547000e+00
7.537000e+00
7.553000e+00
7.567000e+00
7.593000e+00
7.620000e+00
7.657000e+00
7.710000e+00
7.773000e+00
7.857000e+00
7.940000e+00
8.037000e+00
8.133000e+00
8.237000e+00
8.350000e+00
8.467000e+00
8.577000e+00
8.680000e+00
8.787000e+00
8.890000e+00
8.993000e+00
9.097000e+00
9.193000e+00
9.300000e+00
9.390000e+00
9.487000e+00
9.583000e+00
9.667000e+00
9.750000e+00
9.817000e+00
9.873000e+00
9.917000e+00
9.963000e+00
1.000700e+01
1.003300e+01
1.004700e+01
1.005300e+01
1.005300e+01
1.004000e+01
1.002000e+01
10
9.970000e+00
9.937000e+00
9.900000e+00
9.867000e+00
9.833000e+00
9.803000e+00
9.770000e+00
9.733000e+00
9.693000e+00
9.660000e+00
9.623000e+00
9.583000e+00
9.540000e+00
9.500000e+00
9.450000e+00
9.403000e+00
9.360000e+00
9.313000e+00
9.270000e+00
9.230000e+00
9.187000e+00
9.153000e+00
9.110000e+00
9.070000e+00
9.037000e+00
9
8.960000e+00
8.917000e+00
8.877000e+00
8.827000e+00
8.780000e+00
8.730000e+00
8.673000e+00
8.627000e+00
8.570000e+00
8.510000e+00
8.447000e+00
8.383000e+00
8.320000e+00
8.260000e+00
8.190000e+00
8.127000e+00
8.057000e+00
7.997000e+00
7.933000e+00
7.870000e+00
7.810000e+00
7.747000e+00
7.683000e+00
7.627000e+00
7.573000e+00
7.523000e+00
7.483000e+00
7.447000e+00
7.420000e+00
7.400000e+00
7.387000e+00
7.387000e+00
7.387000e+00
7.400000e+00
7.427000e+00
7.463000e+00
7.517000e+00
7.580000e+00
7.643000e+00
7.720000e+00
7.787000e+00
7.877000e+00
7.967000e+00
8.057000e+00
8.147000e+00
8.260000e+00
8.370000e+00
8.487000e+00
8.600000e+00
8.717000e+00
8.833000e+00
8.937000e+00
9.050000e+00
9.153000e+00
9.250000e+00
9.347000e+00
9.443000e+00
9.540000e+00
9.623000e+00
9.693000e+00
9.757000e+00
9.810000e+00
9.853000e+00
9.893000e+00
9.923000e+00
9.943000e+00
9.957000e+00
9.970000e+00
9.970000e+00
9.963000e+00
9.943000e+00
9.923000e+00
9.887000e+00
9.853000e+00
9.817000e+00
9.783000e+00
9.743000e+00
9.700000e+00
9.660000e+00
9.617000e+00
9.570000e+00
9.520000e+00
9.470000e+00
9.417000e+00
9.360000e+00
9.313000e+00
9.257000e+00
9.217000e+00
9.180000e+00
9.147000e+00
9.127000e+00
9.117000e+00
9.103000e+00
9.090000e+00
9.090000e+00
9.090000e+00
9.097000e+00
9.103000e+00
9.103000e+00
9.110000e+00
9.117000e+00
9.117000e+00
9.127000e+00
9.133000e+00
9.133000e+00
9.133000e+00
9.133000e+00
9.140000e+00
9.140000e+00
9.140000e+00
9.140000e+00
9.133000e+00
9.133000e+00
9.127000e+00
9.110000e+00
9.103000e+00
9.090000e+00
9.083000e+00
9.070000e+00
9.057000e+00
9.037000e+00
9.020000e+00
9.013000e+00
9
9
9
9.007000e+00
9.013000e+00
9.027000e+00
9.037000e+00
9.050000e+00
9.070000e+00
9.090000e+00
9.117000e+00
9.153000e+00
9.187000e+00
9.223000e+00
9.263000e+00
9.327000e+00
9.390000e+00
9.480000e+00
9.590000e+00
9.700000e+00
9.817000e+00
9.950000e+00
1.004700e+01
1.012000e+01
1.021300e+01
1.031300e+01
1.039300e+01
1.046700e+01
1.052700e+01
1.058700e+01
1.062000e+01
1.066700e+01
1.070700e+01
1.074000e+01
1.077300e+01
1.080700e+01
1.083300e+01
1.084700e+01
1.086700e+01
1.089300e+01
1.091300e+01
1.092700e+01
1.092700e+01
1.091300e+01
1.089300e+01
1.086700e+01
1.082700e+01
1.078000e+01
1.072700e+01
1.066700e+01
1.061300e+01
1.055300e+01
1.048700e+01
1.042700e+01
1.036000e+01
1.029300e+01
1.023300e+01
1.016700e+01
1.010000e+01
1.004000e+01
9.970000e+00
9.900000e+00
9.840000e+00
9.777000e+00
9.720000e+00
9.667000e+00
9.603000e+00
9.547000e+00
9.493000e+00
9.443000e+00
9.390000e+00
9.333000e+00
9.283000e+00
9.237000e+00
9.180000e+00
9.127000e+00
9.077000e+00
9.020000e+00
8.967000e+00
8.910000e+00
8.853000e+00
8.800000e+00
8.737000e+00
8.680000e+00
8.620000e+00
8.563000e+00
8.493000e+00
8.440000e+00
8.370000e+00
8.307000e+00
8.247000e+00
8.183000e+00
8.120000e+00
8.057000e+00
8.003000e+00
7.953000e+00
7.913000e+00
7.883000e+00
7.863000e+00
7.863000e+00
7.877000e+00
7.907000e+00
7.947000e+00
8.003000e+00
8.080000e+00
8.170000e+00
8.280000e+00
8.403000e+00
8.537000e+00
8.673000e+00
8.813000e+00
8.953000e+00
9.090000e+00
9.230000e+00
9.367000e+00
9.513000e+00
9.643000e+00
9.777000e+00
9.900000e+00
1.003300e+01
1.016000e+01
1.027300e+01
1.039300e+01
1.050700e+01
1.062000e+01
1.072000e+01
1.082000e+01
1.090700e+01
1.098700e+01
1.104700e+01
1.110000e+01
1.114700e+01
1.118000e+01
1.120000e+01
1.120700e+01
1.120700e+01
1.120000e+01
1.118700e+01
1.116000e+01
1.112700e+01
1.109300e+01
1.104700e+01
11
1.095300e+01
1.089300e+01
1.084000e+01
1.078000e+01
1.072000e+01
1.066000e+01
1.060000e+01
1.054000e+01
1.048700e+01
1.042700e+01
1.037300e+01
1.032000e+01
1.027300e+01
1.022700e+01
1.018000e+01
1.014000e+01
1.010000e+01
1.006000e+01
1.002000e+01
9.983000e+00
9.943000e+00
9.907000e+00
9.867000e+00
9.833000e+00
9.790000e+00
9.750000e+00
9.700000e+00
9.653000e+00
9.603000e+00
9.553000e+00
9.507000e+00
9.450000e+00
9.397000e+00
9.340000e+00
9.283000e+00
9.223000e+00
9.167000e+00
9.103000e+00
9.057000e+00
9.020000e+00
9
8.987000e+00
8.960000e+00
8.937000e+00
8.917000e+00
8.903000e+00
8.890000e+00
8.877000e+00
8.853000e+00
8.840000e+00
8.833000e+00
8.833000e+00
8.833000e+00
8.840000e+00
8.853000e+00
8.870000e+00
8.890000e+00
8.903000e+00
8.937000e+00
8.967000e+00
8.987000e+00
9.007000e+00
9.037000e+00
9.057000e+00
9.083000e+00
9.140000e+00
9.217000e+00
9.307000e+00
9.410000e+00
9.500000e+00
9.583000e+00
9.660000e+00
9.750000e+00
9.810000e+00
9.860000e+00
9.887000e+00
9.923000e+00
9.970000e+00
1.002700e+01
1.008000e+01
1.012000e+01
1.015300e+01
1.017300e+01
1.018700e+01
1.020000e+01
1.021300e+01
1.022000e+01
1.022700e+01
1.023300e+01
1.022700e+01
1.021300e+01
1.018700e+01
1.015300e+01
1.011300e+01
1.006700e+01
1.001300e+01
9.957000e+00
9.900000e+00
9.847000e+00
9.790000e+00
9.733000e+00
9.687000e+00
9.630000e+00
9.577000e+00
9.520000e+00
9.463000e+00
9.410000e+00
9.347000e+00
9.283000e+00
9.230000e+00
9.180000e+00
9.140000e+00
9.097000e+00
9.070000e+00
9.043000e+00
9.013000e+00
8.987000e+00
8.967000e+00
8.953000e+00
8.937000e+00
8.923000e+00
8.903000e+00
8.897000e+00
8.883000e+00
8.870000e+00
8.853000e+00
8.840000e+00
8.827000e+00
8.807000e+00
8.787000e+00
8.773000e+00
8.757000e+00
8.743000e+00
8.723000e+00
8.717000e+00
8.703000e+00
8.690000e+00
8.680000e+00
8.667000e+00
8.660000e+00
8.653000e+00
8.640000e+00
8.633000e+00
8.627000e+00
8.613000e+00
8.607000e+00
8.600000e+00
8.590000e+00
8.583000e+00
8.577000e+00
8.570000e+00
8.570000e+00
8.563000e+00
8.557000e+00
8.557000e+00
8.557000e+00
8.563000e+00
8.577000e+00
8.590000e+00
8.613000e+00
8.640000e+00
8.667000e+00
8.697000e+00
8.723000e+00
8.757000e+00
8.787000e+00
8.813000e+00
8.840000e+00
8.870000e+00
8.897000e+00
8.917000e+00
8.943000e+00
8.980000e+00
9.007000e+00
9.037000e+00
9.063000e+00
9.083000e+00
9.110000e+00
9.133000e+00
9.160000e+00
9.180000e+00
9.207000e+00
9.230000e+00
9.250000e+00
9.270000e+00
9.283000e+00
9.300000e+00
9.313000e+00
9.327000e+00
9.340000e+00
9.347000e+00
9.360000e+00
9.367000e+00
9.380000e+00
9.390000e+00
9.403000e+00
9.410000e+00
9.423000e+00
9.443000e+00
9.457000e+00
9.470000e+00
9.480000e+00
9.493000e+00
9.500000e+00
9.513000e+00
9.520000e+00
9.533000e+00
9.540000e+00
9.547000e+00
9.563000e+00
9.570000e+00
9.577000e+00
9.590000e+00
9.603000e+00
9.617000e+00
9.623000e+00
9.630000e+00
9.643000e+00
9.660000e+00
9.667000e+00
9.680000e+00
9.687000e+00
9.700000e+00
9.707000e+00
9.720000e+00
9.727000e+00
9.727000e+00
9.743000e+00
9.750000e+00
9.763000e+00
9.770000e+00
9.777000e+00
9.783000e+00
9.790000e+00
9.797000e+00
9.803000e+00
9.803000e+00
9.810000e+00
9.817000e+00
9.817000e+00
9.827000e+00
9.833000e+00
9.840000e+00
9.847000e+00
9.860000e+00
9.867000e+00
9.873000e+00
9.887000e+00
9.893000e+00
9.917000e+00
9.930000e+00
9.957000e+00
9.983000e+00
1.002700e+01
1.005300e+01
1.008000e+01
1.010000e+01
1.013300e+01
1.014700e+01
1.016700e+01
1.018000e+01
1.019300e+01
1.021300e+01
1.024000e+01
1.027300e+01
1.030700e+01
1.034700e+01
1.038000e+01
1.040000e+01
1.042700e+01
1.045300e+01
1.048000e+01
1.050700e+01
1.054000e+01
1.055300e+01
1.056700e+01
1.057300e+01
1.057300e+01
1.057300e+01
1.057300e+01
1.056700e+01
1.056000e+01
1.055300e+01
1.054000e+01
1.052700e+01
1.051300e+01
1.050700e+01
1.049300e+01
1.048000e+01
1.047300e+01
1.046000e+01
1.044700e+01
1.042700e+01
1.040700e+01
1.039300e+01
1.038000e+01
1.036000e+01
1.034700e+01
1.032700e+01
1.030700e+01
1.029300e+01
1.026700e+01
1.025300e+01
1.023300e+01
1.021300e+01
1.019300e+01
1.018000e+01
1.016000e+01
1.014700e+01
1.014000e+01
1.012000e+01
1.010700e+01
1.010000e+01
1.008700e+01
1.007300e+01
1.006700e+01
1.006000e+01
1.004700e+01
1.004000e+01
1.002700e+01
1.002000e+01
1.000700e+01
9.990000e+00
9.983000e+00
9.970000e+00
9.963000e+00
9.950000e+00
9.937000e+00
9.930000e+00
9.917000e+00
9.907000e+00
9.887000e+00
9.873000e+00
9.860000e+00
9.847000e+00
9.833000e+00
9.817000e+00
9.810000e+00
9.797000e+00
9.783000e+00
9.777000e+00
9.777000e+00
9.777000e+00
9.790000e+00
9.803000e+00
9.827000e+00
9.840000e+00
9.853000e+00
9.873000e+00
9.950000e+00
1.004000e+01
1.011300e+01
1.014700e+01
1.018700e+01
1.024000e+01
1.026000e+01
1.026700e+01
1.028700e+01
1.030700e+01
1.032700e+01
1.034000e+01
1.034000e+01
1.033300e+01
1.032000e+01
1.033300e+01
1.034000e+01
1.034700e+01
1.035300e+01
1.035300e+01
1.036000e+01
1.036000e+01
1.035300e+01
1.036000e+01
1.036700e+01
1.037300e+01
1.036700e+01
1.035300e+01
1.034000e+01
1.032000e+01
1.029300e+01
1.027300e+01
1.025300e+01
1.023300e+01
1.020700e+01
1.018700e+01
1.016000e+01
1.014000e+01
1.011300e+01
1.009300e+01
1.006700e+01
1.004700e+01
1.002700e+01
1.000700e+01
9.983000e+00
9.957000e+00
9.937000e+00
9.923000e+00
9.900000e+00
9.880000e+00
9.867000e+00
9.847000e+00
9.833000e+00
9.817000e+00
9.803000e+00
9.790000e+00
9.777000e+00
9.770000e+00
9.757000e+00
9.750000e+00
9.733000e+00
9.727000e+00
9.713000e+00
9.707000e+00
9.700000e+00
9.687000e+00
9.680000e+00
9.673000e+00
9.667000e+00
9.660000e+00
9.660000e+00
9.643000e+00
9.630000e+00
9.623000e+00
9.617000e+00
9.603000e+00
9.583000e+00
9.563000e+00
9.547000e+00
9.527000e+00
9.507000e+00
9.493000e+00
9.480000e+00
9.470000e+00
9.463000e+00
9.450000e+00
9.450000e+00
9.450000e+00
9.450000e+00
9.450000e+00
9.443000e+00
9.437000e+00
9.450000e+00
9.443000e+00
9.457000e+00
9.470000e+00
9.487000e+00
9.493000e+00
9.493000e+00
9.500000e+00
9.507000e+00
9.513000e+00
9.533000e+00
9.547000e+00
9.563000e+00
9.577000e+00
9.603000e+00
9.623000e+00
9.653000e+00
9.680000e+00
9.707000e+00
9.733000e+00
9.763000e+00
9.783000e+00
9.797000e+00
9.817000e+00
9.840000e+00
9.840000e+00
9.847000e+00
9.853000e+00
9.847000e+00
9.833000e+00
9.827000e+00
9.810000e+00
9.790000e+00
9.770000e+00
9.743000e+00
9.707000e+00
9.660000e+00
9.603000e+00
9.540000e+00
9.480000e+00
9.423000e+00
9.360000e+00
9.300000e+00
9.237000e+00
9.167000e+00
9.103000e+00
9.043000e+00
8.973000e+00
8.903000e+00
8.840000e+00
8.773000e+00
8.703000e+00
8.633000e+00
8.570000e+00
8.500000e+00
8.447000e+00
8.383000e+00
8.320000e+00
8.253000e+00
8.190000e+00
8.120000e+00
8.057000e+00
7.997000e+00
7.933000e+00
7.877000e+00
7.817000e+00
7.760000e+00
7.697000e+00
7.637000e+00
7.580000e+00
7.523000e+00
7.470000e+00
7.427000e+00
7.407000e+00
7.393000e+00
7.380000e+00
7.373000e+00
7.363000e+00
7.357000e+00
7.350000e+00
7.343000e+00
7.337000e+00
7.323000e+00
7.303000e+00
7.283000e+00
7.267000e+00
7.260000e+00
7.260000e+00
7.253000e+00
7.260000e+00
7.267000e+00
7.290000e+00
7.317000e+00
7.357000e+00
7.400000e+00
7.433000e+00
7.477000e+00
7.580000e+00
7.697000e+00
7.823000e+00
7.933000e+00
8.043000e+00
8.197000e+00
8.327000e+00
8.433000e+00
8.557000e+00
8.653000e+00
8.737000e+00
8.807000e+00
8.903000e+00
8.987000e+00
9.090000e+00
9.153000e+00
9.207000e+00
9.270000e+00
9.320000e+00
9.353000e+00
9.397000e+00
9.463000e+00
9.540000e+00
9.610000e+00
9.643000e+00
9.653000e+00
9.660000e+00
9.673000e+00
9.693000e+00
9.700000e+00
9.700000e+00
9.687000e+00
9.667000e+00
9.637000e+00
9.610000e+00
9.583000e+00
9.553000e+00
9.520000e+00
9.480000e+00
9.443000e+00
9.397000e+00
9.347000e+00
9.290000e+00
9.230000e+00
9.173000e+00
9.117000e+00
9.057000e+00
8.993000e+00
8.930000e+00
8.883000e+00
8.827000e+00
8.780000e+00
8.737000e+00
8.697000e+00
8.660000e+00
8.633000e+00
8.613000e+00
8.590000e+00
8.577000e+00
8.563000e+00
8.550000e+00
8.530000e+00
8.500000e+00
8.473000e+00
8.460000e+00
8.433000e+00
8.403000e+00
8.370000e+00
8.337000e+00
8.293000e+00
8.260000e+00
8.230000e+00
8.197000e+00
8.177000e+00
8.140000e+00
8.107000e+00
8.080000e+00
8.043000e+00
8.017000e+00
7.983000e+00
7.940000e+00
7.900000e+00
7.857000e+00
7.823000e+00
7.800000e+00
7.787000e+00
7.773000e+00
7.767000e+00
7.780000e+00
7.793000e+00
7.810000e+00
7.817000e+00
7.850000e+00
7.890000e+00
7.953000e+00
8.030000e+00
8.100000e+00
8.147000e+00
8.230000e+00
8.320000e+00
8.440000e+00
8.543000e+00
8.697000e+00
8.827000e+00
8.960000e+00
9.063000e+00
9.133000e+00
9.217000e+00
9.313000e+00
9.390000e+00
9.443000e+00
9.493000e+00
9.540000e+00
9.583000e+00
9.610000e+00
9.623000e+00
9.637000e+00
9.653000e+00
9.673000e+00
9.693000e+00
9.713000e+00
9.743000e+00
9.770000e+00
9.790000e+00
9.817000e+00
9.840000e+00
9.853000e+00
9.873000e+00
9.880000e+00
9.887000e+00
9.880000e+00
9.867000e+00
9.847000e+00
9.827000e+00
9.810000e+00
9.790000e+00
9.770000e+00
9.743000e+00
9.720000e+00
9.693000e+00
9.667000e+00
9.643000e+00
9.617000e+00
9.597000e+00
9.577000e+00
9.553000e+00
9.540000e+00
9.520000e+00
9.507000e+00
9.493000e+00
9.480000e+00
9.463000e+00
9.450000e+00
9.443000e+00
9.430000e+00
9.430000e+00
9.423000e+00
9.423000e+00
9.423000e+00
9.423000e+00
9.423000e+00
9.423000e+00
9.423000e+00
9.423000e+00
9.423000e+00
9.417000e+00
9.417000e+00
9.417000e+00
9.417000e+00
9.417000e+00
9.410000e+00
9.403000e+00
9.397000e+00
9.380000e+00
9.367000e+00
9.360000e+00
9.347000e+00
9.333000e+00
9.327000e+00
9.313000e+00
9.307000e+00
9.300000e+00
9.290000e+00
9.283000e+00
9.283000e+00
9.277000e+00
9.277000e+00
9.283000e+00
9.283000e+00
9.290000e+00
9.307000e+00
9.327000e+00
9.353000e+00
9.403000e+00
9.450000e+00
9.520000e+00
9.570000e+00
9.643000e+00
9.720000e+00
9.797000e+00
9.873000e+00
9.950000e+00
1.002000e+01
1.007300e+01
1.010700e+01
1.013300e+01
1.016000e+01
1.019300e+01
1.022000e+01
1.023300e+01
1.025300e+01
1.026700e+01
1.027300e+01
1.028700e+01
1.030000e+01
1.031300e+01
1.032700e+01
1.034000e+01
1.036000e+01
1.038000e+01
1.041300e+01
1.044700e+01
1.046000e+01
1.046700e+01
1.047300e+01
1.047300e+01
1.046000e+01
1.044000e+01
1.041300e+01
1.037300e+01
1.034000e+01
1.029300e+01
1.024000e+01
1.018700e+01
1.013300e+01
1.007300e+01
1.002000e+01
9.950000e+00
9.887000e+00
9.827000e+00
9.770000e+00
9.707000e+00
9.653000e+00
9.597000e+00
9.540000e+00
9.487000e+00
9.430000e+00
9.373000e+00
9.327000e+00
9.270000e+00
9.217000e+00
9.160000e+00
9.103000e+00
9.050000e+00
9
8.943000e+00
8.897000e+00
8.853000e+00
8.813000e+00
8.773000e+00
8.737000e+00
8.697000e+00
8.660000e+00
8.627000e+00
8.583000e+00
8.550000e+00
8.510000e+00
8.473000e+00
8.440000e+00
8.403000e+00
8.370000e+00
8.337000e+00
8.307000e+00
8.273000e+00
8.253000e+00
8.223000e+00
8.203000e+00
8.190000e+00
8.183000e+00
8.183000e+00
8.183000e+00
8.197000e+00
8.223000e+00
8.253000e+00
8.293000e+00
8.343000e+00
8.410000e+00
8.487000e+00
8.577000e+00
8.690000e+00
8.807000e+00
8.937000e+00
9.083000e+00
9.230000e+00
9.367000e+00
9.507000e+00
9.660000e+00
9.797000e+00
9.937000e+00
1.007300e+01
1.020000e+01
1.032000e+01
1.043300e+01
1.055300e+01
1.064700e+01
1.074700e+01
1.084700e+01
1.094700e+01
1.104000e+01
1.112000e+01
1.119300e+01
1.124700e+01
1.129300e+01
1.134700e+01
1.138700e+01
1.142000e+01
1.143300e+01
1.144000e+01
1.142700e+01
1.142000e+01
1.140700e+01
1.138700e+01
1.136000e+01
1.133300e+01
1.129300e+01
1.125300e+01
1.120000e+01
1.114000e+01
1.108000e+01
1.102700e+01
1.096000e+01
1.088700e+01
1.082000e+01
1.074700e+01
1.067300e+01
1.060000e+01
1.052700e+01
1.046000e+01
1.040000e+01
1.034000e+01
1.027300e+01
1.020000e+01
1.013300e+01
1.006700e+01
9.990000e+00
9.917000e+00
9.840000e+00
9.763000e+00
9.693000e+00
9.630000e+00
9.563000e+00
9.500000e+00
9.437000e+00
9.373000e+00
9.313000e+00
9.257000e+00
9.200000e+00
9.147000e+00
9.090000e+00
9.027000e+00
8.973000e+00
8.917000e+00
8.870000e+00
8.813000e+00
8.763000e+00
8.723000e+00
8.673000e+00
8.633000e+00
8.583000e+00
8.543000e+00
8.500000e+00
8.460000e+00
8.427000e+00
8.403000e+00
8.390000e+00
8.383000e+00
8.390000e+00
8.410000e+00
8.447000e+00
8.487000e+00
8.530000e+00
8.583000e+00
8.647000e+00
8.723000e+00
8.820000e+00
8.930000e+00
9.063000e+00
9.193000e+00
9.340000e+00
9.487000e+00
9.630000e+00
9.763000e+00
9.900000e+00
1.004000e+01
1.017300e+01
1.030700e+01
1.043300e+01
1.055300e+01
1.067300e+01
1.078700e+01
1.089300e+01
11
1.110700e+01
1.118700e+01
1.123300e+01
1.128700e+01
1.135300e+01
1.140000e+01
1.146000e+01
1.151300e+01
1.154700e+01
1.154700e+01
1.154000e+01
1.152700e+01
1.152700e+01
1.154000e+01
1.155300e+01
1.156000e+01
1.155300e+01
1.153300e+01
1.150700e+01
1.146700e+01
1.142000e+01
1.138000e+01
1.132700e+01
1.128000e+01
1.122700e+01
1.117300e+01
1.110700e+01
1.104000e+01
1.096700e+01
1.089300e+01
1.082000e+01
1.074700e+01
1.067300e+01
1.060700e+01
1.053300e+01
1.045300e+01
1.037300e+01
1.029300e+01
1.022000e+01
1.013300e+01
1.005300e+01
9.977000e+00
9.893000e+00
9.817000e+00
9.743000e+00
9.673000e+00
9.610000e+00
9.533000e+00
9.463000e+00
9.403000e+00
9.340000e+00
9.277000e+00
9.223000e+00
9.153000e+00
9.097000e+00
9.043000e+00
8.980000e+00
8.923000e+00
8.870000e+00
8.813000e+00
8.757000e+00
8.703000e+00
8.653000e+00
8.600000e+00
8.550000e+00
8.493000e+00
8.453000e+00
8.427000e+00
8.397000e+00
8.383000e+00
8.383000e+00
8.403000e+00
8.453000e+00
8.510000e+00
8.563000e+00
8.633000e+00
8.710000e+00
8.800000e+00
8.903000e+00
9.020000e+00
9.160000e+00
9.320000e+00
9.480000e+00
9.643000e+00
9.797000e+00
9.943000e+00
1.008700e+01
1.022000e+01
1.035300e+01
1.049300e+01
1.062700e+01
1.075300e+01
1.087300e+01
1.098700e+01
1.109300e+01
1.120000e+01
1.131300e+01
1.142700e+01
1.152700e+01
1.161300e+01
1.168700e+01
1.174700e+01
1.180000e+01
1.185300e+01
1.190000e+01
1.193300e+01
1.196000e+01
1.197300e+01
1.197300e+01
1.196700e+01
1.196000e+01
1.194700e+01
1.193300e+01
1.190000e+01
1.186700e+01
1.182700e+01
1.178700e+01
1.175300e+01
1.170000e+01
1.164000e+01
1.158000e+01
1.152000e+01
1.144700e+01
1.138000e+01
1.130700e+01
1.122700e+01
1.114700e+01
1.107300e+01
1.099300e+01
1.091300e+01
1.082700e+01
1.074000e+01
1.065300e+01
1.056700e+01
1.048000e+01
1.039300e+01
1.030700e+01
1.022700e+01
1.014000e+01
1.006000e+01
9.977000e+00
9.900000e+00
9.827000e+00
9.750000e+00
9.680000e+00
9.610000e+00
9.540000e+00
9.480000e+00
9.417000e+00
9.360000e+00
9.307000e+00
9.250000e+00
9.193000e+00
9.133000e+00
9.070000e+00
9.020000e+00
8.973000e+00
8.923000e+00
8.877000e+00
8.827000e+00
8.780000e+00
8.737000e+00
8.697000e+00
8.660000e+00
8.640000e+00
8.627000e+00
8.620000e+00
8.633000e+00
8.667000e+00
8.730000e+00
8.807000e+00
8.890000e+00
8.987000e+00
9.097000e+00
9.223000e+00
9.367000e+00
9.520000e+00
9.680000e+00
9.840000e+00
9.963000e+00
1.010700e+01
1.024700e+01
1.034700e+01
1.050000e+01
1.064000e+01
1.077300e+01
1.092700e+01
1.104700e+01
1.112700e+01
1.122700e+01
1.130700e+01
1.139300e+01
1.146700e+01
1.151300e+01
1.158700e+01
1.164700e+01
1.170000e+01
1.173300e+01
1.180000e+01
1.185300e+01
1.189300e+01
1.193300e+01
1.195300e+01
1.195300e+01
1.194700e+01
1.194700e+01
1.194000e+01
1.192700e+01
1.192000e+01
1.190700e+01
1.190700e+01
1.187300e+01
1.182000e+01
1.176000e+01
1.170700e+01
1.166000e+01
1.159300e+01
1.152700e+01
1.146700e+01
1.139300e+01
1.132000e+01
1.124700e+01
1.116700e+01
1.109300e+01
1.102000e+01
1.094700e+01
1.086700e+01
1.080000e+01
1.072700e+01
1.064700e+01
1.057300e+01
1.050000e+01
1.042000e+01
1.034000e+01
1.026700e+01
1.019300e+01
1.012000e+01
1.004700e+01
9.963000e+00
9.893000e+00
9.817000e+00
9.750000e+00
9.680000e+00
9.617000e+00
9.547000e+00
9.487000e+00
9.430000e+00
9.373000e+00
9.313000e+00
9.257000e+00
9.200000e+00
9.140000e+00
9.083000e+00
9.027000e+00
8.973000e+00
8.923000e+00
8.870000e+00
8.820000e+00
8.787000e+00
8.763000e+00
8.763000e+00
8.780000e+00
8.787000e+00
8.820000e+00
8.883000e+00
8.967000e+00
9.020000e+00
9.083000e+00
9.167000e+00
9.250000e+00
9.353000e+00
9.463000e+00
9.610000e+00
9.743000e+00
9.860000e+00
9.950000e+00
1.006700e+01
1.021300e+01
1.034700e+01
1.050700e+01
1.063300e+01
1.073300e+01
1.087300e+01
1.100700e+01
1.114700e+01
1.128700e+01
1.144000e+01
1.157300e+01
1.169300e+01
1.181300e+01
1.190700e+01
1.198000e+01
1.206700e+01
1.214000e+01
1.220700e+01
1.226000e+01
1.228700e+01
1.230700e+01
1.235300e+01
1.236700e+01
1.236700e+01
1.236700e+01
1.236000e+01
1.234700e+01
1.234000e+01
1.232000e+01
1.228700e+01
1.225300e+01
1.221300e+01
1.218700e+01
1.214700e+01
1.211300e+01
1.206700e+01
1.202700e+01
1.197300e+01
1.192700e+01
1.187300e+01
1.181300e+01
1.175300e+01
1.168700e+01
1.162700e+01
1.156000e+01
1.149300e+01
1.142700e+01
1.135300e+01
1.128000e+01
1.120700e+01
1.113300e+01
1.106000e+01
1.099300e+01
1.092000e+01
1.084700e+01
1.078000e+01
1.070700e+01
1.064000e+01
1.057300e+01
1.051300e+01
1.044700e+01
1.038700e+01
1.032700e+01
1.026700e+01
1.021300e+01
1.015300e+01
1.010000e+01
1.004700e+01
9.990000e+00
9.937000e+00
9.880000e+00
9.833000e+00
9.777000e+00
9.727000e+00
9.680000e+00
9.637000e+00
9.597000e+00
9.570000e+00
9.547000e+00
9.533000e+00
9.527000e+00
9.547000e+00
9.590000e+00
9.653000e+00
9.727000e+00
9.810000e+00
9.893000e+00
1.000700e+01
1.013300e+01
1.026700e+01
1.042000e+01
1.058000e+01
1.074700e+01
1.092700e+01
1.111300e+01
1.129300e+01
1.146700e+01
1.164700e+01
1.181300e+01
1.198000e+01
1.216700e+01
1.233300e+01
1.248000e+01
1.260700e+01
1.272700e+01
1.283300e+01
1.294700e+01
1.306700e+01
1.316700e+01
1.324700e+01
1.332700e+01
1.341300e+01
1.348000e+01
1.354000e+01
1.358700e+01
1.362000e+01
1.364700e+01
1.366000e+01
1.367300e+01
1.366700e+01
1.366700e+01
1.365300e+01
1.364700e+01
1.365300e+01
1.362700e+01
1.359300e+01
1.354700e+01
1.348700e+01
1.342700e+01
1.336700e+01
1.330000e+01
1.323300e+01
1.315300e+01
1.308000e+01
13
1.292000e+01
1.283300e+01
1.275300e+01
1.266700e+01
1.258700e+01
1.250700e+01
1.242000e+01
1.232700e+01
1.224000e+01
1.214700e+01
1.205300e+01
1.196700e+01
1.188000e+01
1.180000e+01
1.172000e+01
1.165300e+01
1.158000e+01
1.151300e+01
1.144700e+01
1.139300e+01
1.132700e+01
1.127300e+01
1.122000e+01
1.116700e+01
1.111300e+01
1.106700e+01
1.102000e+01
1.096700e+01
1.091300e+01
1.087300e+01
1.082700e+01
1.078000e+01
1.074000e+01
1.070000e+01
1.066700e+01
1.063300e+01
1.060700e+01
1.059300e+01
1.058700e+01
1.059300e+01
1.060000e+01
1.061300e+01
1.063300e+01
1.067300e+01
1.072000e+01
1.078700e+01
1.086000e+01
1.092700e+01
1.099300e+01
1.107300e+01
1.116000e+01
1.123300e+01
1.129300e+01
1.132700e+01
1.136000e+01
1.140000e+01
1.142700e+01
1.149300e+01
1.156000e+01
1.161300e+01
1.170000e+01
1.175300e+01
1.185300e+01
1.192000e+01
1.202700e+01
1.209300e+01
1.216000e+01
1.224700e+01
1.232700e+01
1.241300e+01
1.248700e+01
1.252700e+01
1.258700e+01
1.264700e+01
1.270000e+01
1.274000e+01
1.279300e+01
1.280000e+01
1.281300e+01
1.283300e+01
1.284700e+01
1.284000e+01
1.280700e+01
1.278700e+01
1.276700e+01
1.274700e+01
1.272000e+01
1.269300e+01
1.266000e+01
1.262700e+01
1.260000e+01
1.257300e+01
1.253300e+01
1.250000e+01
1.245300e+01
1.240700e+01
1.236700e+01
1.233300e+01
1.230000e+01
1.226000e+01
1.222700e+01
1.219300e+01
1.216000e+01
1.212000e+01
1.208000e+01
1.204000e+01
1.200700e+01
1.196700e+01
1.194000e+01
1.190700e+01
1.187300e+01
1.184000e+01
1.180700e+01
1.177300e+01
1.174000e+01
1.170700e+01
1.168000e+01
1.164700e+01
1.162000e+01
1.159300e+01
1.156000e+01
1.152700e+01
1.150000e+01
1.146700e+01
1.144000e+01
1.140700e+01
1.138000e+01
1.136000e+01
1.134000e+01
1.132000e+01
1.129300e+01
1.127300e+01
1.125300e+01
1.124000e+01
1.123300e+01
1.122000e+01
1.122000e+01
1.122700e+01
1.124000e+01
1.124700e+01
1.126000e+01
1.126700e+01
1.128000e+01
1.130000e+01
1.131300e+01
1.133300e+01
1.136000e+01
1.140000e+01
1.145300e+01
1.150700e+01
1.156000e+01
1.160700e+01
1.166700e+01
1.172700e+01
1.180700e+01
1.184700e+01
1.196700e+01
1.206700e+01
1.213300e+01
1.220700e+01
1.224000e+01
1.229300e+01
1.232000e+01
1.236000e+01
1.241300e+01
1.245300e+01
1.254700e+01
1.258700e+01
1.258000e+01
1.259300e+01
1.260700e+01
1.264700e+01
1.266700e+01
1.265300e+01
1.268000e+01
1.269300e+01
1.270000e+01
1.268700e+01
1.266700e+01
1.264000e+01
1.260700e+01
1.258000e+01
1.254700e+01
1.251300e+01
1.247300e+01
1.242000e+01
1.237300e+01
1.232000e+01
1.226000e+01
1.220000e+01
1.213300e+01
1.206700e+01
1.199300e+01
1.192000e+01
1.184000e+01
1.176000e+01
1.168000e+01
1.160700e+01
1.152700e+01
1.144700e+01
1.136700e+01
1.128000e+01
1.120000e+01
1.111300e+01
1.103300e+01
1.094700e+01
1.086000e+01
1.076700e+01
1.068000e+01
1.059300e+01
1.051300e+01
1.044700e+01
1.036700e+01
1.027300e+01
1.020000e+01
1.012700e+01
1.004700e+01
9.970000e+00
9.900000e+00
9.840000e+00
9.770000e+00
9.700000e+00
9.643000e+00
9.583000e+00
9.527000e+00
9.480000e+00
9.423000e+00
9.390000e+00
9.353000e+00
9.313000e+00
9.283000e+00
9.270000e+00
9.277000e+00
9.277000e+00
9.283000e+00
9.307000e+00
9.333000e+00
9.380000e+00
9.457000e+00
9.520000e+00
9.643000e+00
9.783000e+00
9.930000e+00
1.008700e+01
1.024700e+01
1.040000e+01
1.061300e+01
1.082700e+01
1.105300e+01
1.121300e+01
1.144700e+01
1.163300e+01
1.169300e+01
1.178000e+01
1.185300e+01
1.195300e+01
1.202000e+01
1.207300e+01
1.220000e+01
1.232000e+01
1.237300e+01
1.248000e+01
1.252700e+01
1.252700e+01
1.254000e+01
1.254700e+01
1.255300e+01
1.258000e+01
1.260700e+01
1.264000e+01
1.266700e+01
1.267300e+01
1.268000e+01
1.270000e+01
1.270000e+01
1.269300e+01
1.269300e+01
1.269300e+01
1.268700e+01
1.268000e+01
1.266000e+01
1.264000e+01
1.262700e+01
1.260000e+01
1.256000e+01
1.252700e+01
1.248700e+01
1.244700e+01
1.240000e+01
1.234700e+01
1.229300e+01
1.224000e+01
1.218700e+01
1.212000e+01
1.206000e+01
1.198700e+01
1.191300e+01
1.183300e+01
1.175300e+01
1.166700e+01
1.158000e+01
1.148700e+01
1.140000e+01
1.131300e+01
1.122700e+01
1.113300e+01
1.104000e+01
1.095300e+01
1.086700e+01
1.078000e+01
1.070000e+01
1.062000e+01
1.054000e+01
1.046700e+01
1.038700e+01
1.031300e+01
1.024000e+01
1.015300e+01
1.008000e+01
1.000700e+01
9.937000e+00
9.867000e+00
9.790000e+00
9.720000e+00
9.660000e+00
9.610000e+00
9.577000e+00
9.540000e+00
9.520000e+00
9.533000e+00
9.553000e+00
9.597000e+00
9.660000e+00
9.720000e+00
9.803000e+00
9.900000e+00
1.001300e+01
1.014000e+01
1.028700e+01
1.044700e+01
1.062000e+01
1.079300e+01
1.098700e+01
1.117300e+01
1.135300e+01
1.154000e+01
1.173300e+01
1.186000e+01
1.195300e+01
1.211300e+01
1.218000e+01
1.226000e+01
1.242000e+01
1.242700e+01
1.252700e+01
1.265300e+01
1.274000e+01
1.278000e+01
1.287300e+01
1.291300e+01
1.286000e+01
1.287300e+01
1.296000e+01
1.304700e+01
1.310700e+01
1.312700e+01
1.313300e+01
1.312700e+01
1.310700e+01
1.308000e+01
1.306000e+01
1.304700e+01
1.301300e+01
1.296000e+01
1.292700e+01
1.288700e+01
1.284000e+01
1.278000e+01
1.271300e+01
1.263300e+01
1.255300e+01
1.247300e+01
1.239300e+01
1.230700e+01
1.221300e+01
1.211300e+01
1.202000e+01
1.192700e+01
1.183300e+01
1.174000e+01
1.164700e+01
1.154700e+01
1.145300e+01
1.136000e+01
1.126700e+01
1.116000e+01
1.106700e+01
1.097300e+01
1.087300e+01
1.078700e+01
1.070700e+01
1.062700e+01
1.054000e+01
1.046700e+01
1.039300e+01
1.032000e+01
1.025300e+01
1.019300e+01
1.012000e+01
1.006700e+01
1.001300e+01
9.970000e+00
9.923000e+00
9.880000e+00
9.827000e+00
9.783000e+00
9.743000e+00
9.707000e+00
9.680000e+00
9.643000e+00
9.610000e+00
9.583000e+00
9.570000e+00
9.547000e+00
9.547000e+00
9.563000e+00
9.590000e+00
9.630000e+00
9.700000e+00
9.777000e+00
9.853000e+00
9.963000e+00
1.008000e+01
1.020000e+01
1.034000e+01
1.047300e+01
1.061300e+01
1.080000e+01
1.094000e+01
1.110700e+01
1.132000e+01
1.147300e+01
1.156700e+01
1.170700e+01
1.188000e+01
1.208000e+01
1.218700e+01
1.225300e+01
1.230000e+01
1.231300e+01
1.238000e+01
1.239300e+01
1.240000e+01
1.238700e+01
1.236000e+01
1.237300e+01
1.241300e+01
1.244000e+01
1.248000e+01
1.248700e+01
1.248700e+01
1.249300e+01
1.252000e+01
1.251300e+01
1.250000e+01
1.248700e+01
1.248000e+01
1.246700e+01
1.246000e+01
1.243300e+01
1.240000e+01
1.238700e+01
1.235300e+01
1.231300e+01
1.226700e+01
1.222000e+01
1.216700e+01
1.211300e+01
1.205300e+01
1.199300e+01
1.192700e+01
1.186000e+01
1.179300e+01
1.172700e+01
1.164700e+01
1.156000e+01
1.147300e+01
1.139300e+01
1.131300e+01
1.124700e+01
1.119300e+01
1.114000e+01
1.108700e+01
1.102700e+01
1.096000e+01
1.089300e+01
1.082700e+01
1.074700e+01
1.066000e+01
1.058000e+01
1.051300e+01
1.045300e+01
1.040700e+01
1.036700e+01
1.032700e+01
1.029300e+01
1.025300e+01
1.020700e+01
1.016000e+01
1.012000e+01
1.006700e+01
1.002000e+01
9.957000e+00
9.900000e+00
9.873000e+00
9.860000e+00
9.833000e+00
9.817000e+00
9.810000e+00
9.810000e+00
9.810000e+00
9.817000e+00
9.817000e+00
9.840000e+00
9.867000e+00
9.907000e+00
9.970000e+00
1.001300e+01
1.005300e+01
1.010000e+01
1.018000e+01
1.031300e+01
1.044700e+01
1.057300e+01
1.072700e+01
1.083300e+01
1.095300e+01
1.114000e+01
1.128700e+01
1.138700e+01
1.146700e+01
1.159300e+01
1.166000e+01
1.171300e+01
1.182700e+01
1.187300e+01
1.194700e+01
1.207300e+01
1.221300e+01
1.228000e+01
1.235300e+01
1.237300e+01
1.241300e+01
1.245300e+01
1.248000e+01
1.250000e+01
1.252000e+01
1.252000e+01
1.250700e+01
1.250700e+01
1.248000e+01
1.244700e+01
1.240700e+01
1.235300e+01
1.231300e+01
1.228000e+01
1.223300e+01
1.219300e+01
1.215300e+01
1.210000e+01
1.204700e+01
1.198000e+01
1.190700e+01
1.184000e+01
1.178700e+01
1.171300e+01
1.163300e+01
1.156700e+01
1.148700e+01
1.142700e+01
1.136000e+01
1.130000e+01
1.123300e+01
1.117300e+01
1.110000e+01
1.103300e+01
1.095300e+01
1.088000e+01
1.080700e+01
1.073300e+01
1.066700e+01
1.059300e+01
1.051300e+01
1.043300e+01
1.034000e+01
1.024700e+01
1.016700e+01
1.009300e+01
1.000700e+01
9.930000e+00
9.853000e+00
9.777000e+00
9.700000e+00
9.623000e+00
9.547000e+00
9.463000e+00
9.397000e+00
9.320000e+00
9.243000e+00
9.160000e+00
9.090000e+00
9.027000e+00
8.973000e+00
8.923000e+00
8.883000e+00
8.870000e+00
8.870000e+00
8.870000e+00
8.863000e+00
8.870000e+00
8.877000e+00
8.910000e+00
9
9.077000e+00
9.160000e+00
9.263000e+00
9.320000e+00
9.450000e+00
9.513000e+00
9.563000e+00
9.667000e+00
9.687000e+00
9.733000e+00
9.763000e+00
9.763000e+00
9.763000e+00
9.790000e+00
9.803000e+00
9.847000e+00
9.923000e+00
9.963000e+00
9.983000e+00
1.001300e+01
1.006000e+01
1.016700e+01
1.017300e+01
1.019300e+01
1.026000e+01
1.029300e+01
1.029300e+01
1.036700e+01
1.042700e+01
1.045300e+01
1.046000e+01
1.048700e+01
1.050700e+01
1.050700e+01
1.048700e+01
1.045300e+01
1.042700e+01
1.039300e+01
1.036000e+01
1.032700e+01
1.028700e+01
1.023300e+01
1.016700e+01
1.010700e+01
1.003300e+01
9.957000e+00
9.887000e+00
9.797000e+00
9.727000e+00
9.660000e+00
9.590000e+00
9.520000e+00
9.450000e+00
9.380000e+00
9.307000e+00
9.243000e+00
9.167000e+00
9.097000e+00
9.027000e+00
8.953000e+00
8.877000e+00
8.807000e+00
8.723000e+00
8.647000e+00
8.570000e+00
8.493000e+00
8.410000e+00
8.327000e+00
8.247000e+00
8.170000e+00
8.093000e+00
8.017000e+00
7.947000e+00
7.870000e+00
7.800000e+00
7.740000e+00
7.677000e+00
7.607000e+00
7.537000e+00
7.477000e+00
7.413000e+00
7.357000e+00
7.297000e+00
7.247000e+00
7.193000e+00
7.143000e+00
7.110000e+00
7.087000e+00
7.067000e+00
7.053000e+00
7.060000e+00
7.093000e+00
7.143000e+00
7.220000e+00
7.303000e+00
7.387000e+00
7.483000e+00
7.587000e+00
7.710000e+00
7.850000e+00
8.017000e+00
8.177000e+00
8.363000e+00
8.550000e+00
8.757000e+00
8.960000e+00
9.167000e+00
9.353000e+00
9.533000e+00
9.733000e+00
9.917000e+00
1.007300e+01
1.023300e+01
1.038000e+01
1.051300e+01
1.064000e+01
1.078000e+01
1.092000e+01
1.102000e+01
1.110000e+01
1.118000e+01
1.124000e+01
1.130700e+01
1.137300e+01
1.143300e+01
1.150000e+01
1.154700e+01
1.160000e+01
1.162000e+01
1.162000e+01
1.162000e+01
1.162700e+01
1.163300e+01
1.163300e+01
1.160700e+01
1.158700e+01
1.156000e+01
1.153300e+01
1.150000e+01
1.145300e+01
1.140700e+01
1.135300e+01
1.131300e+01
1.126000e+01
1.120000e+01
1.114000e+01
1.108000e+01
1.101300e+01
1.094700e+01
1.087300e+01
1.080000e+01
1.072700e+01
1.064700e+01
1.056700e+01
1.048700e+01
1.040700e+01
1.032700e+01
1.024700e+01
1.015300e+01
1.007300e+01
9.983000e+00
9.893000e+00
9.810000e+00
9.727000e+00
9.637000e+00
9.547000e+00
9.457000e+00
9.373000e+00
9.300000e+00
9.223000e+00
9.147000e+00
9.077000e+00
9.007000e+00
8.930000e+00
8.870000e+00
8.807000e+00
8.737000e+00
8.673000e+00
8.613000e+00
8.550000e+00
8.500000e+00
8.460000e+00
8.433000e+00
8.417000e+00
8.403000e+00
8.403000e+00
8.417000e+00
8.467000e+00
8.530000e+00
8.607000e+00
8.690000e+00
8.787000e+00
8.897000e+00
9.020000e+00
9.167000e+00
9.327000e+00
9.507000e+00
9.680000e+00
9.887000e+00
1.008700e+01
1.026700e+01
1.046000e+01
1.064700e+01
1.083300e+01
1.101300e+01
1.120700e+01
1.137300e+01
1.152000e+01
1.165300e+01
1.180000e+01
1.192000e+01
1.202700e+01
1.216000e+01
1.230000e+01
1.240000e+01
1.248000e+01
1.256000e+01
1.263300e+01
1.270000e+01
1.276000e+01
1.281300e+01
1.285300e+01
1.289300e+01
1.293300e+01
1.294000e+01
1.292700e+01
1.292000e+01
1.290000e+01
1.289300e+01
1.288000e+01
1.285300e+01
1.282000e+01
1.278000e+01
1.273300e+01
1.268000e+01
1.262000e+01
1.255300e+01
1.248000e+01
1.240700e+01
1.234000e+01
1.226700e+01
1.219300e+01
1.212000e+01
1.204000e+01
1.195300e+01
1.186000e+01
1.177300e+01
1.168000e+01
1.160000e+01
1.150700e+01
1.140700e+01
1.130700e+01
1.120700e+01
1.111300e+01
1.102000e+01
1.092000e+01
1.082000e+01
1.072700e+01
1.062700e+01
1.052700e+01
1.042700e+01
1.032700e+01
1.023300e+01
1.013300e+01
1.004700e+01
9.943000e+00
9.853000e+00
9.763000e+00
9.687000e+00
9.603000e+00
9.527000e+00
9.443000e+00
9.360000e+00
9.283000e+00
9.217000e+00
9.140000e+00
9.077000e+00
9.027000e+00
8.987000e+00
8.960000e+00
8.937000e+00
8.937000e+00
8.953000e+00
8.987000e+00
9.050000e+00
9.127000e+00
9.217000e+00
9.320000e+00
9.450000e+00
9.590000e+00
9.750000e+00
9.907000e+00
1.009300e+01
1.028000e+01
1.048700e+01
1.070700e+01
1.091300e+01
1.113300e+01
1.134700e+01
1.154700e+01
1.175300e+01
1.196700e+01
1.214700e+01
1.233300e+01
1.249300e+01
1.266000e+01
1.280700e+01
1.295300e+01
1.312000e+01
1.327300e+01
1.337300e+01
1.346000e+01
1.354000e+01
1.360000e+01
1.366000e+01
1.372700e+01
1.379300e+01
1.386000e+01
1.390700e+01
1.395300e+01
1.396700e+01
1.396700e+01
1.396000e+01
1.395300e+01
1.394700e+01
1.394000e+01
1.392000e+01
1.390000e+01
1.388000e+01
1.383300e+01
1.379300e+01
1.374000e+01
1.368700e+01
1.362000e+01
1.355300e+01
1.348700e+01
1.342000e+01
1.334700e+01
1.327300e+01
1.318700e+01
1.310700e+01
1.302700e+01
1.294000e+01
1.284000e+01
1.274700e+01
1.265300e+01
1.254700e+01
1.244700e+01
1.236000e+01
1.226700e+01
1.217300e+01
1.207300e+01
1.198700e+01
1.188700e+01
1.178000e+01
1.168700e+01
1.158700e+01
1.149300e+01
1.140000e+01
1.130700e+01
1.122000e+01
1.113300e+01
1.105300e+01
1.096700e+01
1.088700e+01
1.081300e+01
1.074700e+01
1.068700e+01
1.063300e+01
1.061300e+01
1.060700e+01
1.060000e+01
1.059300e+01
1.059300e+01
1.059300e+01
1.059300e+01
1.060000e+01
1.060700e+01
1.062000e+01
1.063300e+01
1.064000e+01
1.066700e+01
1.068700e+01
1.073300e+01
1.079300e+01
1.086000e+01
1.092000e+01
1.096000e+01
1.103300e+01
1.108000e+01
1.117300e+01
1.128000e+01
1.131300e+01
1.137300e+01
1.145300e+01
1.149300e+01
1.154000e+01
1.160000e+01
1.168700e+01
1.173300e+01
1.181300e+01
1.190000e+01
1.190700e+01
1.196700e+01
1.201300e+01
1.204000e+01
1.210000e+01
1.212700e+01
1.216000e+01
1.220000e+01
1.222700e+01
1.225300e+01
1.228700e+01
1.230700e+01
1.231300e+01
1.232000e+01
1.232700e+01
1.230000e+01
1.227300e+01
1.224700e+01
1.221300e+01
1.218000e+01
1.214000e+01
1.210700e+01
1.206700e+01
1.202700e+01
1.197300e+01
1.192000e+01
1.185300e+01
1.179300e+01
1.172700e+01
1.166000e+01
1.158700e+01
1.152000e+01
1.145300e+01
1.138000e+01
1.131300e+01
1.124700e+01
1.117300e+01
1.110000e+01
1.102700e+01
1.094700e+01
1.087300e+01
1.080000e+01
1.071300e+01
1.062700e+01
1.054000e+01
1.044700e+01
1.036000e+01
1.027300e+01
1.018000e+01
1.009300e+01
9.990000e+00
9.900000e+00
9.817000e+00
9.733000e+00
9.643000e+00
9.563000e+00
9.470000e+00
9.390000e+00
9.307000e+00
9.230000e+00
9.160000e+00
9.090000e+00
9.027000e+00
8.967000e+00
8.897000e+00
8.827000e+00
8.757000e+00
8.697000e+00
8.653000e+00
8.620000e+00
8.600000e+00
8.590000e+00
8.600000e+00
8.633000e+00
8.680000e+00
8.730000e+00
8.793000e+00
8.853000e+00
8.930000e+00
9.007000e+00
9.127000e+00
9.243000e+00
9.373000e+00
9.507000e+00
9.667000e+00
9.827000e+00
9.983000e+00
1.014700e+01
1.030000e+01
1.045300e+01
1.058700e+01
1.073300e+01
1.085300e+01
1.098000e+01
1.109300e+01
1.120700e+01
1.130000e+01
1.139300e+01
1.150000e+01
1.160000e+01
1.166000e+01
1.174000e+01
1.178000e+01
1.179300e+01
1.182000e+01
1.184000e+01
1.186000e+01
1.188700e+01
1.192000e+01
1.194000e+01
1.192700e+01
1.189300e+01
1.186700e+01
1.184000e+01
1.182000e+01
1.180000e+01
1.177300e+01
1.174000e+01
1.170700e+01
1.166000e+01
1.161300e+01
1.156000e+01
1.150000e+01
1.144000e+01
1.138000e+01
1.132000e+01
1.125300e+01
1.120000e+01
1.112700e+01
1.105300e+01
1.099300e+01
1.092000e+01
1.084000e+01
1.076000e+01
1.067300e+01
1.067300e+01
