3.560000e+00
3.610000e+00
3.560000e+00
3.530000e+00
3.350000e+00
3.140000e+00
3.060000e+00
3.220000e+00
3.430000e+00
3.950000e+00
4.840000e+00
5.610000e+00
6.120000e+00
6.300000e+00
7.090000e+00
7.390000e+00
7.090000e+00
6.940000e+00
6.990000e+00
6.280000e+00
5.840000e+00
5.770000e+00
5.480000e+00
5.230000e+00
5.230000e+00
4.890000e+00
4.860000e+00
4.740000e+00
4.480000e+00
4.160000e+00
3.980000e+00
3.590000e+00
3.770000e+00
4.710000e+00
5.920000e+00
6.480000e+00
7.160000e+00
7.690000e+00
7.820000e+00
7.970000e+00
8.040000e+00
7.720000e+00
7.090000e+00
6.560000e+00
6.150000e+00
5.840000e+00
5.610000e+00
5.430000e+00
5.280000e+00
5.070000e+00
4.970000e+00
4.790000e+00
4.500000e+00
4.450000e+00
4.660000e+00
4.760000e+00
4.890000e+00
5.200000e+00
5.480000e+00
5.940000e+00
6.610000e+00
7.010000e+00
7.260000e+00
7.360000e+00
7.390000e+00
7.210000e+00
6.940000e+00
7.040000e+00
6.990000e+00
6.880000e+00
6.860000e+00
6.940000e+00
6.860000e+00
6.730000e+00
6.610000e+00
6.500000e+00
6.350000e+00
6.250000e+00
6.230000e+00
6.200000e+00
6.280000e+00
6.480000e+00
6.780000e+00
7.260000e+00
7.720000e+00
7.840000e+00
8.190000e+00
7.920000e+00
7.590000e+00
7.060000e+00
6.350000e+00
6
5.530000e+00
5.100000e+00
4.920000e+00
4.890000e+00
4.740000e+00
4.450000e+00
4.290000e+00
4.060000e+00
3.950000e+00
3.740000e+00
3.560000e+00
3.400000e+00
3.400000e+00
3.800000e+00
4.610000e+00
5.460000e+00
6.200000e+00
6.760000e+00
6.730000e+00
7.010000e+00
6.660000e+00
6.280000e+00
5.510000e+00
5.360000e+00
5.330000e+00
4.860000e+00
4.580000e+00
4.240000e+00
3.900000e+00
3.610000e+00
3.350000e+00
3.060000e+00
2.850000e+00
2.690000e+00
2.470000e+00
2.230000e+00
2.340000e+00
2.770000e+00
3.450000e+00
4.030000e+00
4.290000e+00
4.580000e+00
4.760000e+00
5.100000e+00
5.410000e+00
5.410000e+00
5.410000e+00
5.430000e+00
5.380000e+00
5.120000e+00
5.200000e+00
5.200000e+00
5.230000e+00
5.230000e+00
5.100000e+00
5.150000e+00
5.250000e+00
5.360000e+00
5.530000e+00
5.660000e+00
5.820000e+00
6.100000e+00
6.660000e+00
7.140000e+00
7.390000e+00
7.490000e+00
7.540000e+00
7.640000e+00
7.690000e+00
7.740000e+00
7.740000e+00
7.820000e+00
7.920000e+00
7.920000e+00
8.090000e+00
8.140000e+00
8.270000e+00
8.440000e+00
8.440000e+00
8.360000e+00
8.460000e+00
8.490000e+00
8.460000e+00
8.490000e+00
8.540000e+00
8.640000e+00
8.890000e+00
9.160000e+00
9.230000e+00
9.410000e+00
9.410000e+00
9.360000e+00
9.360000e+00
9.310000e+00
9.230000e+00
9.260000e+00
9.210000e+00
9.230000e+00
9.260000e+00
9.230000e+00
9.160000e+00
9.160000e+00
9.110000e+00
9.060000e+00
8.990000e+00
8.910000e+00
8.860000e+00
8.790000e+00
8.760000e+00
8.810000e+00
8.860000e+00
9.060000e+00
9.130000e+00
9.210000e+00
9.360000e+00
9.500000e+00
9.430000e+00
9.330000e+00
9.230000e+00
9.160000e+00
9.110000e+00
9.060000e+00
9.010000e+00
8.940000e+00
8.860000e+00
8.810000e+00
8.740000e+00
8.660000e+00
8.590000e+00
8.510000e+00
8.410000e+00
8.360000e+00
8.360000e+00
8.490000e+00
8.610000e+00
8.760000e+00
9.010000e+00
9.040000e+00
9.210000e+00
9.160000e+00
9.260000e+00
8.790000e+00
8.360000e+00
7.990000e+00
7.870000e+00
7.640000e+00
7.540000e+00
7.460000e+00
7.440000e+00
7.390000e+00
7.290000e+00
7.140000e+00
7.040000e+00
6.830000e+00
6.500000e+00
6.170000e+00
6.580000e+00
6.860000e+00
7.190000e+00
7.690000e+00
7.740000e+00
7.840000e+00
7.870000e+00
7.890000e+00
7.740000e+00
7.360000e+00
6.910000e+00
6.350000e+00
5.740000e+00
5.280000e+00
4.890000e+00
4.580000e+00
4.240000e+00
3.980000e+00
3.740000e+00
3.530000e+00
3.240000e+00
3.110000e+00
2.870000e+00
2.740000e+00
3.240000e+00
4.190000e+00
4.790000e+00
5.250000e+00
5.770000e+00
6.430000e+00
6.910000e+00
7.240000e+00
7.240000e+00
6.940000e+00
6.450000e+00
6.150000e+00
5.970000e+00
5.840000e+00
5.660000e+00
5.480000e+00
5.330000e+00
5.330000e+00
5.300000e+00
5.330000e+00
5.380000e+00
5.330000e+00
5.230000e+00
5.200000e+00
5.460000e+00
5.840000e+00
6.480000e+00
7.190000e+00
7.870000e+00
8.490000e+00
8.510000e+00
8.460000e+00
8.390000e+00
8.390000e+00
8.310000e+00
8.220000e+00
8.120000e+00
8.120000e+00
8.220000e+00
8.270000e+00
8.340000e+00
8.310000e+00
8.310000e+00
8.310000e+00
8.360000e+00
8.390000e+00
8.390000e+00
8.410000e+00
8.690000e+00
8.840000e+00
9.430000e+00
9.780000e+00
1.012000e+01
9.750000e+00
9.430000e+00
8.860000e+00
8.610000e+00
8.290000e+00
7.890000e+00
7.440000e+00
7.140000e+00
7.090000e+00
6.880000e+00
6.680000e+00
6.200000e+00
5.840000e+00
5.660000e+00
5.690000e+00
5.610000e+00
5.590000e+00
5.330000e+00
5.360000e+00
5.590000e+00
5.840000e+00
5.820000e+00
5.890000e+00
6.450000e+00
6.630000e+00
6.660000e+00
6.880000e+00
6.860000e+00
6.350000e+00
5.890000e+00
5.710000e+00
5.710000e+00
5.770000e+00
5.770000e+00
5.820000e+00
5.530000e+00
5.640000e+00
5.710000e+00
5.790000e+00
5.840000e+00
5.790000e+00
5.870000e+00
5.940000e+00
6.200000e+00
6.580000e+00
6.880000e+00
7.140000e+00
7.360000e+00
7.540000e+00
7.390000e+00
7.540000e+00
7.770000e+00
8.190000e+00
8.560000e+00
8.690000e+00
8.560000e+00
8.710000e+00
8.390000e+00
7.870000e+00
7.410000e+00
7.190000e+00
6.990000e+00
6.660000e+00
6.300000e+00
6
5.790000e+00
5.690000e+00
6.300000e+00
7.060000e+00
7.290000e+00
7.920000e+00
8.240000e+00
8.540000e+00
8.510000e+00
8.810000e+00
8.690000e+00
8.240000e+00
7.720000e+00
6.940000e+00
6.560000e+00
6.350000e+00
6.070000e+00
5.710000e+00
5.770000e+00
5.530000e+00
5.690000e+00
5.230000e+00
5.510000e+00
5.530000e+00
5.690000e+00
5.710000e+00
6.120000e+00
6.860000e+00
7.720000e+00
8.590000e+00
9.010000e+00
9.530000e+00
1.068000e+01
1.046000e+01
1.063000e+01
1.029000e+01
9.380000e+00
8.690000e+00
9.180000e+00
9.630000e+00
9.630000e+00
9.180000e+00
9.110000e+00
8.960000e+00
8.790000e+00
8.660000e+00
8.540000e+00
8.490000e+00
8.340000e+00
8.360000e+00
8.440000e+00
8.540000e+00
8.740000e+00
9.110000e+00
9.160000e+00
9.180000e+00
9.110000e+00
8.910000e+00
8.460000e+00
8.310000e+00
8.090000e+00
7.820000e+00
7.540000e+00
7.190000e+00
7.040000e+00
6.940000e+00
6.880000e+00
6.910000e+00
6.680000e+00
6.280000e+00
6.120000e+00
5.870000e+00
5.640000e+00
5.660000e+00
6.280000e+00
6.450000e+00
6.300000e+00
5.970000e+00
6.150000e+00
6.450000e+00
6.580000e+00
7.140000e+00
7.090000e+00
7.040000e+00
6.530000e+00
6.380000e+00
6.200000e+00
5.790000e+00
5.610000e+00
5.590000e+00
5.610000e+00
5.610000e+00
5.610000e+00
5.690000e+00
5.660000e+00
5.610000e+00
5.410000e+00
5.480000e+00
5.740000e+00
6.070000e+00
6.120000e+00
6.020000e+00
6
6.170000e+00
6.860000e+00
6.960000e+00
6.910000e+00
6.780000e+00
6.400000e+00
6.170000e+00
6.070000e+00
5.970000e+00
5.740000e+00
5.380000e+00
5.150000e+00
5.330000e+00
5.480000e+00
5.610000e+00
5.660000e+00
5.740000e+00
5.740000e+00
5.870000e+00
6.100000e+00
6.330000e+00
6.660000e+00
7.210000e+00
7.310000e+00
7.490000e+00
7.720000e+00
7.990000e+00
7.820000e+00
7.410000e+00
6.530000e+00
5.890000e+00
5.280000e+00
4.840000e+00
4.500000e+00
4.160000e+00
3.980000e+00
4.080000e+00
4.400000e+00
4.760000e+00
5.020000e+00
5.170000e+00
5.330000e+00
5.480000e+00
5.690000e+00
6.020000e+00
6.660000e+00
7.340000e+00
7.720000e+00
8.660000e+00
9.130000e+00
9.260000e+00
9.210000e+00
9.210000e+00
9.280000e+00
9.360000e+00
9.460000e+00
9.550000e+00
9.550000e+00
9.630000e+00
9.600000e+00
9.580000e+00
9.530000e+00
9.500000e+00
9.530000e+00
9.550000e+00
9.600000e+00
9.650000e+00
9.730000e+00
1.002000e+01
1.017000e+01
1.041000e+01
1.056000e+01
1.071000e+01
1.093000e+01
1.110000e+01
1.122000e+01
1.112000e+01
1.056000e+01
9.730000e+00
9.260000e+00
8.660000e+00
8.120000e+00
7.720000e+00
7.310000e+00
6.990000e+00
7.290000e+00
7.820000e+00
7.940000e+00
7.940000e+00
7.890000e+00
7.920000e+00
7.970000e+00
8.310000e+00
8.890000e+00
9.500000e+00
9.580000e+00
1.005000e+01
1.036000e+01
1.024000e+01
1.014000e+01
9.650000e+00
8.790000e+00
7.970000e+00
7.540000e+00
6.990000e+00
6.580000e+00
6.400000e+00
5.840000e+00
5.610000e+00
5.170000e+00
4.760000e+00
4.660000e+00
4.420000e+00
4.290000e+00
4.080000e+00
5.530000e+00
7.610000e+00
8.220000e+00
9.210000e+00
1.002000e+01
1.041000e+01
1.154000e+01
1.175000e+01
1.183000e+01
1.129000e+01
10
8.940000e+00
8.140000e+00
7.390000e+00
6.940000e+00
6.350000e+00
6.020000e+00
5.740000e+00
5.590000e+00
5.330000e+00
5.250000e+00
5.070000e+00
5.070000e+00
5.020000e+00
5.820000e+00
7.840000e+00
8.560000e+00
9.600000e+00
1.002000e+01
1.102000e+01
1.051000e+01
1.059000e+01
1.059000e+01
1.036000e+01
9.730000e+00
9.230000e+00
8.440000e+00
8.020000e+00
7.720000e+00
7.720000e+00
7.510000e+00
7.310000e+00
7.140000e+00
6.760000e+00
6.400000e+00
5.790000e+00
5.590000e+00
5.820000e+00
7.110000e+00
8.590000e+00
8.860000e+00
9.430000e+00
9.970000e+00
1.056000e+01
1.061000e+01
1.132000e+01
1.141000e+01
1.090000e+01
1.024000e+01
9.750000e+00
9.160000e+00
8.240000e+00
7.890000e+00
7.260000e+00
6.780000e+00
6.630000e+00
6.560000e+00
5.560000e+00
5.710000e+00
5.510000e+00
5.330000e+00
5.640000e+00
5.740000e+00
7.540000e+00
8.140000e+00
8.640000e+00
8.960000e+00
9.210000e+00
9.550000e+00
1.068000e+01
1.081000e+01
1.049000e+01
9.900000e+00
9.360000e+00
8.790000e+00
8.040000e+00
7.490000e+00
7.820000e+00
8.020000e+00
8.140000e+00
8.220000e+00
8.240000e+00
8.290000e+00
8.290000e+00
8.290000e+00
8.390000e+00
8.940000e+00
9.330000e+00
9.920000e+00
1.102000e+01
1.156000e+01
1.188000e+01
1.263000e+01
1.270000e+01
1.265000e+01
1.231000e+01
1.137000e+01
1.010000e+01
9.480000e+00
8.890000e+00
8.360000e+00
8.020000e+00
7.610000e+00
7.290000e+00
6.910000e+00
6.530000e+00
6.280000e+00
6.020000e+00
5.710000e+00
6.200000e+00
8.310000e+00
1.154000e+01
1.134000e+01
1.226000e+01
1.277000e+01
1.255000e+01
1.316000e+01
1.304000e+01
1.267000e+01
1.209000e+01
1.149000e+01
1.051000e+01
9.820000e+00
9.280000e+00
8.840000e+00
8.490000e+00
8.040000e+00
7.790000e+00
7.390000e+00
7.290000e+00
6.880000e+00
7.690000e+00
7.920000e+00
8.090000e+00
8.660000e+00
9.360000e+00
9.530000e+00
1.014000e+01
1.088000e+01
1.137000e+01
1.154000e+01
1.166000e+01
1.149000e+01
1.105000e+01
1.029000e+01
9.630000e+00
9.180000e+00
8.740000e+00
8.390000e+00
8.540000e+00
8.560000e+00
8.390000e+00
8.220000e+00
8.070000e+00
7.970000e+00
7.970000e+00
8.070000e+00
8.190000e+00
8.360000e+00
8.490000e+00
8.810000e+00
9.360000e+00
9.730000e+00
9.870000e+00
1.017000e+01
1.027000e+01
1.032000e+01
1.029000e+01
1.027000e+01
1.022000e+01
1.024000e+01
1.032000e+01
1.036000e+01
1.032000e+01
1.039000e+01
1.039000e+01
1.039000e+01
1.039000e+01
1.036000e+01
1.032000e+01
1.029000e+01
1.029000e+01
1.041000e+01
1.056000e+01
1.093000e+01
1.120000e+01
1.107000e+01
1.144000e+01
1.161000e+01
1.173000e+01
1.146000e+01
1.122000e+01
11
1.081000e+01
1.063000e+01
1.054000e+01
1.046000e+01
1.029000e+01
1.027000e+01
1.022000e+01
1.014000e+01
1.007000e+01
10
9.950000e+00
9.850000e+00
9.850000e+00
9.950000e+00
1.059000e+01
11
1.163000e+01
1.175000e+01
1.161000e+01
1.161000e+01
1.146000e+01
1.127000e+01
1.112000e+01
1.083000e+01
1.063000e+01
1.046000e+01
1.036000e+01
1.032000e+01
1.027000e+01
1.022000e+01
1.005000e+01
10
9.950000e+00
9.820000e+00
9.630000e+00
9.430000e+00
9.500000e+00
9.780000e+00
9.820000e+00
9.870000e+00
10
1.024000e+01
1.054000e+01
1.083000e+01
1.088000e+01
1.071000e+01
1.027000e+01
9.480000e+00
8.270000e+00
7.940000e+00
7.360000e+00
6.990000e+00
6.680000e+00
6.250000e+00
5.710000e+00
5.120000e+00
5.050000e+00
5.770000e+00
5.920000e+00
5.610000e+00
6.120000e+00
7.890000e+00
8.640000e+00
9.210000e+00
9.580000e+00
9.900000e+00
1.049000e+01
1.041000e+01
1.056000e+01
1.044000e+01
1.010000e+01
9.730000e+00
9.260000e+00
8.390000e+00
7.490000e+00
7.540000e+00
7.640000e+00
7.640000e+00
7.160000e+00
6.830000e+00
6.430000e+00
6.300000e+00
6.230000e+00
5.870000e+00
6.500000e+00
7.590000e+00
9.310000e+00
1.054000e+01
1.173000e+01
1.195000e+01
1.236000e+01
1.231000e+01
1.085000e+01
1.081000e+01
1.046000e+01
9.950000e+00
9.800000e+00
9.600000e+00
9.480000e+00
9.310000e+00
9.310000e+00
9.310000e+00
9.280000e+00
9.210000e+00
9.110000e+00
9.010000e+00
8.810000e+00
8.840000e+00
8.840000e+00
9.080000e+00
9.460000e+00
1.051000e+01
1.129000e+01
1.144000e+01
1.102000e+01
1.095000e+01
1.093000e+01
1.098000e+01
1.090000e+01
1.014000e+01
9.260000e+00
8.740000e+00
8.120000e+00
7.770000e+00
7.440000e+00
7.310000e+00
7.110000e+00
7.010000e+00
6.960000e+00
6.660000e+00
6.480000e+00
6.480000e+00
7.410000e+00
9.230000e+00
1.277000e+01
1.088000e+01
1.163000e+01
1.250000e+01
1.323000e+01
1.373000e+01
1.407000e+01
1.421000e+01
1.352000e+01
1.205000e+01
9.750000e+00
9.180000e+00
8.460000e+00
8.940000e+00
8.410000e+00
7.690000e+00
7.460000e+00
6.780000e+00
6.730000e+00
5.870000e+00
6.070000e+00
5.840000e+00
7.260000e+00
9.650000e+00
1.308000e+01
1.154000e+01
1.205000e+01
1.236000e+01
1.299000e+01
1.320000e+01
1.347000e+01
1.342000e+01
1.234000e+01
1.154000e+01
1.034000e+01
9.650000e+00
9.110000e+00
8.510000e+00
8.090000e+00
7.870000e+00
7.390000e+00
7.110000e+00
6.660000e+00
6.380000e+00
6.070000e+00
5.840000e+00
7.260000e+00
1.010000e+01
1.421000e+01
1.234000e+01
1.250000e+01
1.323000e+01
1.393000e+01
1.445000e+01
1.440000e+01
1.438000e+01
1.378000e+01
1.197000e+01
1.081000e+01
1.014000e+01
9.430000e+00
8.740000e+00
8.340000e+00
7.940000e+00
7.790000e+00
7.460000e+00
7.240000e+00
6.880000e+00
6.610000e+00
6.300000e+00
7.790000e+00
1.024000e+01
1.510000e+01
1.243000e+01
1.313000e+01
1.313000e+01
1.378000e+01
1.357000e+01
1.337000e+01
1.332000e+01
1.270000e+01
1.207000e+01
1.107000e+01
1.032000e+01
9.780000e+00
9.230000e+00
8.790000e+00
8.340000e+00
7.840000e+00
7.610000e+00
7.260000e+00
6.960000e+00
6.730000e+00
6.660000e+00
8.190000e+00
1.073000e+01
1.168000e+01
1.299000e+01
1.359000e+01
1.364000e+01
1.323000e+01
1.448000e+01
1.448000e+01
1.433000e+01
1.426000e+01
1.323000e+01
1.197000e+01
1.132000e+01
1.068000e+01
1.012000e+01
9.900000e+00
9.430000e+00
9.130000e+00
8.840000e+00
8.510000e+00
8.070000e+00
7.820000e+00
7.940000e+00
9.280000e+00
1.284000e+01
1.713000e+01
1.505000e+01
1.589000e+01
1.636000e+01
1.682000e+01
1.693000e+01
1.746000e+01
1.660000e+01
1.617000e+01
1.440000e+01
1.299000e+01
1.209000e+01
1.166000e+01
11
1.066000e+01
1.049000e+01
1.022000e+01
1.017000e+01
9.650000e+00
9.260000e+00
9.080000e+00
9.130000e+00
1.036000e+01
1.248000e+01
1.574000e+01
1.433000e+01
1.381000e+01
1.457000e+01
1.527000e+01
1.550000e+01
1.539000e+01
1.558000e+01
1.512000e+01
1.440000e+01
1.378000e+01
1.335000e+01
1.263000e+01
1.248000e+01
1.250000e+01
1.229000e+01
1.205000e+01
1.188000e+01
1.168000e+01
1.149000e+01
1.141000e+01
1.132000e+01
1.156000e+01
1.185000e+01
1.197000e+01
1.265000e+01
1.328000e+01
1.373000e+01
1.378000e+01
1.371000e+01
1.383000e+01
1.419000e+01
1.393000e+01
1.335000e+01
1.253000e+01
1.149000e+01
1.083000e+01
1.046000e+01
9.780000e+00
9.680000e+00
9.180000e+00
8.590000e+00
8.610000e+00
8.070000e+00
7.990000e+00
8.070000e+00
9.430000e+00
1.027000e+01
1.612000e+01
1.313000e+01
1.393000e+01
1.414000e+01
1.440000e+01
1.460000e+01
1.464000e+01
1.419000e+01
1.383000e+01
1.349000e+01
1.294000e+01
1.255000e+01
1.214000e+01
1.188000e+01
1.117000e+01
1.049000e+01
1.005000e+01
9.180000e+00
9.160000e+00
8.560000e+00
8.040000e+00
8.270000e+00
9.700000e+00
1.335000e+01
1.793000e+01
1.474000e+01
1.469000e+01
1.507000e+01
1.493000e+01
1.519000e+01
1.505000e+01
1.581000e+01
1.481000e+01
1.388000e+01
1.243000e+01
1.134000e+01
1.085000e+01
1.034000e+01
9.870000e+00
9.500000e+00
9.330000e+00
9.380000e+00
8.890000e+00
9.010000e+00
9.040000e+00
8.840000e+00
9.530000e+00
1.323000e+01
1.789000e+01
1.503000e+01
1.522000e+01
1.603000e+01
1.572000e+01
1.484000e+01
1.498000e+01
1.498000e+01
1.421000e+01
1.359000e+01
1.272000e+01
1.209000e+01
1.168000e+01
1.093000e+01
1.061000e+01
1.061000e+01
1.022000e+01
9.870000e+00
9.950000e+00
9.900000e+00
9.330000e+00
9.550000e+00
9.730000e+00
1.107000e+01
1.115000e+01
1.243000e+01
1.357000e+01
1.371000e+01
1.419000e+01
1.424000e+01
1.414000e+01
1.414000e+01
1.340000e+01
1.287000e+01
1.214000e+01
1.149000e+01
1.063000e+01
1.041000e+01
1.010000e+01
9.500000e+00
9.310000e+00
8.460000e+00
8.220000e+00
7.560000e+00
6.960000e+00
7.340000e+00
8.640000e+00
9.700000e+00
1.601000e+01
1.175000e+01
1.146000e+01
1.141000e+01
1.246000e+01
1.221000e+01
1.190000e+01
1.168000e+01
1.127000e+01
1.071000e+01
9.360000e+00
8.640000e+00
8.410000e+00
7.590000e+00
7.310000e+00
6.990000e+00
6.380000e+00
6.200000e+00
6.070000e+00
5.770000e+00
5.530000e+00
5.820000e+00
7.610000e+00
1.188000e+01
1.672000e+01
1.229000e+01
1.282000e+01
1.323000e+01
1.332000e+01
1.357000e+01
1.357000e+01
1.383000e+01
1.373000e+01
1.243000e+01
1.105000e+01
1.012000e+01
9.550000e+00
9.010000e+00
8.590000e+00
8.190000e+00
7.920000e+00
7.310000e+00
7.210000e+00
6.960000e+00
6.710000e+00
6.960000e+00
8.990000e+00
1.337000e+01
1.796000e+01
1.424000e+01
1.460000e+01
1.474000e+01
1.507000e+01
1.522000e+01
1.493000e+01
1.546000e+01
1.476000e+01
1.347000e+01
1.202000e+01
1.107000e+01
1.049000e+01
9.550000e+00
9.110000e+00
8.810000e+00
8.240000e+00
7.940000e+00
7.490000e+00
7.060000e+00
6.810000e+00
7.310000e+00
9.580000e+00
1.424000e+01
1.953000e+01
1.567000e+01
1.572000e+01
1.574000e+01
1.691000e+01
1.612000e+01
1.636000e+01
1.679000e+01
1.629000e+01
1.534000e+01
1.376000e+01
1.258000e+01
1.192000e+01
1.124000e+01
1.081000e+01
1.014000e+01
1.010000e+01
9.870000e+00
9.380000e+00
9.060000e+00
9.750000e+00
1.029000e+01
1.071000e+01
1.107000e+01
1.224000e+01
1.279000e+01
1.330000e+01
1.342000e+01
1.431000e+01
1.397000e+01
1.417000e+01
1.414000e+01
1.385000e+01
1.320000e+01
1.229000e+01
1.151000e+01
1.081000e+01
1.017000e+01
9.800000e+00
8.790000e+00
8.310000e+00
8.040000e+00
7.690000e+00
7.740000e+00
7.640000e+00
7.460000e+00
9.180000e+00
1.217000e+01
1.505000e+01
1.279000e+01
1.282000e+01
1.296000e+01
1.304000e+01
1.318000e+01
1.311000e+01
1.344000e+01
1.306000e+01
1.221000e+01
1.066000e+01
1.007000e+01
9.550000e+00
8.890000e+00
8.660000e+00
8.170000e+00
7.640000e+00
7.560000e+00
7.140000e+00
6.910000e+00
6.330000e+00
7.140000e+00
9.040000e+00
1.393000e+01
1.801000e+01
1.323000e+01
1.311000e+01
1.335000e+01
1.347000e+01
1.381000e+01
1.426000e+01
1.469000e+01
1.445000e+01
1.388000e+01
1.279000e+01
1.241000e+01
1.190000e+01
1.134000e+01
1.054000e+01
9.950000e+00
8.810000e+00
8.540000e+00
8.540000e+00
7.840000e+00
8.460000e+00
8.810000e+00
9.530000e+00
1.024000e+01
1.267000e+01
1.250000e+01
1.258000e+01
1.311000e+01
1.328000e+01
1.364000e+01
1.376000e+01
1.357000e+01
1.323000e+01
1.282000e+01
1.234000e+01
1.161000e+01
1.139000e+01
1.117000e+01
1.107000e+01
1.088000e+01
1.078000e+01
1.073000e+01
1.063000e+01
1.059000e+01
1.044000e+01
1.039000e+01
1.071000e+01
1.175000e+01
1.226000e+01
1.354000e+01
1.347000e+01
1.364000e+01
1.381000e+01
1.388000e+01
1.378000e+01
1.409000e+01
1.385000e+01
1.337000e+01
1.205000e+01
1.158000e+01
1.102000e+01
1.029000e+01
1.049000e+01
1.039000e+01
9.480000e+00
9.110000e+00
8.790000e+00
8.560000e+00
8.440000e+00
8.740000e+00
9.010000e+00
9.800000e+00
1.054000e+01
1.095000e+01
1.090000e+01
1.120000e+01
1.129000e+01
1.171000e+01
1.209000e+01
1.175000e+01
1.209000e+01
1.175000e+01
1.144000e+01
1.117000e+01
11
1.083000e+01
1.051000e+01
9.800000e+00
9.530000e+00
9.330000e+00
8.810000e+00
8.270000e+00
8.120000e+00
8.410000e+00
9.010000e+00
1.061000e+01
1.107000e+01
1.166000e+01
1.156000e+01
1.185000e+01
1.221000e+01
1.241000e+01
1.207000e+01
1.195000e+01
1.197000e+01
1.166000e+01
1.076000e+01
1.063000e+01
1.024000e+01
9.900000e+00
8.840000e+00
8.660000e+00
8.890000e+00
8.940000e+00
9.080000e+00
9.080000e+00
9.210000e+00
9.330000e+00
9.750000e+00
1.051000e+01
1.024000e+01
1.120000e+01
1.132000e+01
1.146000e+01
1.224000e+01
1.178000e+01
1.175000e+01
1.154000e+01
11
1.076000e+01
9.800000e+00
8.510000e+00
8.120000e+00
7.290000e+00
6.730000e+00
6.280000e+00
5.920000e+00
5.920000e+00
5.530000e+00
5.150000e+00
4.790000e+00
5.480000e+00
7.770000e+00
1.102000e+01
1.139000e+01
1.034000e+01
9.800000e+00
1.041000e+01
9.780000e+00
9.800000e+00
9.700000e+00
9.820000e+00
9.820000e+00
9.430000e+00
7.920000e+00
6.860000e+00
5.890000e+00
5.380000e+00
5.230000e+00
4.530000e+00
4.530000e+00
4.630000e+00
4.220000e+00
3.930000e+00
3.770000e+00
3.900000e+00
6.430000e+00
9.550000e+00
9.730000e+00
9.380000e+00
9.950000e+00
9.680000e+00
9.700000e+00
9.600000e+00
9.460000e+00
9.630000e+00
9.230000e+00
8.710000e+00
8.040000e+00
6.020000e+00
4.840000e+00
4.760000e+00
4.890000e+00
4.400000e+00
3.610000e+00
3.480000e+00
3.450000e+00
3.160000e+00
3.140000e+00
3.820000e+00
6.120000e+00
8.890000e+00
1.146000e+01
1.017000e+01
1.022000e+01
1.039000e+01
1.041000e+01
1.012000e+01
1.014000e+01
1.041000e+01
1.007000e+01
9.480000e+00
7.590000e+00
6.380000e+00
5.770000e+00
5.230000e+00
4.810000e+00
4.630000e+00
4.320000e+00
4.010000e+00
3.820000e+00
3.530000e+00
3.450000e+00
4.580000e+00
7.840000e+00
1.417000e+01
1.877000e+01
1.282000e+01
1.209000e+01
1.219000e+01
1.207000e+01
1.241000e+01
1.207000e+01
1.263000e+01
1.243000e+01
1.161000e+01
1.024000e+01
9.230000e+00
8.310000e+00
7.990000e+00
8.410000e+00
8.610000e+00
8.760000e+00
8.660000e+00
8.140000e+00
8.310000e+00
8.390000e+00
8.640000e+00
9.080000e+00
9.780000e+00
1.071000e+01
1.178000e+01
1.267000e+01
1.272000e+01
1.301000e+01
1.265000e+01
1.246000e+01
1.219000e+01
1.151000e+01
1.117000e+01
1.088000e+01
1.056000e+01
9.850000e+00
8.410000e+00
7.460000e+00
6.780000e+00
6.500000e+00
6.100000e+00
5.330000e+00
5.330000e+00
5.330000e+00
6
8.640000e+00
1.236000e+01
1.713000e+01
1.260000e+01
1.229000e+01
1.258000e+01
1.231000e+01
1.229000e+01
1.214000e+01
1.221000e+01
1.190000e+01
1.137000e+01
1.027000e+01
8.560000e+00
7.690000e+00
7.140000e+00
6.910000e+00
6.560000e+00
5.920000e+00
5.530000e+00
5.410000e+00
4.790000e+00
4.790000e+00
5.610000e+00
8.510000e+00
1.407000e+01
19
1.443000e+01
1.354000e+01
1.299000e+01
1.318000e+01
1.308000e+01
1.320000e+01
1.354000e+01
1.320000e+01
1.260000e+01
1.117000e+01
1.039000e+01
10
9.080000e+00
8.590000e+00
7.790000e+00
7.690000e+00
7.590000e+00
7.240000e+00
7.690000e+00
8.240000e+00
8.340000e+00
8.070000e+00
8.290000e+00
9.060000e+00
8.910000e+00
9.310000e+00
10
1.019000e+01
1.002000e+01
10
9.870000e+00
9.460000e+00
9.430000e+00
8.760000e+00
8.240000e+00
7.590000e+00
6.940000e+00
7.290000e+00
6.830000e+00
6.990000e+00
6.710000e+00
5.820000e+00
4.840000e+00
4.760000e+00
5.770000e+00
8.390000e+00
9.820000e+00
1.720000e+01
1.265000e+01
1.173000e+01
1.083000e+01
1.022000e+01
1.032000e+01
7.460000e+00
8.590000e+00
7.110000e+00
8.040000e+00
7.490000e+00
7.410000e+00
7.110000e+00
6.530000e+00
6.230000e+00
5.770000e+00
5.610000e+00
5.170000e+00
4.660000e+00
4.500000e+00
4.450000e+00
5.170000e+00
7.040000e+00
9.630000e+00
1.313000e+01
1.059000e+01
1.014000e+01
9.280000e+00
9.550000e+00
9.780000e+00
9.380000e+00
9.010000e+00
8.660000e+00
8.360000e+00
7.540000e+00
6.760000e+00
6.100000e+00
5.300000e+00
5.330000e+00
4.890000e+00
4.660000e+00
4.240000e+00
4.500000e+00
4.550000e+00
4.630000e+00
4.970000e+00
5.610000e+00
6.230000e+00
8.960000e+00
8.170000e+00
8.310000e+00
9.310000e+00
9.820000e+00
9.550000e+00
8.710000e+00
9.160000e+00
9.010000e+00
8.860000e+00
8.560000e+00
8.310000e+00
7.460000e+00
6.610000e+00
6.560000e+00
6.070000e+00
5.820000e+00
5.590000e+00
5.360000e+00
5.170000e+00
4.860000e+00
5.100000e+00
7.510000e+00
11
1.361000e+01
1.325000e+01
1.357000e+01
1.248000e+01
1.279000e+01
1.267000e+01
1.253000e+01
1.304000e+01
1.316000e+01
1.250000e+01
1.061000e+01
9.360000e+00
8.090000e+00
7.060000e+00
7.290000e+00
6.860000e+00
6.250000e+00
6.830000e+00
7.210000e+00
6.610000e+00
6.480000e+00
7.870000e+00
1.044000e+01
1.287000e+01
1.612000e+01
1.553000e+01
1.586000e+01
1.670000e+01
1.729000e+01
1.574000e+01
1.503000e+01
1.543000e+01
1.376000e+01
1.221000e+01
1.183000e+01
1.144000e+01
1.105000e+01
1.066000e+01
1.054000e+01
1.027000e+01
9.900000e+00
9.630000e+00
9.410000e+00
9.230000e+00
9.160000e+00
9.040000e+00
9.160000e+00
9.800000e+00
1.282000e+01
1.202000e+01
1.139000e+01
1.154000e+01
1.190000e+01
1.195000e+01
1.195000e+01
1.219000e+01
1.226000e+01
1.175000e+01
1.132000e+01
1.095000e+01
1.032000e+01
9.750000e+00
8.590000e+00
8.170000e+00
7.740000e+00
7.590000e+00
7.640000e+00
7.310000e+00
7.340000e+00
8.190000e+00
1.029000e+01
1.301000e+01
1.653000e+01
1.464000e+01
1.395000e+01
1.385000e+01
1.352000e+01
1.366000e+01
1.332000e+01
1.342000e+01
1.301000e+01
1.255000e+01
1.217000e+01
1.173000e+01
1.120000e+01
1.093000e+01
1.061000e+01
1.036000e+01
1.027000e+01
1.017000e+01
1.024000e+01
1.024000e+01
1.024000e+01
1.027000e+01
1.029000e+01
1.036000e+01
1.039000e+01
1.056000e+01
11
1.107000e+01
1.076000e+01
1.054000e+01
1.088000e+01
1.085000e+01
1.081000e+01
1.068000e+01
1.049000e+01
1.029000e+01
9.780000e+00
9.180000e+00
9.230000e+00
9.180000e+00
9.010000e+00
8.790000e+00
8.410000e+00
8.310000e+00
8.410000e+00
8.240000e+00
8.860000e+00
9.280000e+00
9.650000e+00
1.019000e+01
11
1.168000e+01
1.156000e+01
1.168000e+01
1.158000e+01
1.173000e+01
9.530000e+00
1.066000e+01
1.017000e+01
9.820000e+00
9.310000e+00
8.940000e+00
8.510000e+00
8.360000e+00
8.140000e+00
7.790000e+00
7.590000e+00
7.360000e+00
7.190000e+00
7.460000e+00
8.390000e+00
9.630000e+00
1.146000e+01
1.173000e+01
1.168000e+01
1.226000e+01
1.282000e+01
1.292000e+01
1.320000e+01
1.306000e+01
1.347000e+01
1.299000e+01
12
1.124000e+01
1.071000e+01
1.066000e+01
1.051000e+01
1.049000e+01
1.019000e+01
1.017000e+01
10
9.920000e+00
1.010000e+01
1.029000e+01
1.061000e+01
1.076000e+01
1.095000e+01
1.132000e+01
1.171000e+01
1.188000e+01
1.185000e+01
1.175000e+01
1.178000e+01
1.173000e+01
1.158000e+01
1.149000e+01
1.139000e+01
1.129000e+01
1.122000e+01
1.117000e+01
1.117000e+01
1.117000e+01
1.120000e+01
1.120000e+01
1.115000e+01
1.107000e+01
1.095000e+01
1.085000e+01
1.076000e+01
1.066000e+01
1.066000e+01
1.073000e+01
1.068000e+01
1.059000e+01
1.061000e+01
1.073000e+01
1.073000e+01
1.083000e+01
1.127000e+01
1.115000e+01
11
1.081000e+01
1.049000e+01
1.027000e+01
1.014000e+01
9.950000e+00
9.950000e+00
9.500000e+00
9.360000e+00
9.330000e+00
9.260000e+00
9.380000e+00
9.530000e+00
9.680000e+00
9.680000e+00
9.680000e+00
9.700000e+00
1.032000e+01
1.041000e+01
1.049000e+01
1.049000e+01
1.041000e+01
1.032000e+01
1.027000e+01
1.022000e+01
1.012000e+01
1.005000e+01
9.780000e+00
9.730000e+00
9.680000e+00
9.500000e+00
9.060000e+00
8.760000e+00
8.510000e+00
8.190000e+00
8.560000e+00
9.530000e+00
1.129000e+01
1.381000e+01
1.385000e+01
1.335000e+01
1.306000e+01
1.287000e+01
1.250000e+01
1.263000e+01
1.265000e+01
1.282000e+01
1.224000e+01
1.132000e+01
1.032000e+01
9.950000e+00
9.480000e+00
8.890000e+00
8.710000e+00
8.040000e+00
7.460000e+00
7.590000e+00
7.140000e+00
7.010000e+00
7.890000e+00
9.800000e+00
1.241000e+01
1.550000e+01
1.510000e+01
1.519000e+01
1.529000e+01
1.531000e+01
1.517000e+01
1.517000e+01
1.558000e+01
1.510000e+01
1.431000e+01
1.335000e+01
1.250000e+01
1.185000e+01
1.137000e+01
1.112000e+01
1.110000e+01
1.122000e+01
1.117000e+01
1.112000e+01
1.088000e+01
1.071000e+01
1.134000e+01
1.332000e+01
1.810000e+01
1.986000e+01
1.877000e+01
1.793000e+01
1.672000e+01
1.682000e+01
1.641000e+01
1.589000e+01
1.541000e+01
1.488000e+01
1.467000e+01
1.429000e+01
1.405000e+01
1.393000e+01
1.381000e+01
1.369000e+01
1.352000e+01
1.337000e+01
1.294000e+01
1.265000e+01
1.238000e+01
1.236000e+01
1.299000e+01
1.405000e+01
1.703000e+01
2.122000e+01
1.934000e+01
1.867000e+01
1.755000e+01
1.762000e+01
1.748000e+01
1.724000e+01
1.660000e+01
1.636000e+01
1.596000e+01
1.522000e+01
1.491000e+01
1.455000e+01
1.438000e+01
1.421000e+01
1.376000e+01
1.316000e+01
1.289000e+01
1.226000e+01
1.188000e+01
1.190000e+01
1.272000e+01
1.347000e+01
1.558000e+01
1.682000e+01
1.791000e+01
1.708000e+01
1.667000e+01
1.653000e+01
1.615000e+01
1.617000e+01
1.658000e+01
1.639000e+01
1.598000e+01
1.539000e+01
1.462000e+01
1.393000e+01
1.381000e+01
1.366000e+01
1.364000e+01
1.366000e+01
1.352000e+01
1.335000e+01
1.267000e+01
1.231000e+01
1.325000e+01
1.429000e+01
1.414000e+01
1.472000e+01
1.522000e+01
1.593000e+01
1.541000e+01
1.539000e+01
1.522000e+01
1.531000e+01
1.548000e+01
1.555000e+01
1.536000e+01
1.507000e+01
1.445000e+01
1.376000e+01
1.320000e+01
1.267000e+01
1.236000e+01
1.190000e+01
1.149000e+01
1.139000e+01
1.124000e+01
1.127000e+01
1.178000e+01
1.279000e+01
1.464000e+01
1.789000e+01
1.831000e+01
1.746000e+01
1.734000e+01
1.701000e+01
1.682000e+01
1.682000e+01
1.715000e+01
1.748000e+01
1.689000e+01
1.632000e+01
1.558000e+01
1.515000e+01
1.491000e+01
1.455000e+01
1.421000e+01
1.383000e+01
1.361000e+01
1.359000e+01
1.323000e+01
1.328000e+01
1.397000e+01
1.510000e+01
1.596000e+01
2.081000e+01
2.193000e+01
2.015000e+01
1.927000e+01
1.931000e+01
1.896000e+01
1.896000e+01
1.919000e+01
1.943000e+01
1.881000e+01
1.815000e+01
1.743000e+01
1.686000e+01
1.629000e+01
1.591000e+01
1.572000e+01
1.562000e+01
1.553000e+01
1.543000e+01
1.524000e+01
1.517000e+01
1.555000e+01
1.663000e+01
1.960000e+01
2.299000e+01
2.330000e+01
2.208000e+01
2.146000e+01
2.084000e+01
2.077000e+01
2.057000e+01
2.048000e+01
2.031000e+01
20
1.969000e+01
1.929000e+01
1.893000e+01
1.860000e+01
1.831000e+01
1.808000e+01
1.796000e+01
1.758000e+01
1.734000e+01
1.722000e+01
1.713000e+01
1.703000e+01
1.701000e+01
1.703000e+01
1.739000e+01
1.753000e+01
1.801000e+01
1.817000e+01
1.781000e+01
1.774000e+01
1.791000e+01
1.805000e+01
1.791000e+01
1.770000e+01
1.610000e+01
1.550000e+01
1.519000e+01
15
1.460000e+01
1.426000e+01
1.402000e+01
1.388000e+01
1.371000e+01
1.354000e+01
1.335000e+01
1.337000e+01
1.344000e+01
1.366000e+01
1.469000e+01
1.548000e+01
1.519000e+01
1.484000e+01
1.476000e+01
1.484000e+01
1.479000e+01
1.436000e+01
1.448000e+01
1.429000e+01
1.373000e+01
1.320000e+01
1.304000e+01
1.282000e+01
1.272000e+01
1.253000e+01
1.243000e+01
1.255000e+01
1.219000e+01
1.202000e+01
1.185000e+01
1.219000e+01
1.248000e+01
1.301000e+01
1.493000e+01
1.663000e+01
1.517000e+01
1.472000e+01
1.460000e+01
1.445000e+01
1.445000e+01
1.467000e+01
1.469000e+01
1.455000e+01
1.402000e+01
1.340000e+01
1.292000e+01
1.250000e+01
1.217000e+01
1.173000e+01
1.139000e+01
11
1.068000e+01
1.044000e+01
1.034000e+01
1.098000e+01
1.195000e+01
1.455000e+01
1.772000e+01
1.691000e+01
1.655000e+01
1.643000e+01
1.636000e+01
1.579000e+01
1.593000e+01
1.608000e+01
1.632000e+01
1.589000e+01
1.505000e+01
1.429000e+01
1.366000e+01
1.313000e+01
1.272000e+01
1.226000e+01
1.183000e+01
1.144000e+01
1.117000e+01
1.088000e+01
1.093000e+01
1.166000e+01
1.279000e+01
1.593000e+01
1.848000e+01
2.022000e+01
1.893000e+01
1.836000e+01
1.801000e+01
1.781000e+01
1.758000e+01
1.791000e+01
1.772000e+01
1.736000e+01
1.693000e+01
1.643000e+01
1.581000e+01
1.529000e+01
1.481000e+01
1.445000e+01
1.407000e+01
1.393000e+01
1.371000e+01
1.344000e+01
1.354000e+01
1.407000e+01
1.481000e+01
1.660000e+01
1.839000e+01
2.019000e+01
1.848000e+01
1.812000e+01
1.798000e+01
1.774000e+01
1.786000e+01
1.822000e+01
1.848000e+01
1.803000e+01
1.732000e+01
1.677000e+01
1.615000e+01
1.567000e+01
1.543000e+01
1.486000e+01
1.452000e+01
1.412000e+01
1.443000e+01
1.457000e+01
1.476000e+01
15
1.524000e+01
1.558000e+01
1.586000e+01
1.632000e+01
1.696000e+01
1.736000e+01
1.724000e+01
1.741000e+01
1.758000e+01
1.760000e+01
1.777000e+01
1.746000e+01
1.684000e+01
1.627000e+01
1.579000e+01
1.534000e+01
1.496000e+01
1.460000e+01
1.431000e+01
1.402000e+01
1.373000e+01
1.344000e+01
1.335000e+01
1.409000e+01
1.529000e+01
1.808000e+01
2.091000e+01
2.208000e+01
2.072000e+01
2.055000e+01
2.029000e+01
2.010000e+01
1.998000e+01
2.024000e+01
20
1.953000e+01
1.850000e+01
1.760000e+01
1.703000e+01
1.629000e+01
1.584000e+01
1.539000e+01
1.493000e+01
1.443000e+01
1.429000e+01
1.409000e+01
1.414000e+01
1.507000e+01
1.641000e+01
1.993000e+01
2.251000e+01
2.337000e+01
2.220000e+01
2.205000e+01
2.201000e+01
2.191000e+01
2.186000e+01
2.205000e+01
2.193000e+01
2.110000e+01
1.981000e+01
1.858000e+01
1.781000e+01
1.743000e+01
1.677000e+01
1.634000e+01
1.605000e+01
1.579000e+01
1.527000e+01
1.510000e+01
1.527000e+01
1.624000e+01
1.755000e+01
2.091000e+01
2.458000e+01
2.681000e+01
2.354000e+01
2.275000e+01
2.220000e+01
2.186000e+01
2.170000e+01
2.170000e+01
2.160000e+01
2.134000e+01
21
2.038000e+01
1.981000e+01
1.943000e+01
1.898000e+01
1.862000e+01
1.841000e+01
1.817000e+01
1.798000e+01
1.762000e+01
1.798000e+01
1.820000e+01
1.877000e+01
2.105000e+01
2.530000e+01
2.772000e+01
2.499000e+01
2.462000e+01
2.414000e+01
2.368000e+01
2.383000e+01
2.344000e+01
2.328000e+01
2.275000e+01
2.232000e+01
2.153000e+01
2.086000e+01
2.048000e+01
1.986000e+01
1.941000e+01
1.905000e+01
1.858000e+01
1.850000e+01
1.831000e+01
1.815000e+01
1.877000e+01
1.960000e+01
2.181000e+01
2.606000e+01
2.596000e+01
2.371000e+01
2.335000e+01
2.301000e+01
2.301000e+01
2.280000e+01
2.265000e+01
2.248000e+01
2.239000e+01
2.186000e+01
2.110000e+01
2.041000e+01
2.015000e+01
1.998000e+01
1.960000e+01
1.929000e+01
1.905000e+01
19
1.893000e+01
1.908000e+01
1.924000e+01
1.938000e+01
1.960000e+01
1.919000e+01
1.934000e+01
2.026000e+01
2.036000e+01
2.019000e+01
20
1.977000e+01
1.979000e+01
1.977000e+01
1.972000e+01
1.948000e+01
1.905000e+01
1.841000e+01
1.781000e+01
1.734000e+01
1.691000e+01
1.653000e+01
1.620000e+01
1.581000e+01
1.543000e+01
1.548000e+01
1.608000e+01
1.784000e+01
2.031000e+01
2.210000e+01
2.383000e+01
2.179000e+01
2.127000e+01
21
2.077000e+01
2.062000e+01
2.060000e+01
2.041000e+01
2.015000e+01
1.962000e+01
1.891000e+01
1.834000e+01
1.779000e+01
1.736000e+01
1.693000e+01
1.653000e+01
1.620000e+01
1.579000e+01
1.558000e+01
1.558000e+01
1.632000e+01
1.836000e+01
2.139000e+01
2.361000e+01
2.584000e+01
2.323000e+01
2.277000e+01
2.239000e+01
2.208000e+01
2.177000e+01
2.165000e+01
2.153000e+01
2.131000e+01
2.079000e+01
2.005000e+01
1.948000e+01
1.888000e+01
1.846000e+01
1.810000e+01
1.774000e+01
1.739000e+01
1.720000e+01
1.693000e+01
1.691000e+01
1.760000e+01
1.805000e+01
2.046000e+01
2.150000e+01
2.555000e+01
2.342000e+01
2.320000e+01
2.292000e+01
2.246000e+01
2.225000e+01
2.196000e+01
2.153000e+01
2.139000e+01
21
2.050000e+01
2.012000e+01
1.977000e+01
1.919000e+01
1.879000e+01
1.850000e+01
1.827000e+01
1.803000e+01
1.822000e+01
1.834000e+01
1.858000e+01
1.877000e+01
1.874000e+01
1.884000e+01
1.903000e+01
1.962000e+01
1.981000e+01
1.974000e+01
1.967000e+01
1.943000e+01
1.908000e+01
1.879000e+01
1.824000e+01
1.791000e+01
1.765000e+01
1.748000e+01
1.715000e+01
1.663000e+01
1.601000e+01
1.527000e+01
1.467000e+01
1.429000e+01
1.366000e+01
1.364000e+01
1.421000e+01
1.527000e+01
1.703000e+01
1.929000e+01
1.872000e+01
1.779000e+01
1.760000e+01
1.755000e+01
1.736000e+01
1.732000e+01
1.732000e+01
1.722000e+01
1.703000e+01
1.663000e+01
1.589000e+01
1.529000e+01
1.484000e+01
1.438000e+01
1.417000e+01
1.412000e+01
1.395000e+01
1.364000e+01
1.340000e+01
1.330000e+01
1.378000e+01
1.593000e+01
1.881000e+01
2.167000e+01
2.395000e+01
2.117000e+01
2.050000e+01
2.010000e+01
1.981000e+01
1.955000e+01
1.941000e+01
1.903000e+01
1.879000e+01
1.843000e+01
1.784000e+01
1.739000e+01
1.701000e+01
1.701000e+01
1.663000e+01
1.620000e+01
1.584000e+01
1.555000e+01
1.536000e+01
1.529000e+01
1.479000e+01
1.565000e+01
1.558000e+01
1.655000e+01
1.624000e+01
1.598000e+01
1.548000e+01
1.543000e+01
1.527000e+01
1.524000e+01
1.450000e+01
1.445000e+01
1.452000e+01
14
1.376000e+01
1.347000e+01
1.328000e+01
1.304000e+01
1.282000e+01
1.258000e+01
1.236000e+01
1.236000e+01
1.231000e+01
1.231000e+01
1.255000e+01
1.287000e+01
1.496000e+01
1.354000e+01
1.373000e+01
1.445000e+01
1.448000e+01
1.457000e+01
1.474000e+01
1.486000e+01
1.515000e+01
1.522000e+01
1.522000e+01
1.488000e+01
1.421000e+01
1.373000e+01
1.325000e+01
1.304000e+01
1.272000e+01
1.241000e+01
1.229000e+01
1.205000e+01
1.202000e+01
1.221000e+01
1.279000e+01
1.467000e+01
1.705000e+01
1.960000e+01
2.162000e+01
2.026000e+01
1.965000e+01
1.950000e+01
1.917000e+01
1.908000e+01
1.910000e+01
1.912000e+01
1.881000e+01
1.858000e+01
1.791000e+01
1.734000e+01
1.693000e+01
1.660000e+01
1.663000e+01
1.646000e+01
1.629000e+01
1.612000e+01
1.601000e+01
1.593000e+01
1.589000e+01
1.612000e+01
1.660000e+01
1.774000e+01
1.724000e+01
1.765000e+01
1.758000e+01
1.748000e+01
1.729000e+01
1.720000e+01
1.741000e+01
1.732000e+01
1.724000e+01
1.677000e+01
1.620000e+01
1.579000e+01
1.553000e+01
1.522000e+01
1.519000e+01
1.505000e+01
1.488000e+01
1.476000e+01
1.455000e+01
1.445000e+01
1.512000e+01
1.722000e+01
1.912000e+01
2.186000e+01
2.446000e+01
2.215000e+01
2.136000e+01
2.103000e+01
2.062000e+01
2.034000e+01
2.024000e+01
2.012000e+01
1.991000e+01
1.927000e+01
1.860000e+01
1.798000e+01
1.753000e+01
1.705000e+01
1.670000e+01
1.634000e+01
1.603000e+01
1.577000e+01
1.539000e+01
1.529000e+01
1.581000e+01
1.741000e+01
2.026000e+01
2.352000e+01
2.576000e+01
2.429000e+01
2.364000e+01
2.340000e+01
2.268000e+01
2.222000e+01
2.215000e+01
2.213000e+01
2.203000e+01
2.158000e+01
2.119000e+01
2.053000e+01
1.988000e+01
1.936000e+01
1.919000e+01
1.884000e+01
1.836000e+01
1.829000e+01
1.796000e+01
1.767000e+01
1.758000e+01
1.850000e+01
1.996000e+01
2.086000e+01
2.215000e+01
2.098000e+01
2.022000e+01
2.019000e+01
1.988000e+01
1.981000e+01
1.969000e+01
1.957000e+01
1.955000e+01
1.924000e+01
1.831000e+01
1.767000e+01
1.691000e+01
1.636000e+01
1.591000e+01
1.543000e+01
15
1.460000e+01
1.421000e+01
1.412000e+01
1.440000e+01
1.667000e+01
1.841000e+01
2.029000e+01
2.193000e+01
2.072000e+01
2.026000e+01
2.015000e+01
1.998000e+01
1.986000e+01
1.986000e+01
1.991000e+01
1.972000e+01
1.934000e+01
1.874000e+01
1.791000e+01
1.729000e+01
1.705000e+01
1.672000e+01
1.634000e+01
1.591000e+01
1.553000e+01
1.519000e+01
1.522000e+01
1.572000e+01
1.708000e+01
1.848000e+01
2.096000e+01
2.301000e+01
2.260000e+01
2.265000e+01
2.263000e+01
2.246000e+01
2.236000e+01
2.227000e+01
2.208000e+01
2.177000e+01
2.115000e+01
2.034000e+01
1.967000e+01
1.905000e+01
1.865000e+01
1.822000e+01
1.784000e+01
1.734000e+01
1.715000e+01
1.698000e+01
1.703000e+01
1.777000e+01
1.988000e+01
2.260000e+01
2.547000e+01
2.620000e+01
2.453000e+01
2.429000e+01
2.409000e+01
2.395000e+01
2.361000e+01
2.347000e+01
2.320000e+01
2.272000e+01
2.222000e+01
2.134000e+01
2.079000e+01
1.981000e+01
1.898000e+01
1.862000e+01
1.822000e+01
1.765000e+01
1.691000e+01
1.622000e+01
1.648000e+01
1.677000e+01
1.796000e+01
1.960000e+01
2.139000e+01
2.105000e+01
2.088000e+01
2.057000e+01
2.062000e+01
2.043000e+01
2.065000e+01
2.048000e+01
2.053000e+01
2.038000e+01
2.007000e+01
1.915000e+01
1.810000e+01
1.746000e+01
1.677000e+01
1.639000e+01
1.593000e+01
1.558000e+01
1.527000e+01
1.472000e+01
1.498000e+01
1.562000e+01
1.670000e+01
1.760000e+01
1.969000e+01
2.405000e+01
2.260000e+01
2.220000e+01
2.205000e+01
2.196000e+01
2.191000e+01
2.189000e+01
2.179000e+01
2.162000e+01
2.107000e+01
2.007000e+01
1.936000e+01
1.879000e+01
1.834000e+01
1.781000e+01
1.751000e+01
1.698000e+01
1.693000e+01
1.651000e+01
1.632000e+01
1.739000e+01
1.948000e+01
2.193000e+01
2.438000e+01
2.640000e+01
2.521000e+01
2.499000e+01
2.484000e+01
2.448000e+01
2.446000e+01
2.419000e+01
2.412000e+01
2.376000e+01
2.294000e+01
2.186000e+01
2.098000e+01
2.036000e+01
1.957000e+01
1.915000e+01
1.820000e+01
1.772000e+01
1.720000e+01
1.684000e+01
1.696000e+01
1.777000e+01
2.003000e+01
2.280000e+01
2.591000e+01
2.914000e+01
2.743000e+01
2.669000e+01
2.615000e+01
2.579000e+01
2.574000e+01
2.513000e+01
2.467000e+01
2.407000e+01
2.316000e+01
2.203000e+01
2.146000e+01
2.062000e+01
2.012000e+01
1.943000e+01
1.910000e+01
1.862000e+01
1.817000e+01
1.803000e+01
1.784000e+01
1.867000e+01
2.069000e+01
2.344000e+01
2.628000e+01
2.938000e+01
2.807000e+01
2.713000e+01
2.672000e+01
2.645000e+01
2.623000e+01
2.601000e+01
2.562000e+01
2.513000e+01
2.448000e+01
2.352000e+01
2.260000e+01
2.186000e+01
2.139000e+01
2.093000e+01
2.065000e+01
2.019000e+01
1.977000e+01
1.962000e+01
1.962000e+01
2.015000e+01
2.160000e+01
2.380000e+01
2.630000e+01
2.859000e+01
2.809000e+01
2.757000e+01
2.708000e+01
2.706000e+01
2.654000e+01
2.652000e+01
2.620000e+01
2.576000e+01
2.528000e+01
2.487000e+01
2.409000e+01
2.347000e+01
2.284000e+01
2.248000e+01
2.203000e+01
2.150000e+01
2.115000e+01
2.081000e+01
2.093000e+01
2.158000e+01
2.323000e+01
2.501000e+01
2.785000e+01
3.011000e+01
2.854000e+01
2.802000e+01
2.792000e+01
2.770000e+01
2.772000e+01
2.755000e+01
2.735000e+01
2.743000e+01
2.647000e+01
2.542000e+01
2.472000e+01
2.407000e+01
2.335000e+01
2.280000e+01
2.208000e+01
2.134000e+01
2.067000e+01
2.012000e+01
2.034000e+01
2.053000e+01
2.065000e+01
2.081000e+01
2.217000e+01
2.499000e+01
2.388000e+01
2.352000e+01
2.337000e+01
2.313000e+01
2.311000e+01
2.325000e+01
2.304000e+01
2.284000e+01
2.239000e+01
2.172000e+01
2.086000e+01
1.988000e+01
1.917000e+01
1.848000e+01
1.803000e+01
1.746000e+01
1.741000e+01
1.760000e+01
1.777000e+01
1.836000e+01
1.919000e+01
1.996000e+01
2.022000e+01
2.141000e+01
2.131000e+01
2.124000e+01
2.155000e+01
2.150000e+01
2.165000e+01
2.174000e+01
2.167000e+01
2.167000e+01
2.134000e+01
2.043000e+01
1.979000e+01
1.898000e+01
1.865000e+01
1.848000e+01
1.796000e+01
1.751000e+01
1.732000e+01
1.762000e+01
1.793000e+01
1.815000e+01
1.846000e+01
1.965000e+01
2.077000e+01
2.277000e+01
2.205000e+01
2.213000e+01
2.246000e+01
2.251000e+01
2.253000e+01
2.251000e+01
2.256000e+01
2.241000e+01
2.205000e+01
21
2.067000e+01
2.036000e+01
1.967000e+01
1.898000e+01
1.843000e+01
1.820000e+01
1.767000e+01
1.734000e+01
1.732000e+01
1.808000e+01
2.019000e+01
2.301000e+01
2.613000e+01
2.822000e+01
2.603000e+01
2.516000e+01
2.516000e+01
2.494000e+01
2.460000e+01
2.436000e+01
2.426000e+01
2.371000e+01
2.320000e+01
2.258000e+01
2.172000e+01
2.134000e+01
2.084000e+01
2.055000e+01
2.010000e+01
1.991000e+01
1.988000e+01
1.974000e+01
1.965000e+01
1.969000e+01
1.972000e+01
2.026000e+01
2.093000e+01
2.356000e+01
2.272000e+01
2.222000e+01
2.186000e+01
2.186000e+01
2.191000e+01
2.198000e+01
2.184000e+01
2.143000e+01
2.079000e+01
2.055000e+01
2.010000e+01
1.984000e+01
1.979000e+01
1.969000e+01
1.965000e+01
1.955000e+01
1.938000e+01
1.898000e+01
1.877000e+01
1.865000e+01
1.867000e+01
1.915000e+01
1.972000e+01
2.022000e+01
2.055000e+01
2.005000e+01
2.005000e+01
2.007000e+01
1.955000e+01
1.984000e+01
1.910000e+01
1.891000e+01
1.879000e+01
1.839000e+01
1.784000e+01
1.777000e+01
1.777000e+01
1.774000e+01
1.767000e+01
1.753000e+01
1.743000e+01
1.736000e+01
1.734000e+01
1.722000e+01
1.713000e+01
1.789000e+01
1.846000e+01
1.962000e+01
1.886000e+01
1.869000e+01
1.858000e+01
1.862000e+01
1.836000e+01
1.839000e+01
1.831000e+01
1.812000e+01
1.786000e+01
1.758000e+01
1.729000e+01
1.696000e+01
1.665000e+01
1.643000e+01
1.632000e+01
1.624000e+01
1.612000e+01
1.610000e+01
1.601000e+01
1.596000e+01
1.589000e+01
1.596000e+01
1.617000e+01
1.655000e+01
1.722000e+01
1.696000e+01
1.720000e+01
1.660000e+01
1.655000e+01
1.677000e+01
1.696000e+01
1.691000e+01
1.701000e+01
1.684000e+01
1.655000e+01
1.646000e+01
1.622000e+01
1.615000e+01
1.601000e+01
1.593000e+01
1.591000e+01
1.577000e+01
1.570000e+01
1.565000e+01
1.567000e+01
1.572000e+01
1.586000e+01
1.596000e+01
1.589000e+01
1.593000e+01
1.603000e+01
1.617000e+01
1.639000e+01
1.658000e+01
1.667000e+01
1.682000e+01
1.682000e+01
1.670000e+01
1.629000e+01
1.593000e+01
1.536000e+01
1.493000e+01
1.457000e+01
1.438000e+01
1.426000e+01
1.409000e+01
1.424000e+01
1.450000e+01
1.467000e+01
1.486000e+01
1.503000e+01
1.512000e+01
1.536000e+01
1.550000e+01
1.581000e+01
1.598000e+01
1.646000e+01
1.684000e+01
1.701000e+01
1.703000e+01
1.698000e+01
1.674000e+01
1.651000e+01
1.615000e+01
1.574000e+01
1.524000e+01
15
1.462000e+01
1.417000e+01
1.424000e+01
1.426000e+01
1.464000e+01
1.531000e+01
1.596000e+01
1.781000e+01
1.927000e+01
1.858000e+01
1.853000e+01
1.853000e+01
1.853000e+01
1.850000e+01
1.848000e+01
1.860000e+01
1.853000e+01
1.824000e+01
1.765000e+01
1.708000e+01
1.672000e+01
1.641000e+01
1.591000e+01
1.555000e+01
1.524000e+01
1.488000e+01
1.464000e+01
1.450000e+01
1.493000e+01
1.641000e+01
1.869000e+01
2.072000e+01
2.313000e+01
2.148000e+01
2.098000e+01
2.067000e+01
2.038000e+01
2.024000e+01
2.022000e+01
2.024000e+01
2.005000e+01
1.972000e+01
1.896000e+01
1.836000e+01
1.786000e+01
1.753000e+01
1.710000e+01
1.674000e+01
1.648000e+01
1.627000e+01
1.584000e+01
1.591000e+01
1.636000e+01
1.781000e+01
20
2.184000e+01
2.405000e+01
2.318000e+01
2.306000e+01
2.301000e+01
2.270000e+01
2.258000e+01
2.239000e+01
2.227000e+01
2.201000e+01
2.153000e+01
2.069000e+01
2.003000e+01
1.948000e+01
1.915000e+01
1.886000e+01
1.855000e+01
1.812000e+01
1.786000e+01
1.758000e+01
1.781000e+01
1.822000e+01
1.924000e+01
1.986000e+01
2.015000e+01
2.165000e+01
2.155000e+01
2.215000e+01
2.213000e+01
2.205000e+01
2.210000e+01
2.227000e+01
2.236000e+01
2.246000e+01
2.215000e+01
2.179000e+01
2.096000e+01
2.072000e+01
2.050000e+01
2.019000e+01
1.993000e+01
1.972000e+01
1.936000e+01
1.915000e+01
1.903000e+01
1.941000e+01
2.050000e+01
2.220000e+01
2.412000e+01
2.635000e+01
2.489000e+01
2.453000e+01
2.431000e+01
2.397000e+01
2.388000e+01
2.383000e+01
2.383000e+01
2.342000e+01
2.275000e+01
2.234000e+01
2.167000e+01
2.117000e+01
2.072000e+01
2.041000e+01
1.996000e+01
1.950000e+01
1.903000e+01
1.881000e+01
1.860000e+01
1.903000e+01
2.010000e+01
2.246000e+01
2.508000e+01
2.748000e+01
2.521000e+01
2.453000e+01
2.426000e+01
2.405000e+01
2.390000e+01
2.402000e+01
2.376000e+01
2.349000e+01
2.311000e+01
2.229000e+01
2.189000e+01
2.143000e+01
2.136000e+01
2.107000e+01
2.069000e+01
2.038000e+01
2.017000e+01
1.984000e+01
1.996000e+01
2.022000e+01
2.103000e+01
2.306000e+01
2.287000e+01
2.347000e+01
2.395000e+01
2.409000e+01
2.390000e+01
2.347000e+01
2.325000e+01
2.320000e+01
2.301000e+01
2.275000e+01
2.229000e+01
2.189000e+01
2.155000e+01
2.124000e+01
2.096000e+01
2.081000e+01
2.065000e+01
2.046000e+01
2.029000e+01
1.996000e+01
1.979000e+01
1.986000e+01
1.996000e+01
1.955000e+01
1.934000e+01
1.927000e+01
1.986000e+01
2.034000e+01
2.031000e+01
2.050000e+01
2.019000e+01
2.005000e+01
2.015000e+01
2.017000e+01
20
1.979000e+01
1.957000e+01
1.927000e+01
1.886000e+01
1.836000e+01
1.808000e+01
1.798000e+01
1.779000e+01
1.729000e+01
1.734000e+01
1.748000e+01
1.755000e+01
1.803000e+01
1.820000e+01
1.822000e+01
1.820000e+01
1.848000e+01
1.867000e+01
1.865000e+01
1.879000e+01
1.879000e+01
1.877000e+01
1.879000e+01
1.879000e+01
1.865000e+01
1.841000e+01
1.812000e+01
1.801000e+01
1.789000e+01
1.760000e+01
1.753000e+01
1.741000e+01
1.732000e+01
1.720000e+01
1.715000e+01
1.724000e+01
1.741000e+01
1.772000e+01
1.862000e+01
1.881000e+01
1.893000e+01
1.912000e+01
1.898000e+01
1.898000e+01
1.896000e+01
1.903000e+01
1.898000e+01
1.884000e+01
1.831000e+01
1.791000e+01
1.743000e+01
1.717000e+01
1.682000e+01
1.646000e+01
1.634000e+01
1.632000e+01
1.610000e+01
1.601000e+01
1.608000e+01
1.634000e+01
1.701000e+01
1.941000e+01
1.955000e+01
1.924000e+01
1.908000e+01
1.903000e+01
1.915000e+01
1.908000e+01
1.919000e+01
1.924000e+01
1.912000e+01
1.903000e+01
1.872000e+01
1.850000e+01
1.831000e+01
1.815000e+01
1.796000e+01
1.751000e+01
1.710000e+01
1.693000e+01
1.648000e+01
1.627000e+01
1.643000e+01
1.701000e+01
1.860000e+01
2.057000e+01
2.186000e+01
2.077000e+01
2.046000e+01
2.026000e+01
1.988000e+01
1.986000e+01
1.967000e+01
1.953000e+01
1.936000e+01
1.903000e+01
1.860000e+01
1.803000e+01
1.732000e+01
1.689000e+01
1.636000e+01
1.605000e+01
1.565000e+01
1.531000e+01
1.491000e+01
1.472000e+01
1.486000e+01
1.572000e+01
1.755000e+01
1.919000e+01
1.965000e+01
1.988000e+01
1.981000e+01
1.955000e+01
1.941000e+01
1.941000e+01
1.950000e+01
1.948000e+01
1.936000e+01
1.908000e+01
1.879000e+01
1.865000e+01
1.846000e+01
1.824000e+01
1.817000e+01
1.808000e+01
1.803000e+01
1.793000e+01
1.784000e+01
1.779000e+01
1.786000e+01
1.793000e+01
1.867000e+01
1.998000e+01
2.148000e+01
2.155000e+01
2.174000e+01
2.177000e+01
2.177000e+01
2.160000e+01
2.153000e+01
2.160000e+01
2.155000e+01
2.122000e+01
2.065000e+01
2.024000e+01
2.007000e+01
1.962000e+01
1.917000e+01
1.879000e+01
1.843000e+01
1.817000e+01
1.796000e+01
1.779000e+01
1.812000e+01
1.912000e+01
2.098000e+01
2.337000e+01
2.596000e+01
2.460000e+01
2.376000e+01
2.342000e+01
2.335000e+01
2.313000e+01
2.301000e+01
2.313000e+01
2.299000e+01
2.260000e+01
2.201000e+01
2.134000e+01
2.096000e+01
2.055000e+01
2.026000e+01
1.996000e+01
1.962000e+01
1.934000e+01
1.898000e+01
1.891000e+01
1.946000e+01
2.060000e+01
2.251000e+01
2.499000e+01
2.723000e+01
2.645000e+01
2.654000e+01
2.635000e+01
2.618000e+01
2.591000e+01
2.538000e+01
2.494000e+01
2.455000e+01
2.402000e+01
2.335000e+01
2.280000e+01
2.227000e+01
2.177000e+01
2.131000e+01
2.105000e+01
2.074000e+01
2.036000e+01
2.038000e+01
2.069000e+01
2.086000e+01
2.131000e+01
2.225000e+01
2.184000e+01
2.272000e+01
2.301000e+01
2.323000e+01
2.352000e+01
2.349000e+01
2.371000e+01
2.347000e+01
2.342000e+01
2.316000e+01
2.294000e+01
2.260000e+01
2.236000e+01
2.220000e+01
2.196000e+01
2.172000e+01
2.153000e+01
2.129000e+01
2.110000e+01
2.081000e+01
2.065000e+01
2.069000e+01
2.065000e+01
2.103000e+01
2.177000e+01
2.248000e+01
2.234000e+01
2.234000e+01
2.208000e+01
2.193000e+01
2.174000e+01
2.174000e+01
2.162000e+01
2.124000e+01
2.088000e+01
2.010000e+01
1.931000e+01
1.869000e+01
1.822000e+01
1.772000e+01
1.729000e+01
1.679000e+01
1.643000e+01
1.629000e+01
1.643000e+01
1.679000e+01
1.779000e+01
1.962000e+01
2.260000e+01
2.419000e+01
2.296000e+01
2.232000e+01
2.186000e+01
2.189000e+01
2.170000e+01
2.172000e+01
2.174000e+01
2.155000e+01
2.122000e+01
2.024000e+01
1.998000e+01
1.981000e+01
1.967000e+01
1.967000e+01
1.950000e+01
1.927000e+01
1.912000e+01
1.839000e+01
1.801000e+01
1.855000e+01
1.938000e+01
1.988000e+01
1.962000e+01
1.960000e+01
1.960000e+01
1.962000e+01
1.962000e+01
1.984000e+01
1.984000e+01
1.941000e+01
1.934000e+01
1.929000e+01
1.893000e+01
1.846000e+01
1.798000e+01
1.793000e+01
1.755000e+01
1.739000e+01
1.701000e+01
1.639000e+01
1.593000e+01
1.565000e+01
1.570000e+01
1.591000e+01
1.605000e+01
1.612000e+01
1.682000e+01
1.748000e+01
1.739000e+01
1.748000e+01
1.748000e+01
1.753000e+01
1.762000e+01
1.770000e+01
1.758000e+01
1.734000e+01
1.734000e+01
1.713000e+01
1.693000e+01
1.679000e+01
1.667000e+01
1.648000e+01
1.627000e+01
1.620000e+01
1.610000e+01
1.596000e+01
1.589000e+01
1.584000e+01
1.589000e+01
1.591000e+01
1.603000e+01
1.643000e+01
1.629000e+01
1.639000e+01
1.646000e+01
1.658000e+01
1.686000e+01
1.708000e+01
1.703000e+01
1.679000e+01
1.665000e+01
1.643000e+01
1.632000e+01
1.620000e+01
1.615000e+01
1.610000e+01
1.603000e+01
1.598000e+01
1.596000e+01
1.589000e+01
1.589000e+01
1.591000e+01
1.593000e+01
1.615000e+01
1.632000e+01
1.667000e+01
1.677000e+01
1.701000e+01
1.698000e+01
1.708000e+01
1.717000e+01
1.724000e+01
1.739000e+01
1.741000e+01
1.724000e+01
1.701000e+01
1.660000e+01
1.615000e+01
1.572000e+01
1.543000e+01
1.505000e+01
1.476000e+01
1.438000e+01
1.409000e+01
1.390000e+01
1.414000e+01
1.488000e+01
1.684000e+01
1.869000e+01
1.988000e+01
1.924000e+01
1.917000e+01
1.908000e+01
1.898000e+01
1.872000e+01
1.843000e+01
1.824000e+01
1.815000e+01
1.805000e+01
1.796000e+01
1.789000e+01
1.781000e+01
1.774000e+01
1.762000e+01
1.755000e+01
1.751000e+01
1.739000e+01
1.732000e+01
1.727000e+01
1.727000e+01
1.736000e+01
1.746000e+01
1.781000e+01
1.791000e+01
1.805000e+01
1.815000e+01
1.846000e+01
1.843000e+01
1.839000e+01
1.829000e+01
1.829000e+01
1.824000e+01
1.815000e+01
1.762000e+01
1.708000e+01
1.674000e+01
1.622000e+01
1.589000e+01
1.577000e+01
1.574000e+01
1.572000e+01
1.572000e+01
1.570000e+01
1.577000e+01
1.610000e+01
1.727000e+01
1.741000e+01
1.869000e+01
1.865000e+01
1.853000e+01
1.858000e+01
1.865000e+01
1.877000e+01
1.884000e+01
1.874000e+01
1.858000e+01
1.848000e+01
1.834000e+01
1.822000e+01
1.808000e+01
1.779000e+01
1.746000e+01
1.729000e+01
1.729000e+01
1.724000e+01
1.720000e+01
1.710000e+01
1.717000e+01
1.748000e+01
1.781000e+01
1.941000e+01
2.060000e+01
2.043000e+01
2.069000e+01
2.069000e+01
2.072000e+01
2.084000e+01
21
2.110000e+01
2.105000e+01
2.093000e+01
2.062000e+01
2.026000e+01
2.012000e+01
2.003000e+01
1.979000e+01
1.967000e+01
1.948000e+01
1.929000e+01
1.912000e+01
1.908000e+01
1.917000e+01
1.929000e+01
1.998000e+01
2.081000e+01
2.072000e+01
2.096000e+01
2.103000e+01
21
2.112000e+01
2.091000e+01
2.103000e+01
2.086000e+01
2.086000e+01
2.055000e+01
2.019000e+01
1.979000e+01
1.936000e+01
1.879000e+01
1.848000e+01
1.815000e+01
1.772000e+01
1.729000e+01
1.698000e+01
1.677000e+01
1.696000e+01
1.751000e+01
1.855000e+01
1.936000e+01
1.943000e+01
1.962000e+01
2.003000e+01
2.012000e+01
2.010000e+01
2.017000e+01
2.012000e+01
20
1.943000e+01
1.917000e+01
1.891000e+01
1.855000e+01
1.836000e+01
1.827000e+01
1.803000e+01
1.791000e+01
1.784000e+01
1.755000e+01
1.739000e+01
1.727000e+01
1.696000e+01
1.724000e+01
1.755000e+01
1.765000e+01
1.815000e+01
1.898000e+01
1.950000e+01
1.962000e+01
1.941000e+01
1.948000e+01
1.953000e+01
1.967000e+01
1.974000e+01
1.941000e+01
1.884000e+01
1.839000e+01
1.789000e+01
1.751000e+01
1.705000e+01
1.696000e+01
1.663000e+01
1.643000e+01
1.629000e+01
1.624000e+01
1.646000e+01
1.679000e+01
1.748000e+01
1.888000e+01
2.093000e+01
2.003000e+01
2.043000e+01
2.062000e+01
2.065000e+01
2.084000e+01
2.107000e+01
2.131000e+01
2.115000e+01
2.079000e+01
2.026000e+01
1.988000e+01
1.955000e+01
1.924000e+01
1.896000e+01
1.872000e+01
1.855000e+01
1.855000e+01
1.850000e+01
1.843000e+01
1.834000e+01
1.867000e+01
1.903000e+01
1.927000e+01
1.986000e+01
2.057000e+01
2.079000e+01
2.088000e+01
21
2.136000e+01
2.148000e+01
2.131000e+01
2.110000e+01
2.074000e+01
2.007000e+01
1.972000e+01
1.943000e+01
1.896000e+01
1.879000e+01
1.872000e+01
1.858000e+01
1.848000e+01
1.841000e+01
1.834000e+01
1.848000e+01
1.888000e+01
1.946000e+01
2.055000e+01
2.053000e+01
2.088000e+01
2.088000e+01
2.110000e+01
2.129000e+01
2.148000e+01
2.155000e+01
2.146000e+01
2.127000e+01
2.105000e+01
2.079000e+01
2.053000e+01
2.034000e+01
2.017000e+01
2.005000e+01
1.991000e+01
1.974000e+01
1.965000e+01
1.957000e+01
1.922000e+01
1.884000e+01
1.874000e+01
1.891000e+01
1.957000e+01
2.072000e+01
2.036000e+01
2.038000e+01
2.053000e+01
2.067000e+01
2.069000e+01
2.062000e+01
2.062000e+01
2.041000e+01
2.017000e+01
1.965000e+01
1.912000e+01
1.846000e+01
1.760000e+01
1.703000e+01
1.665000e+01
1.608000e+01
1.562000e+01
1.529000e+01
1.493000e+01
1.519000e+01
1.641000e+01
1.903000e+01
20
2.065000e+01
2.031000e+01
1.996000e+01
1.986000e+01
1.965000e+01
1.962000e+01
1.965000e+01
1.998000e+01
1.974000e+01
1.898000e+01
1.820000e+01
1.753000e+01
1.698000e+01
1.627000e+01
1.596000e+01
1.553000e+01
1.512000e+01
1.476000e+01
1.443000e+01
1.421000e+01
1.464000e+01
1.584000e+01
1.820000e+01
21
2.232000e+01
2.162000e+01
2.150000e+01
2.155000e+01
2.131000e+01
2.143000e+01
2.124000e+01
2.143000e+01
2.088000e+01
2.022000e+01
1.953000e+01
1.910000e+01
1.865000e+01
1.834000e+01
1.817000e+01
1.798000e+01
1.791000e+01
1.781000e+01
1.774000e+01
1.710000e+01
1.696000e+01
1.698000e+01
1.703000e+01
1.720000e+01
1.774000e+01
1.815000e+01
1.801000e+01
1.765000e+01
1.786000e+01
1.798000e+01
1.736000e+01
1.715000e+01
1.667000e+01
1.658000e+01
1.627000e+01
1.586000e+01
1.565000e+01
1.553000e+01
1.539000e+01
1.486000e+01
1.472000e+01
1.433000e+01
1.431000e+01
1.436000e+01
1.455000e+01
1.484000e+01
1.522000e+01
1.553000e+01
1.586000e+01
1.641000e+01
1.667000e+01
1.665000e+01
1.658000e+01
1.684000e+01
1.572000e+01
1.558000e+01
1.562000e+01
1.548000e+01
1.519000e+01
1.464000e+01
1.433000e+01
1.397000e+01
1.390000e+01
1.393000e+01
1.405000e+01
1.395000e+01
1.397000e+01
1.388000e+01
1.381000e+01
1.397000e+01
1.426000e+01
1.452000e+01
1.462000e+01
1.460000e+01
1.476000e+01
1.524000e+01
1.548000e+01
1.539000e+01
1.546000e+01
1.570000e+01
1.543000e+01
1.507000e+01
1.498000e+01
1.488000e+01
1.457000e+01
1.424000e+01
1.407000e+01
1.378000e+01
1.378000e+01
1.376000e+01
1.385000e+01
1.390000e+01
1.402000e+01
1.429000e+01
1.474000e+01
1.570000e+01
1.598000e+01
1.615000e+01
1.634000e+01
1.651000e+01
1.658000e+01
1.667000e+01
1.670000e+01
1.670000e+01
1.663000e+01
1.648000e+01
1.603000e+01
1.577000e+01
1.565000e+01
1.555000e+01
1.522000e+01
1.479000e+01
1.450000e+01
1.440000e+01
1.443000e+01
1.445000e+01
1.445000e+01
1.457000e+01
1.474000e+01
1.498000e+01
1.510000e+01
1.539000e+01
1.620000e+01
1.634000e+01
1.665000e+01
1.672000e+01
1.672000e+01
1.667000e+01
1.663000e+01
1.660000e+01
1.658000e+01
1.648000e+01
1.639000e+01
1.632000e+01
1.627000e+01
1.605000e+01
1.574000e+01
1.560000e+01
1.543000e+01
1.488000e+01
1.491000e+01
1.548000e+01
1.682000e+01
1.784000e+01
1.812000e+01
1.779000e+01
1.784000e+01
1.779000e+01
1.789000e+01
1.796000e+01
1.798000e+01
1.789000e+01
1.777000e+01
1.727000e+01
1.677000e+01
1.627000e+01
1.589000e+01
1.536000e+01
1.496000e+01
1.469000e+01
1.429000e+01
1.385000e+01
1.364000e+01
1.337000e+01
1.347000e+01
1.433000e+01
1.627000e+01
1.872000e+01
1.965000e+01
1.919000e+01
1.936000e+01
1.946000e+01
1.922000e+01
1.915000e+01
1.908000e+01
1.919000e+01
19
1.853000e+01
1.805000e+01
1.760000e+01
1.734000e+01
1.713000e+01
1.679000e+01
1.658000e+01
1.651000e+01
1.643000e+01
1.636000e+01
1.641000e+01
1.648000e+01
1.698000e+01
1.772000e+01
1.874000e+01
1.888000e+01
1.903000e+01
1.924000e+01
1.974000e+01
1.988000e+01
1.988000e+01
1.917000e+01
1.793000e+01
1.791000e+01
1.801000e+01
1.793000e+01
1.791000e+01
1.784000e+01
1.786000e+01
1.784000e+01
1.777000e+01
1.755000e+01
1.739000e+01
1.713000e+01
1.720000e+01
1.727000e+01
1.753000e+01
1.793000e+01
1.843000e+01
1.922000e+01
1.960000e+01
1.972000e+01
1.977000e+01
1.977000e+01
1.974000e+01
1.965000e+01
1.960000e+01
1.950000e+01
1.910000e+01
1.874000e+01
1.862000e+01
1.834000e+01
1.803000e+01
1.779000e+01
1.746000e+01
1.729000e+01
1.717000e+01
1.708000e+01
1.698000e+01
1.705000e+01
1.777000e+01
1.755000e+01
1.774000e+01
1.810000e+01
1.831000e+01
1.877000e+01
1.917000e+01
1.936000e+01
1.960000e+01
1.979000e+01
1.957000e+01
1.946000e+01
1.927000e+01
1.929000e+01
1.922000e+01
1.908000e+01
1.898000e+01
1.891000e+01
1.879000e+01
1.877000e+01
1.874000e+01
1.867000e+01
1.862000e+01
1.858000e+01
1.839000e+01
1.841000e+01
1.841000e+01
1.839000e+01
1.829000e+01
1.820000e+01
1.815000e+01
1.829000e+01
1.869000e+01
1.877000e+01
1.855000e+01
1.829000e+01
1.796000e+01
1.781000e+01
1.751000e+01
1.715000e+01
1.672000e+01
1.629000e+01
1.581000e+01
1.534000e+01
1.498000e+01
1.464000e+01
1.436000e+01
1.429000e+01
1.493000e+01
1.589000e+01
1.693000e+01
1.717000e+01
1.729000e+01
1.722000e+01
1.717000e+01
1.720000e+01
1.717000e+01
1.724000e+01
1.732000e+01
1.713000e+01
1.698000e+01
1.677000e+01
1.636000e+01
1.605000e+01
1.570000e+01
1.529000e+01
1.488000e+01
1.448000e+01
1.409000e+01
1.376000e+01
1.335000e+01
1.340000e+01
1.414000e+01
1.562000e+01
1.705000e+01
1.713000e+01
1.713000e+01
1.713000e+01
1.713000e+01
1.713000e+01
1.698000e+01
1.698000e+01
1.701000e+01
1.684000e+01
1.636000e+01
1.598000e+01
1.577000e+01
1.570000e+01
1.565000e+01
1.560000e+01
1.555000e+01
1.548000e+01
1.543000e+01
1.536000e+01
1.529000e+01
1.531000e+01
1.548000e+01
1.574000e+01
1.620000e+01
1.667000e+01
1.698000e+01
1.739000e+01
1.758000e+01
1.786000e+01
1.805000e+01
1.812000e+01
1.817000e+01
1.801000e+01
1.789000e+01
1.774000e+01
1.758000e+01
1.739000e+01
1.701000e+01
1.672000e+01
1.646000e+01
1.615000e+01
1.593000e+01
1.567000e+01
1.543000e+01
1.555000e+01
1.622000e+01
1.767000e+01
1.946000e+01
2.026000e+01
2.041000e+01
2.034000e+01
2.050000e+01
2.048000e+01
2.036000e+01
2.031000e+01
2.046000e+01
2.031000e+01
1.984000e+01
1.934000e+01
1.891000e+01
1.858000e+01
1.827000e+01
1.796000e+01
1.767000e+01
1.739000e+01
1.727000e+01
1.710000e+01
1.708000e+01
1.720000e+01
1.760000e+01
1.843000e+01
1.912000e+01
1.915000e+01
1.943000e+01
1.996000e+01
2.019000e+01
2.024000e+01
2.031000e+01
2.041000e+01
2.046000e+01
2.012000e+01
1.969000e+01
1.938000e+01
1.903000e+01
1.858000e+01
1.815000e+01
1.774000e+01
1.739000e+01
1.703000e+01
1.672000e+01
1.639000e+01
1.615000e+01
1.615000e+01
1.624000e+01
1.693000e+01
1.751000e+01
1.784000e+01
1.805000e+01
1.829000e+01
1.850000e+01
1.862000e+01
1.869000e+01
1.881000e+01
1.881000e+01
1.874000e+01
1.846000e+01
1.827000e+01
1.812000e+01
1.801000e+01
1.791000e+01
1.789000e+01
1.777000e+01
1.762000e+01
1.739000e+01
1.715000e+01
1.693000e+01
1.696000e+01
1.758000e+01
1.770000e+01
1.789000e+01
1.777000e+01
1.765000e+01
1.772000e+01
1.772000e+01
1.801000e+01
1.827000e+01
1.858000e+01
1.872000e+01
1.869000e+01
1.860000e+01
1.850000e+01
1.841000e+01
1.831000e+01
1.827000e+01
1.812000e+01
1.801000e+01
1.786000e+01
1.774000e+01
1.758000e+01
1.751000e+01
1.748000e+01
1.760000e+01
1.789000e+01
1.834000e+01
1.903000e+01
1.974000e+01
2.012000e+01
2.022000e+01
2.010000e+01
2.007000e+01
2.017000e+01
2.007000e+01
1.996000e+01
1.972000e+01
1.943000e+01
1.917000e+01
1.888000e+01
1.862000e+01
1.836000e+01
1.824000e+01
1.817000e+01
1.808000e+01
1.796000e+01
1.774000e+01
1.781000e+01
1.781000e+01
1.779000e+01
1.839000e+01
1.984000e+01
2.036000e+01
2.062000e+01
2.062000e+01
2.057000e+01
2.062000e+01
2.067000e+01
2.062000e+01
2.048000e+01
2.022000e+01
1.991000e+01
1.962000e+01
1.936000e+01
1.908000e+01
1.881000e+01
1.853000e+01
1.824000e+01
1.805000e+01
1.779000e+01
1.760000e+01
1.762000e+01
1.831000e+01
1.946000e+01
2.110000e+01
2.160000e+01
2.181000e+01
2.191000e+01
2.189000e+01
2.186000e+01
2.184000e+01
2.181000e+01
2.165000e+01
2.143000e+01
2.103000e+01
2.062000e+01
2.029000e+01
1.998000e+01
1.967000e+01
