5.0 5.0
5.002597190920874 5.0
5.005194230481458 5.0
5.00779096735781 5.0
5.010387250298658 5.0
5.012982928161702 5.0
5.015577849949839 5.0
5.018171864847328 5.0
5.0207648222558525 5.0
5.023356571830484 5.0
5.025946963515501 5.0
5.028535847580071 5.0
5.031123074653756 5.0
5.033708495761847 5.0
5.0362919623604885 5.0
5.03887332637158 5.0
5.04145244021745 5.0
5.044029156855268 5.0
5.046603329811192 5.0
5.049174813214221 5.0
5.05174346182975 5.0
5.054309131092799 5.0
5.056871677140909 5.0
5.059430956846684 5.0
5.061986827849968 5.0
5.064539148589632 5.0
5.067087778334975 5.0
5.069632577216703 5.0
5.072173406257489 5.0
5.0747101274020885 5.0
5.0772426035470035 5.0
5.0797706985696855 5.0
5.082294277357253 5.0
5.084813205834723 5.0
5.087327350992738 5.0
5.08983658091478 5.0
5.092340764803862 5.0
5.09483977300868 5.0
5.097333477049223 5.0
5.099821749641831 5.0
5.102304464723678 5.0
5.1047814974767 5.0
5.1072527243509205 5.0
5.109718023087208 5.0
5.1121772727394195 5.0
5.114630353695955 5.0
5.117077147700692 5.0
5.119517537873307 5.0
5.121951408728981 5.0
5.12437864619747 5.0
5.126799137641552 5.0
5.129212771874832 5.0
5.131619439178914 5.0
5.134019031319928 5.0
5.136411441564408 5.0
5.138796564694533 5.0
5.141174297022708 5.0
5.143544536405501 5.0
5.145907182256924 5.0
5.148262135561065 5.0
5.150609298884069 5.0
5.152948576385458 5.0
5.15527987382881 5.0
5.157603098591788 5.0
5.159918159675504 5.0
5.162224967713261 5.0
5.164523434978631 5.0
5.166813475392899 5.0
5.169095004531872 5.0
5.171367939632043 5.0
5.173632199596137 5.0
5.175887704998017 5.0
5.178134378086977 5.0
5.180372142791417 5.0
5.182600924721899 5.0
5.184820651173605 5.0
5.187031251128192 5.0
5.189232655255048 5.0
5.191424795911967 5.0
5.193607607145238 5.0
5.195781024689166 5.0
5.197944985965018 5.0
5.200099430079419 5.0
5.202244297822189 5.0
5.204379531663643 5.0
5.206505075751356 5.0
5.208620875906394 5.0
5.210726879619038 5.0
5.2128230360439956 5.0
5.214909295995105 5.0
5.216985611939568 5.0
5.219051937991676 5.0
5.221108229906093 5.0
5.223154445070653 5.0
5.225190542498721 5.0
5.227216482821105 5.0
5.229232228277541 5.0
5.231237742707751 5.0
5.2332329915420965 5.0
5.235217941791824 5.0
5.237192562038929 5.0
5.239156822425629 5.0
5.24111069464348 5.0
5.243054151922122 5.0
5.2449871690176835 5.0
5.246909722200848 5.0
5.248821789244591 5.0
5.250723349411604 5.0
5.25261438344141 5.0
5.2544948735371815 5.0
5.256364803352288 5.0
5.25822415797655 5.0
5.260072923922246 5.0
5.261911089109859 5.0
5.2637386428535775 5.0
5.265555575846584 5.0
5.267361880146092 5.0
5.269157549158203 5.0
5.270942577622537 5.0
5.272716961596691 5.0
5.274480698440508 5.0
5.2762337868001765 5.0
5.2779762265921715 5.0
5.279708018987044 5.0
5.2814291663930675 5.0
5.283139672439754 5.0
5.28483954196125 5.0
5.286528780979617 5.0
5.288207396688007 5.0
5.28987539743375 5.0
5.291532792701348 5.0
5.293179593095396 5.0
5.294815810323437 5.0
5.29644145717875 5.0
5.298056547523096 5.0
5.299661096269414 5.0
5.301255119364487 5.0
5.302838633771573 5.0
5.304411657453031 5.0
5.305974209352914 5.0
5.307526309379583 5.0
5.309067978388303 5.0
5.310599238163858 5.0
5.312120111403189 5.0
5.3136306216980405 5.0
5.315130793517653 5.0
5.3166206521914825 5.0
5.318100223891971 5.0
5.31956953561736 5.0
5.321028615174561 5.0
5.322477491162094 5.0
5.323916192953082 5.0
5.325344750678326 5.0
5.326763195209456 5.0
5.328171558142166 5.0
5.329569871779531 5.0
5.3309581691154255 5.0
5.332336483818036 5.0
5.333704850213472 5.0
5.3350633032694885 5.0
5.336411878579318 5.0
5.337750612345612 5.0
5.339079541364514 5.0
5.340398703009837 5.0
5.34170813521738 5.0
5.343007876469373 5.0
5.344297965779045 5.0
5.3455784426753405 5.0
5.346849347187766 5.0
5.3481107198313795 5.0
5.349362601591928 5.0
5.350605033911126 5.0
5.351838058672094 5.0
5.353061718184929 5.0
5.3542760551724555 5.0
5.355481112756106 5.0
5.356676934441978 5.0
5.357863564107045 5.0
5.359041045985517 5.0
5.36020942465539 5.0
5.361368745025132 5.0
5.362519052320548 5.0
5.363660392071814 5.0
5.364792810100675 5.0
5.3659163525078055 5.0
5.367031065660353 5.0
5.368136996179636 5.0
5.369234190929031 5.0
5.370322697002017 5.0
5.371402561710392 5.0
5.372473832572674 5.0
5.373536557302665 5.0
5.374590783798187 5.0
5.3756365601299985 5.0
5.376673934530875 5.0
5.377702955384872 5.0
5.378723671216752 5.0
5.379736130681589 5.0
5.3807403825545475 5.0
5.381736475720823 5.0
5.382724459165768 5.0
5.383704381965182 5.0
5.384676293275765 5.0
5.385640242325759 5.0
5.386596278405736 5.0
5.387544450859576 5.0
5.388484809075594 5.0
5.389417402477851 5.0
5.390342280517613 5.0
5.391259492664992 5.0
5.392169088400735 5.0
5.39307111720819 5.0
5.393965628565422 5.0
5.394852671937497 5.0
5.395732296768924 5.0
5.39660455247625 5.0
5.397469488440818 5.0
5.398327154001679 5.0
5.399177598448655 5.0
5.400020871015561 5.0
5.400857020873567 5.0
5.401686097124729 5.0
5.402508148795647 5.0
5.403323224831285 5.0
5.404131374088931 5.0
5.404932645332302 5.0
5.4057270872257925 5.0
5.406514748328862 5.0
5.40729567709056 5.0
5.4080699218442 5.0
5.408837530802152 5.0
5.409598552050785 5.0
5.410353033545535 5.0
5.411101023106105 5.0
5.411842568411796 5.0
5.412577716996968 5.0
5.413306516246622 5.0
5.414029013392108 5.0
5.414745255506965 5.0
5.415455289502866 5.0
5.416159162125697 5.0
5.41685691995175 5.0
5.417548609384025 5.0
5.418234276648658 5.0
5.41891396779145 5.0
5.419587728674524 5.0
5.420255604973071 5.0
5.420917642172215 5.0
5.42157388556399 5.0
5.422224380244407 5.0
5.4228691711106345 5.0
5.423508302858278 5.0
5.4241418199787566 5.0
5.424769766756777 5.0
5.4253921872679065 5.0
5.426009125376245 5.0
5.426620624732173 5.0
5.427226728770215 5.0
5.427827480706968 5.0
5.428422923539143 5.0
5.429013100041668 5.0
5.429598052765893 5.0
5.4301778240378775 5.0
5.43075245595675 5.0
5.431321990393155 5.0
5.431886468987779 5.0
5.4324459331499515 5.0
5.4330004240563206 5.0
5.433549982649609 5.0
5.434094649637434 5.0
5.434634465491205 5.0
5.43516947044509 5.0
5.435699704495051 5.0
5.436225207397943 5.0
5.43674601867068 5.0
5.437262177589471 5.0
5.4377737231891095 5.0
5.438280694262332 5.0
5.438783129359234 5.0
5.4392810667867435 5.0
5.439774544608154 5.0
5.440263600642715 5.0
5.4407482724652745 5.0
5.441228597405975 5.0
5.441704612550009 5.0
5.4421763547374145 5.0
5.4426438605629315 5.0
5.443107166375899 5.0
5.443566308280206 5.0
5.444021322134287 5.0
5.444472243551157 5.0
5.444919107898505 5.0
5.445361950298813 5.0
5.445800805629535 5.0
5.4462357085232975 5.0
5.4466666933681624 5.0
5.447093794307907 5.0
5.447517045242358 5.0
5.447936479827754 5.0
5.448352131477146 5.0
5.448764033360836 5.0
5.449172218406841 5.0
5.449576719301401 5.0
5.44997756848951 5.0
5.450374798175487 5.0
5.450768440323562 5.0
5.451158526658513 5.0
5.451545088666312 5.0
5.451928157594811 5.0
5.452307764454445 5.0
5.452683940018973 5.0
5.453056714826232 5.0
5.453426119178924 5.0
5.453792183145419 5.0
5.45415493656059 5.0
5.454514409026664 5.0
5.454870629914091 5.0
5.455223628362446 5.0
5.455573433281332 5.0
5.455920073351324 5.0
5.456263577024913 5.0
5.4566039725274775 5.0
5.456941287858272 5.0
5.457275550791425 5.0
5.45760678887696 5.0
5.457935029441834 5.0
5.458260299590976 5.0
5.45858262620836 5.0
5.45890203595807 5.0
5.459218555285403 5.0
5.459532210417957 5.0
5.459843027366749 5.0
5.46015103192734 5.0
5.460456249680968 5.0
5.460758705995697 5.0
5.461058426027563 5.0
5.4613554347217494 5.0
5.461649756813749 5.0
5.461941416830551 5.0
5.462230439091829 5.0
5.462516847711133 5.0
5.462800666597098 5.0
5.463081919454648 5.0
5.463360629786215 5.0
5.463636820892959 5.0
5.463910515875991 5.0
5.46418173763761 5.0
5.464450508882533 5.0
5.464716852119138 5.0
5.464980789660705 5.0
5.465242343626666 5.0
5.46550153594385 5.0
5.465758388347738 5.0
5.466012922383721 5.0
5.46626515940835 5.0
5.466515120590598 5.0
5.466762826913124 5.0
5.467008299173528 5.0
5.467251557985613 5.0
5.467492623780655 5.0
5.467731516808655 5.0
5.4679682571396135 5.0
5.468202864664783 5.0
5.468435359097937 5.0
5.468665759976627 5.0
5.468894086663448 5.0
5.4691203583472925 5.0
5.469344594044611 5.0
5.469566812600672 5.0
5.469787032690808 5.0
5.470005272821674 5.0
5.470221551332498 5.0
5.470435886396327 5.0
5.47064829602127 5.0
5.470858798051745 5.0
5.471067410169716 5.0
5.471274149895926 5.0
5.4714790345911375 5.0
5.471682081457354 5.0
5.471883307539053 5.0
5.4720827297244 5.0
5.472280364746476 5.0
5.4724762291844815 5.0
5.472670339464955 5.0
5.472862711862971 5.0
5.473053362503351 5.0
5.473242307361849 5.0
5.4734295622663485 5.0
5.473615142898051 5.0
5.473799064792657 5.0
5.47398134334154 5.0
5.474161993792924 5.0
5.474341031253044 5.0
5.474518470687311 5.0
5.474694326921472 5.0
5.474868614642751 5.0
5.475041348401002 5.0
5.475212542609846 5.0
5.475382211547804 5.0
5.475550369359425 5.0
5.475717030056409 5.0
5.4758822075187235 5.0
5.476045915495711 5.0
5.476208167607197 5.0
5.476368977344586 5.0
5.47652835807195 5.0
5.476686323027122 5.0
5.476842885322772 5.0
5.476998057947474 5.0
5.4771518537667845 5.0
5.477304285524293 5.0
5.4774553658426814 5.0
5.477605107224771 5.0
5.477753522054562 5.0
5.477900622598271 5.0
5.478046421005355 5.0
5.478190929309538 5.0
5.478334159429824 5.0
5.478476123171503 5.0
5.478616832227156 5.0
5.478756298177651 5.0
5.478894532493129 5.0
5.479031546533987 5.0
5.479167351551852 5.0
5.479301958690554 5.0
5.479435378987083 5.0
5.479567623372545 5.0
5.479698702673114 5.0
5.479828627610972 5.0
5.479957408805238 5.0
5.480085056772911 5.0
5.480211581929775 5.0
5.480336994591326 5.0
5.480461304973675 5.0
5.480584523194452 5.0
5.4807066592736975 5.0
5.480827723134755 5.0
5.480947724605152 5.0
5.481066673417471 5.0
5.481184579210222 5.0
5.481301451528702 5.0
5.481417299825853 5.0
5.481532133463105 5.0
5.481645961711226 5.0
5.481758793751148 5.0
5.4818706386748035 5.0
5.481981505485943 5.0
5.482091403100953 5.0
5.482200340349665 5.0
5.482308325976157 5.0
5.482415368639552 5.0
5.482521476914806 5.0
5.482626659293491 5.0
5.482730924184573 5.0
5.482834279915187 5.0
5.482936734731391 5.0
5.483038296798934 5.0
5.483138974204005 5.0
5.483238774953974 5.0
5.483337706978138 5.0
5.483435778128451 5.0
5.483532996180249 5.0
5.483629368832974 5.0
5.483724903710888 5.0
5.483819608363781 5.0
5.483913490267673 5.0
5.484006556825511 5.0
5.48409881536786 5.0
5.4841902731535885 5.0
5.484280937370545 5.0
5.484370815136231 5.0
5.48445991349847 5.0
5.484548239436066 5.0
5.48463579985946 5.0
5.484722601611381 5.0
5.484808651467485 5.0
5.484893956137001 5.0
5.484978522263354 5.0
5.485062356424798 5.0
5.485145465135037 5.0
5.4852278548438385 5.0
5.485309531937642 5.0
5.48539050274017 5.0
5.485470773513019 5.0
5.48555035045626 5.0
5.485629239709024 5.0
5.485707447350083 5.0
5.4857849793984315 5.0
5.485861841813858 5.0
5.485938040497508 5.0
5.486013581292454 5.0
5.486088469984242 5.0
5.486162712301454 5.0
5.486236313916245 5.0
5.486309280444892 5.0
5.486381617448322 5.0
5.486453330432656 5.0
5.486524424849722 5.0
5.486594906097584 5.0
5.486664779521058 5.0
5.486734050412222 5.0
5.486802724010926 5.0
5.486870805505289 5.0
5.486938300032203 5.0
5.48700521267782 5.0
5.487071548478045 5.0
5.487137312419014 5.0
5.487202509437578 5.0
5.487267144421775 5.0
5.487331222211299 5.0
5.487394747597967 5.0
5.487457725326179 5.0
5.487520160093373 5.0
5.48758205655048 5.0
5.487643419302369 5.0
5.487704252908291 5.0
5.48776456188232 5.0
5.487824350693781 5.0
5.487883623767694 5.0
5.487942385485182 5.0
5.48800064018391 5.0
5.488058392158493 5.0
5.488115645660914 5.0
5.488172404900932 5.0
5.48822867404649 5.0
5.488284457224115 5.0
5.4883397585193165 5.0
5.488394581976982 5.0
5.488448931601763 5.0
5.488502811358469 5.0
5.48855622517244 5.0
5.488609176929934 5.0
5.488661670478497 5.0
5.488713709627335 5.0
5.488765298147683 5.0
5.488816439773167 5.0
5.488867138200166 5.0
5.488917397088166 5.0
5.488967220060117 5.0
5.4890166107027785 5.0
5.489065572567068 5.0
5.489114109168401 5.0
5.489162223987035 5.0
5.489209920468397 5.0
5.489257202023428 5.0
5.4893040720288955 5.0
5.489350533827734 5.0
5.489396590729362 5.0
5.489442246009995 5.0
5.489487502912972 5.0
5.48953236464906 5.0
5.489576834396766 5.0
5.489620915302643 5.0
5.489664610481594 5.0
5.4897079230171695 5.0
5.4897508559618675 5.0
5.489793412337426 5.0
5.489835595135112 5.0
5.489877407316013 5.0
5.489918851811316 5.0
5.4899599315225975 5.0
5.490000649322097 5.0
5.490041008052991 5.0
5.490081010529673 5.0
5.49012065953802 5.0
5.490159957835659 5.0
5.490198908152234 5.0
5.490237513189667 5.0
5.490275775622419 5.0
5.490313698097743 5.0
5.490351283235942 5.0
5.490388533630617 5.0
5.490425451848919 5.0
5.490462040431791 5.0
5.490498301894213 5.0
5.490534238725447 5.0
5.490569853389267 5.0
5.490605148324201 5.0
5.490640125943765 5.0
5.490674788636689 5.0
5.490709138767148 5.0
5.490743178674988 5.0
5.49077691067595 5.0
5.490810337061891 5.0
5.490843460101 5.0
5.490876282038018 5.0
5.490908805094453 5.0
5.490941031468784 5.0
5.490972963336683 5.0
5.49100460285121 5.0
5.491035952143028 5.0
5.491067013320597 5.0
5.491097788470384 5.0
5.49112827965705 5.0
5.49115848892366 5.0
5.491188418291865 5.0
5.491218069762101 5.0
5.4912474453137765 5.0
5.491276546905461 5.0
5.491305376475072 5.0
5.491333935940055 5.0
5.491362227197571 5.0
5.491390252124669 5.0
5.491418012578471 5.0
5.491445510396345 5.0
5.491472747396077 5.0
5.491499725376045 5.0
5.491526446115388 5.0
5.491552911374175 5.0
5.4915791228935715 5.0
5.491605082396002 5.0
5.491630791585315 5.0
5.491656252146942 5.0
5.491681465748058 5.0
5.491706434037734 5.0
5.4917311586471005 5.0
5.491755641189494 5.0
5.4917798832606115 5.0
5.49180388643866 5.0
5.491827652284507 5.0
5.491851182341822 5.0
5.491874478137229 5.0
5.491897541180441 5.0
5.491920372964411 5.0
5.491942974965464 5.0
5.49196534864344 5.0
5.491987495441831 5.0
5.49200941678791 5.0
5.492031114092876 5.0
5.492052588751975 5.0
5.4920738421446345 5.0
5.492094875634594 5.0
5.492115690570031 5.0
5.492136288283687 5.0
5.492156670092992 5.0
5.492176837300188 5.0
5.492196791192448 5.0
5.492216533041998 5.0
5.492236064106237 5.0
5.492255385627851 5.0
5.492274498834928 5.0
5.492293404941079 5.0
5.49231210514554 5.0
5.492330600633294 5.0
5.4923488925751744 5.0
5.492366982127976 5.0
5.492384870434562 5.0
5.492402558623971 5.0
5.492420047811518 5.0
5.492437339098904 5.0
5.492454433574313 5.0
5.492471332312512 5.0
5.492488036374956 5.0
5.492504546809881 5.0
5.492520864652403 5.0
5.492536990924614 5.0
5.492552926635675 5.0
5.492568672781909 5.0
5.492584230346895 5.0
5.492599600301558 5.0
5.492614783604256 5.0
5.492629781200872 5.0
5.492644594024899 5.0
5.492659222997526 5.0
5.492673669027722 5.0
5.4926879330123235 5.0
5.4927020158361115 5.0
5.492715918371895 5.0
5.492729641480595 5.0
5.492743186011316 5.0
5.49275655280143 5.0
5.492769742676652 5.0
5.492782756451113 5.0
5.492795594927438 5.0
5.492808258896818 5.0
5.492820749139082 5.0
5.49283306642277 5.0
5.4928452115052 5.0
5.492857185132542 5.0
5.492868988039882 5.0
5.4928806209512935 5.0
5.492892084579896 5.0
5.492903379627931 5.0
5.492914506786816 5.0
5.492925466737214 5.0
5.492936260149092 5.0
5.492946887681783 5.0
5.492957349984049 5.0
5.492967647694136 5.0
5.4929777814398335 5.0
5.492987751838532 5.0
5.492997559497279 5.0
5.493007205012835 5.0
5.493016688971727 5.0
5.4930260119503 5.0
5.493035174514773 5.0
5.493044177221289 5.0
5.493053020615962 5.0
5.4930617052349335 5.0
5.493070231604416 5.0
5.49307860024074 5.0
5.493086811650407 5.0
5.493094866330127 5.0
5.49310276476687 5.0
5.493110507437907 5.0
5.493118094810857 5.0
5.493125527343722 5.0
5.493132805484935 5.0
5.493139929673399 5.0
5.493146900338525 5.0
5.493153717900275 5.0
5.493160382769192 5.0
5.493166895346447 5.0
5.4931732560238675 5.0
5.493179465183975 5.0
5.493185523200023 5.0
5.493191430436028 5.0
5.493197187246798 5.0
5.493202793977973 5.0
5.4932082509660525 5.0
5.493213558538422 5.0
5.493218717013388 5.0
5.493223726700205 5.0
5.493228587899102 5.0
5.493233300901311 5.0
5.493237865989093 5.0
5.493242283435762 5.0
5.493246553505713 5.0
5.4932506764544415 5.0
5.49325465252857 5.0
5.493258481965869 5.0
5.4932621649952775 5.0
5.493265701836924 5.0
5.493269092702148 5.0
5.493272337793516 5.0
5.493275437304844 5.0
5.493278391421209 5.0
5.493281200318973 5.0
5.4932838641657895 5.0
5.49328638312063 5.0
5.493288757333788 5.0
5.4932909869468975 5.0
5.493293072092946 5.0
5.493295012896285 5.0
5.49329680947264 5.0
5.493298461929125 5.0
5.49329997036425 5.0
5.493301334867925 5.0
5.493302555521477 5.0
5.493303632397651 5.0
5.493304565560618 5.0
5.493305355065983 5.0
5.493306000960787 5.0
5.4933065032835104 5.0
5.493306862064082 5.0
5.493307077323875 5.0
5.493307149075715 5.0
5.493307077323875 5.0
5.493306862064082 5.0
5.4933065032835104 5.0
5.493306000960787 5.0
5.493305355065983 5.0
5.493304565560618 5.0
5.493303632397651 5.0
5.493302555521477 5.0
5.493301334867925 5.0
5.49329997036425 5.0
5.493298461929125 5.0
5.49329680947264 5.0
5.493295012896285 5.0
5.493293072092946 5.0
5.4932909869468975 5.0
5.493288757333788 5.0
5.49328638312063 5.0
5.4932838641657895 5.0
5.493281200318973 5.0
5.493278391421209 5.0
5.493275437304844 5.0
5.493272337793516 5.0
5.493269092702148 5.0
5.493265701836924 5.0
5.4932621649952775 5.0
5.493258481965869 5.0
5.49325465252857 5.0
5.4932506764544415 5.0
5.493246553505713 5.0
5.493242283435762 5.0
5.493237865989093 5.0
5.493233300901311 5.0
5.493228587899102 5.0
5.493223726700205 5.0
5.493218717013388 5.0
5.493213558538422 5.0
5.4932082509660525 5.0
5.493202793977973 5.0
5.493197187246798 5.0
5.493191430436028 5.0
5.493185523200023 5.0
5.493179465183975 5.0
5.4931732560238675 5.0
5.493166895346447 5.0
5.493160382769192 5.0
5.493153717900275 5.0
5.493146900338525 5.0
5.493139929673399 5.0
5.493132805484935 5.0
5.493125527343722 5.0
5.493118094810857 5.0
5.493110507437907 5.0
5.49310276476687 5.0
5.493094866330127 5.0
5.493086811650407 5.0
5.49307860024074 5.0
5.493070231604416 5.0
5.4930617052349335 5.0
5.493053020615962 5.0
5.493044177221289 5.0
5.493035174514773 5.0
5.4930260119503 5.0
5.493016688971727 5.0
5.493007205012835 5.0
5.492997559497279 5.0
5.492987751838532 5.0
5.4929777814398335 5.0
5.492967647694136 5.0
5.492957349984049 5.0
5.492946887681783 5.0
5.492936260149092 5.0
5.492925466737214 5.0
5.492914506786816 5.0
5.492903379627931 5.0
5.492892084579896 5.0
5.4928806209512935 5.0
5.492868988039882 5.0
5.492857185132542 5.0
5.4928452115052 5.0
5.49283306642277 5.0
5.492820749139082 5.0
5.492808258896818 5.0
5.492795594927438 5.0
5.492782756451113 5.0
5.492769742676652 5.0
5.49275655280143 5.0
5.492743186011316 5.0
5.492729641480595 5.0
5.492715918371895 5.0
5.4927020158361115 5.0
5.4926879330123235 5.0
5.492673669027722 5.0
5.492659222997526 5.0
5.492644594024899 5.0
5.492629781200872 5.0
5.492614783604256 5.0
5.492599600301558 5.0
5.492584230346895 5.0
5.492568672781909 5.0
5.492552926635675 5.0
5.492536990924614 5.0
5.492520864652403 5.0
5.492504546809881 5.0
5.492488036374956 5.0
5.492471332312512 5.0
5.492454433574313 5.0
5.492437339098904 5.0
5.492420047811518 5.0
5.492402558623971 5.0
5.492384870434562 5.0
5.492366982127976 5.0
5.4923488925751744 5.0
5.492330600633294 5.0
5.49231210514554 5.0
5.492293404941079 5.0
5.492274498834928 5.0
5.492255385627851 5.0
5.492236064106237 5.0
5.492216533041998 5.0
5.492196791192448 5.0
5.492176837300188 5.0
5.492156670092992 5.0
5.492136288283687 5.0
5.492115690570031 5.0
5.492094875634594 5.0
5.4920738421446345 5.0
5.492052588751975 5.0
5.492031114092876 5.0
5.49200941678791 5.0
5.491987495441831 5.0
5.49196534864344 5.0
5.491942974965464 5.0
5.491920372964411 5.0
5.491897541180441 5.0
5.491874478137229 5.0
5.491851182341822 5.0
5.491827652284507 5.0
5.49180388643866 5.0
5.4917798832606115 5.0
5.491755641189494 5.0
5.4917311586471005 5.0
5.491706434037734 5.0
5.491681465748058 5.0
5.491656252146942 5.0
5.491630791585315 5.0
5.491605082396002 5.0
5.4915791228935715 5.0
5.491552911374175 5.0
5.491526446115388 5.0
5.491499725376045 5.0
5.491472747396077 5.0
5.491445510396345 5.0
5.491418012578471 5.0
5.491390252124669 5.0
5.491362227197571 5.0
5.491333935940055 5.0
5.491305376475072 5.0
5.491276546905461 5.0
5.4912474453137765 5.0
5.491218069762101 5.0
5.491188418291865 5.0
5.49115848892366 5.0
5.49112827965705 5.0
5.491097788470384 5.0
5.491067013320597 5.0
5.491035952143028 5.0
5.49100460285121 5.0
5.490972963336683 5.0
5.490941031468784 5.0
5.490908805094453 5.0
5.490876282038018 5.0
5.490843460101 5.0
5.490810337061891 5.0
5.49077691067595 5.0
5.490743178674988 5.0
5.490709138767148 5.0
5.490674788636689 5.0
5.490640125943765 5.0
5.490605148324201 5.0
5.490569853389267 5.0
5.490534238725447 5.0
5.490498301894213 5.0
5.490462040431791 5.0
5.490425451848919 5.0
5.490388533630617 5.0
5.490351283235942 5.0
5.490313698097743 5.0
5.490275775622419 5.0
5.490237513189667 5.0
5.490198908152234 5.0
5.490159957835659 5.0
5.49012065953802 5.0
5.490081010529673 5.0
5.490041008052991 5.0
5.490000649322097 5.0
5.4899599315225975 5.0
5.489918851811316 5.0
5.489877407316013 5.0
5.489835595135112 5.0
5.489793412337426 5.0
5.4897508559618675 5.0
5.4897079230171695 5.0
5.489664610481594 5.0
5.489620915302643 5.0
5.489576834396766 5.0
5.48953236464906 5.0
5.489487502912972 5.0
5.489442246009995 5.0
5.489396590729362 5.0
5.489350533827734 5.0
5.4893040720288955 5.0
5.489257202023428 5.0
5.489209920468397 5.0
5.489162223987035 5.0
5.489114109168401 5.0
5.489065572567068 5.0
5.4890166107027785 5.0
5.488967220060117 5.0
5.488917397088166 5.0
5.488867138200166 5.0
5.488816439773167 5.0
5.488765298147683 5.0
5.488713709627335 5.0
5.488661670478497 5.0
5.488609176929934 5.0
5.48855622517244 5.0
5.488502811358469 5.0
5.488448931601763 5.0
5.488394581976982 5.0
5.4883397585193165 5.0
5.488284457224115 5.0
5.48822867404649 5.0
5.488172404900932 5.0
5.488115645660914 5.0
5.488058392158493 5.0
5.48800064018391 5.0
5.487942385485182 5.0
5.487883623767694 5.0
5.487824350693781 5.0
5.48776456188232 5.0
5.487704252908291 5.0
5.487643419302369 5.0
5.48758205655048 5.0
5.487520160093373 5.0
5.487457725326179 5.0
5.487394747597967 5.0
5.487331222211299 5.0
5.487267144421775 5.0
5.487202509437578 5.0
5.487137312419014 5.0
5.487071548478045 5.0
5.48700521267782 5.0
5.486938300032203 5.0
5.486870805505289 5.0
5.486802724010926 5.0
5.486734050412222 5.0
5.486664779521058 5.0
5.486594906097584 5.0
5.486524424849722 5.0
5.486453330432656 5.0
5.486381617448322 5.0
5.486309280444892 5.0
5.486236313916245 5.0
5.486162712301454 5.0
5.486088469984242 5.0
5.486013581292454 5.0
5.485938040497508 5.0
5.485861841813858 5.0
5.4857849793984315 5.0
5.485707447350083 5.0
5.485629239709024 5.0
5.48555035045626 5.0
5.485470773513019 5.0
5.48539050274017 5.0
5.485309531937642 5.0
5.4852278548438385 5.0
5.485145465135037 5.0
5.485062356424798 5.0
5.484978522263354 5.0
5.484893956137001 5.0
5.484808651467485 5.0
5.484722601611381 5.0
5.48463579985946 5.0
5.484548239436066 5.0
5.48445991349847 5.0
5.484370815136231 5.0
5.484280937370545 5.0
5.4841902731535885 5.0
5.48409881536786 5.0
5.484006556825511 5.0
5.483913490267673 5.0
5.483819608363781 5.0
5.483724903710888 5.0
5.483629368832974 5.0
5.483532996180249 5.0
5.483435778128451 5.0
5.483337706978138 5.0
5.483238774953974 5.0
5.483138974204005 5.0
5.483038296798934 5.0
5.482936734731391 5.0
5.482834279915187 5.0
5.482730924184573 5.0
5.482626659293491 5.0
5.482521476914806 5.0
5.482415368639552 5.0
5.482308325976157 5.0
5.482200340349665 5.0
5.482091403100953 5.0
5.481981505485943 5.0
5.4818706386748035 5.0
5.481758793751148 5.0
5.481645961711226 5.0
5.481532133463105 5.0
5.481417299825853 5.0
5.481301451528702 5.0
5.481184579210222 5.0
5.481066673417471 5.0
5.480947724605152 5.0
5.480827723134755 5.0
5.4807066592736975 5.0
5.480584523194452 5.0
5.480461304973675 5.0
5.480336994591326 5.0
5.480211581929775 5.0
5.480085056772911 5.0
5.479957408805238 5.0
5.479828627610972 5.0
5.479698702673114 5.0
5.479567623372545 5.0
5.479435378987083 5.0
5.479301958690554 5.0
5.479167351551852 5.0
5.479031546533987 5.0
5.478894532493129 5.0
5.478756298177651 5.0
5.478616832227156 5.0
5.478476123171503 5.0
5.478334159429824 5.0
5.478190929309538 5.0
5.478046421005355 5.0
5.477900622598271 5.0
5.477753522054562 5.0
5.477605107224771 5.0
5.4774553658426814 5.0
5.477304285524293 5.0
5.4771518537667845 5.0
5.476998057947474 5.0
5.476842885322772 5.0
5.476686323027122 5.0
5.47652835807195 5.0
5.476368977344586 5.0
5.476208167607197 5.0
5.476045915495711 5.0
5.4758822075187235 5.0
5.475717030056409 5.0
5.475550369359425 5.0
5.475382211547804 5.0
5.475212542609846 5.0
5.475041348401002 5.0
5.474868614642751 5.0
5.474694326921472 5.0
5.474518470687311 5.0
5.474341031253044 5.0
5.474161993792924 5.0
5.47398134334154 5.0
5.473799064792657 5.0
5.473615142898051 5.0
5.4734295622663485 5.0
5.473242307361849 5.0
5.473053362503351 5.0
5.472862711862971 5.0
5.472670339464955 5.0
5.4724762291844815 5.0
5.472280364746476 5.0
5.4720827297244 5.0
5.471883307539053 5.0
5.471682081457354 5.0
5.4714790345911375 5.0
5.471274149895926 5.0
5.471067410169716 5.0
5.470858798051745 5.0
5.47064829602127 5.0
5.470435886396327 5.0
5.470221551332498 5.0
5.470005272821674 5.0
5.469787032690808 5.0
5.469566812600672 5.0
5.469344594044611 5.0
5.4691203583472925 5.0
5.468894086663448 5.0
5.468665759976627 5.0
5.468435359097937 5.0
5.468202864664783 5.0
5.4679682571396135 5.0
5.467731516808655 5.0
5.467492623780655 5.0
5.467251557985613 5.0
5.467008299173528 5.0
5.466762826913124 5.0
5.466515120590598 5.0
5.46626515940835 5.0
5.466012922383721 5.0
5.465758388347738 5.0
5.46550153594385 5.0
5.465242343626666 5.0
5.464980789660705 5.0
5.464716852119138 5.0
5.464450508882534 5.0
5.46418173763761 5.0
5.463910515875991 5.0
5.463636820892959 5.0
5.463360629786215 5.0
5.463081919454648 5.0
5.462800666597098 5.0
5.462516847711133 5.0
5.462230439091829 5.0
5.461941416830552 5.0
5.461649756813749 5.0
5.4613554347217494 5.0
5.461058426027563 5.0
5.460758705995697 5.0
5.460456249680968 5.0
5.46015103192734 5.0
5.459843027366749 5.0
5.459532210417957 5.0
5.459218555285403 5.0
5.45890203595807 5.0
5.458582626208359 5.0
5.458260299590976 5.0
5.457935029441834 5.0
5.45760678887696 5.0
5.457275550791425 5.0
5.456941287858272 5.0
5.4566039725274775 5.0
5.456263577024913 5.0
5.455920073351324 5.0
5.455573433281332 5.0
5.455223628362446 5.0
5.454870629914091 5.0
5.454514409026664 5.0
5.45415493656059 5.0
5.453792183145419 5.0
5.453426119178924 5.0
5.453056714826232 5.0
5.452683940018973 5.0
5.452307764454445 5.0
5.451928157594811 5.0
5.451545088666312 5.0
5.451158526658513 5.0
5.450768440323562 5.0
5.450374798175487 5.0
5.44997756848951 5.0
5.449576719301401 5.0
5.449172218406841 5.0
5.448764033360836 5.0
5.448352131477146 5.0
5.447936479827754 5.0
5.447517045242358 5.0
5.447093794307907 5.0
5.4466666933681624 5.0
5.4462357085232975 5.0
5.445800805629535 5.0
5.445361950298813 5.0
5.444919107898505 5.0
5.444472243551157 5.0
5.444021322134287 5.0
5.443566308280206 5.0
5.443107166375899 5.0
5.4426438605629315 5.0
5.4421763547374145 5.0
5.441704612550009 5.0
5.441228597405975 5.0
5.4407482724652745 5.0
5.440263600642715 5.0
5.439774544608154 5.0
5.4392810667867435 5.0
5.438783129359234 5.0
5.438280694262332 5.0
5.4377737231891095 5.0
5.437262177589471 5.0
5.43674601867068 5.0
5.436225207397943 5.0
5.435699704495051 5.0
5.43516947044509 5.0
5.434634465491205 5.0
5.434094649637434 5.0
5.433549982649609 5.0
5.4330004240563206 5.0
5.4324459331499515 5.0
5.431886468987779 5.0
5.431321990393155 5.0
5.430752455956751 5.0
5.430177824037878 5.0
5.429598052765893 5.0
5.429013100041668 5.0
5.428422923539143 5.0
5.427827480706969 5.0
5.427226728770215 5.0
5.426620624732173 5.0
5.426009125376245 5.0
5.4253921872679065 5.0
5.424769766756777 5.0
5.4241418199787566 5.0
5.423508302858278 5.0
5.4228691711106345 5.0
5.422224380244407 5.0
5.42157388556399 5.0
5.420917642172215 5.0
5.42025560497307 5.0
5.419587728674524 5.0
5.41891396779145 5.0
5.418234276648658 5.0
5.417548609384025 5.0
5.41685691995175 5.0
5.416159162125697 5.0
5.415455289502866 5.0
5.414745255506965 5.0
5.414029013392108 5.0
5.413306516246622 5.0
5.412577716996968 5.0
5.411842568411796 5.0
5.411101023106105 5.0
5.410353033545535 5.0
5.409598552050785 5.0
5.408837530802152 5.0
5.4080699218442 5.0
5.40729567709056 5.0
5.406514748328862 5.0
5.4057270872257925 5.0
5.404932645332302 5.0
5.404131374088931 5.0
5.403323224831285 5.0
5.402508148795647 5.0
5.401686097124729 5.0
5.400857020873568 5.0
5.400020871015561 5.0
5.399177598448655 5.0
5.398327154001679 5.0
5.397469488440818 5.0
5.39660455247625 5.0
5.395732296768924 5.0
5.394852671937497 5.0
5.393965628565422 5.0
5.39307111720819 5.0
5.392169088400735 5.0
5.391259492664992 5.0
5.390342280517613 5.0
5.389417402477851 5.0
5.388484809075594 5.0
5.387544450859576 5.0
5.386596278405736 5.0
5.385640242325759 5.0
5.384676293275766 5.0
5.383704381965182 5.0
5.382724459165768 5.0
5.381736475720823 5.0
5.3807403825545475 5.0
5.379736130681589 5.0
5.378723671216752 5.0
5.377702955384872 5.0
5.376673934530875 5.0
5.3756365601299985 5.0
5.374590783798188 5.0
5.373536557302665 5.0
5.372473832572674 5.0
5.371402561710392 5.0
5.370322697002017 5.0
5.369234190929032 5.0
5.368136996179636 5.0
5.367031065660353 5.0
5.365916352507806 5.0
5.364792810100675 5.0
5.363660392071814 5.0
5.362519052320548 5.0
5.361368745025131 5.0
5.36020942465539 5.0
5.359041045985517 5.0
5.357863564107045 5.0
5.356676934441978 5.0
5.355481112756106 5.0
5.3542760551724555 5.0
5.353061718184929 5.0
5.351838058672094 5.0
5.350605033911126 5.0
5.349362601591928 5.0
5.3481107198313795 5.0
5.346849347187766 5.0
5.3455784426753405 5.0
5.344297965779045 5.0
5.343007876469373 5.0
5.341708135217381 5.0
5.3403987030098365 5.0
5.339079541364515 5.0
5.337750612345613 5.0
5.336411878579318 5.0
5.3350633032694885 5.0
5.333704850213472 5.0
5.332336483818036 5.0
5.3309581691154255 5.0
5.329569871779531 5.0
5.3281715581421665 5.0
5.326763195209456 5.0
5.325344750678326 5.0
5.3239161929530825 5.0
5.322477491162094 5.0
5.321028615174562 5.0
5.31956953561736 5.0
5.318100223891971 5.0
5.3166206521914825 5.0
5.315130793517653 5.0
5.313630621698041 5.0
5.31212011140319 5.0
5.310599238163858 5.0
5.309067978388303 5.0
5.307526309379583 5.0
5.305974209352914 5.0
5.304411657453031 5.0
5.302838633771573 5.0
5.301255119364487 5.0
5.299661096269414 5.0
5.298056547523096 5.0
5.29644145717875 5.0
5.294815810323437 5.0
5.293179593095396 5.0
5.291532792701348 5.0
5.28987539743375 5.0
5.288207396688007 5.0
5.286528780979617 5.0
5.28483954196125 5.0
5.283139672439754 5.0
5.2814291663930675 5.0
5.279708018987044 5.0
5.2779762265921715 5.0
5.2762337868001765 5.0
5.274480698440508 5.0
5.272716961596691 5.0
5.270942577622537 5.0
5.269157549158203 5.0
5.267361880146093 5.0
5.265555575846584 5.0
5.2637386428535775 5.0
5.261911089109859 5.0
5.260072923922246 5.0
5.258224157976551 5.0
5.256364803352288 5.0
5.2544948735371815 5.0
5.25261438344141 5.0
5.250723349411604 5.0
5.248821789244591 5.0
5.246909722200848 5.0
5.2449871690176835 5.0
5.243054151922122 5.0
5.24111069464348 5.0
5.239156822425629 5.0
5.237192562038929 5.0
5.235217941791824 5.0
5.2332329915420965 5.0
5.231237742707751 5.0
5.229232228277542 5.0
5.227216482821106 5.0
5.225190542498721 5.0
5.223154445070653 5.0
5.221108229906093 5.0
5.219051937991676 5.0
5.216985611939568 5.0
5.214909295995105 5.0
5.2128230360439956 5.0
5.210726879619039 5.0
5.208620875906394 5.0
5.206505075751356 5.0
5.204379531663643 5.0
5.202244297822189 5.0
5.200099430079419 5.0
5.197944985965018 5.0
5.1957810246891665 5.0
5.193607607145238 5.0
5.191424795911967 5.0
5.189232655255048 5.0
5.187031251128192 5.0
5.184820651173605 5.0
5.182600924721899 5.0
5.180372142791417 5.0
5.178134378086978 5.0
5.175887704998017 5.0
5.173632199596137 5.0
5.171367939632043 5.0
5.169095004531872 5.0
5.166813475392899 5.0
5.16452343497863 5.0
5.162224967713262 5.0
5.159918159675504 5.0
5.157603098591788 5.0
5.155279873828811 5.0
5.152948576385458 5.0
5.150609298884069 5.0
5.148262135561065 5.0
5.145907182256924 5.0
5.143544536405501 5.0
5.141174297022708 5.0
5.138796564694534 5.0
5.136411441564408 5.0
5.134019031319928 5.0
5.131619439178915 5.0
5.129212771874832 5.0
5.126799137641552 5.0
5.12437864619747 5.0
5.121951408728981 5.0
5.119517537873307 5.0
5.117077147700692 5.0
5.114630353695955 5.0
5.1121772727394195 5.0
5.109718023087208 5.0
5.1072527243509205 5.0
5.1047814974767 5.0
5.102304464723679 5.0
5.099821749641831 5.0
5.097333477049223 5.0
5.09483977300868 5.0
5.092340764803862 5.0
5.08983658091478 5.0
5.087327350992738 5.0
5.084813205834723 5.0
5.082294277357254 5.0
5.0797706985696855 5.0
5.0772426035470035 5.0
5.0747101274020885 5.0
5.072173406257489 5.0
5.069632577216704 5.0
5.067087778334975 5.0
5.064539148589633 5.0
5.061986827849968 5.0
5.059430956846684 5.0
5.056871677140909 5.0
5.054309131092799 5.0
5.05174346182975 5.0
5.049174813214221 5.0
5.046603329811192 5.0
5.044029156855268 5.0
5.04145244021745 5.0
5.038873326371581 5.0
5.0362919623604885 5.0
5.033708495761847 5.0
5.031123074653756 5.0
5.028535847580071 5.0
5.025946963515501 5.0
5.023356571830484 5.0
5.0207648222558525 5.0
5.018171864847328 5.0
5.01557784994984 5.0
5.012982928161702 5.0
5.010387250298658 5.0
5.007790967357809 5.0
5.005194230481459 5.0
5.002597190920874 5.0
5.0 5.0
4.9974028090791265 5.0
4.994805769518542 5.0
4.992209032642191 5.0
4.989612749701342 5.0
4.987017071838298 5.0
4.984422150050161 5.0
4.981828135152672 5.0
4.979235177744148 5.0
4.976643428169516 5.0
4.974053036484499 5.0
4.971464152419929 5.0
4.968876925346245 5.0
4.966291504238153 5.0
4.9637080376395115 5.0
4.96112667362842 5.0
4.95854755978255 5.0
4.9559708431447325 5.0
4.953396670188809 5.0
4.95082518678578 5.0
4.94825653817025 5.0
4.945690868907201 5.0
4.943128322859091 5.0
4.940569043153316 5.0
4.938013172150033 5.0
4.935460851410368 5.0
4.932912221665025 5.0
4.930367422783297 5.0
4.927826593742511 5.0
4.925289872597912 5.0
4.9227573964529965 5.0
4.9202293014303145 5.0
4.917705722642747 5.0
4.915186794165277 5.0
4.912672649007262 5.0
4.91016341908522 5.0
4.907659235196139 5.0
4.90516022699132 5.0
4.902666522950777 5.0
4.900178250358169 5.0
4.897695535276322 5.0
4.895218502523301 5.0
4.8927472756490795 5.0
4.890281976912792 5.0
4.8878227272605805 5.0
4.885369646304045 5.0
4.882922852299309 5.0
4.880482462126693 5.0
4.878048591271019 5.0
4.875621353802531 5.0
4.873200862358448 5.0
4.8707872281251685 5.0
4.868380560821086 5.0
4.865980968680072 5.0
4.863588558435592 5.0
4.861203435305467 5.0
4.858825702977293 5.0
4.856455463594499 5.0
4.854092817743076 5.0
4.851737864438935 5.0
4.849390701115931 5.0
4.847051423614543 5.0
4.84472012617119 5.0
4.842396901408212 5.0
4.840081840324497 5.0
4.837775032286739 5.0
4.835476565021369 5.0
4.833186524607101 5.0
4.830904995468128 5.0
4.828632060367957 5.0
4.826367800403863 5.0
4.824112295001983 5.0
4.821865621913023 5.0
4.819627857208584 5.0
4.817399075278102 5.0
4.815179348826395 5.0
4.812968748871808 5.0
4.810767344744952 5.0
4.808575204088033 5.0
4.806392392854762 5.0
4.804218975310834 5.0
4.802055014034982 5.0
4.799900569920582 5.0
4.797755702177811 5.0
4.795620468336357 5.0
4.793494924248644 5.0
4.791379124093606 5.0
4.789273120380962 5.0
4.7871769639560044 5.0
4.785090704004895 5.0
4.783014388060433 5.0
4.780948062008324 5.0
4.7788917700939075 5.0
4.776845554929347 5.0
4.774809457501279 5.0
4.772783517178895 5.0
4.770767771722459 5.0
4.768762257292249 5.0
4.766767008457904 5.0
4.764782058208176 5.0
4.762807437961071 5.0
4.760843177574371 5.0
4.75888930535652 5.0
4.756945848077878 5.0
4.7550128309823165 5.0
4.753090277799153 5.0
4.751178210755409 5.0
4.749276650588396 5.0
4.74738561655859 5.0
4.7455051264628185 5.0
4.743635196647712 5.0
4.74177584202345 5.0
4.739927076077754 5.0
4.738088910890142 5.0
4.7362613571464225 5.0
4.734444424153416 5.0
4.732638119853908 5.0
4.730842450841798 5.0
4.729057422377464 5.0
4.727283038403309 5.0
4.725519301559492 5.0
4.7237662131998235 5.0
4.7220237734078285 5.0
4.720291981012956 5.0
4.7185708336069325 5.0
4.716860327560246 5.0
4.71516045803875 5.0
4.713471219020383 5.0
4.711792603311993 5.0
4.71012460256625 5.0
4.708467207298653 5.0
4.706820406904604 5.0
4.705184189676563 5.0
4.70355854282125 5.0
4.701943452476904 5.0
4.700338903730586 5.0
4.698744880635513 5.0
4.697161366228427 5.0
4.69558834254697 5.0
4.694025790647086 5.0
4.692473690620417 5.0
4.690932021611697 5.0
4.689400761836141 5.0
4.687879888596811 5.0
4.686369378301959 5.0
4.684869206482348 5.0
4.6833793478085175 5.0
4.681899776108029 5.0
4.68043046438264 5.0
4.678971384825439 5.0
4.677522508837906 5.0
4.676083807046918 5.0
4.674655249321674 5.0
4.673236804790544 5.0
4.671828441857834 5.0
4.67043012822047 5.0
4.6690418308845745 5.0
4.667663516181964 5.0
4.666295149786528 5.0
4.6649366967305115 5.0
4.663588121420682 5.0
4.662249387654388 5.0
4.660920458635486 5.0
4.6596012969901635 5.0
4.65829186478262 5.0
4.656992123530627 5.0
4.655702034220955 5.0
4.6544215573246595 5.0
4.653150652812234 5.0
4.6518892801686205 5.0
4.650637398408072 5.0
4.649394966088874 5.0
4.648161941327906 5.0
4.646938281815071 5.0
4.6457239448275445 5.0
4.644518887243894 5.0
4.643323065558022 5.0
4.642136435892955 5.0
4.640958954014483 5.0
4.63979057534461 5.0
4.638631254974868 5.0
4.637480947679452 5.0
4.636339607928186 5.0
4.635207189899325 5.0
4.6340836474921945 5.0
4.632968934339647 5.0
4.6318630038203645 5.0
4.630765809070969 5.0
4.629677302997983 5.0
4.628597438289608 5.0
4.627526167427326 5.0
4.626463442697335 5.0
4.625409216201813 5.0
4.624363439870002 5.0
4.623326065469125 5.0
4.622297044615128 5.0
4.621276328783249 5.0
4.620263869318411 5.0
4.619259617445453 5.0
4.618263524279177 5.0
4.617275540834232 5.0
4.616295618034819 5.0
4.615323706724235 5.0
4.614359757674241 5.0
4.613403721594264 5.0
4.612455549140424 5.0
4.611515190924406 5.0
4.610582597522149 5.0
4.609657719482387 5.0
4.608740507335009 5.0
4.607830911599265 5.0
4.606928882791811 5.0
4.606034371434578 5.0
4.605147328062503 5.0
4.604267703231076 5.0
4.60339544752375 5.0
4.602530511559182 5.0
4.601672845998321 5.0
4.600822401551345 5.0
4.599979128984439 5.0
4.599142979126433 5.0
4.598313902875271 5.0
4.597491851204353 5.0
4.596676775168715 5.0
4.595868625911069 5.0
4.595067354667698 5.0
4.5942729127742075 5.0
4.593485251671138 5.0
4.59270432290944 5.0
4.5919300781558 5.0
4.591162469197848 5.0
4.5904014479492155 5.0
4.589646966454465 5.0
4.588898976893895 5.0
4.588157431588204 5.0
4.587422283003032 5.0
4.586693483753379 5.0
4.585970986607892 5.0
4.585254744493035 5.0
4.584544710497134 5.0
4.583840837874303 5.0
4.58314308004825 5.0
4.582451390615975 5.0
4.581765723351343 5.0
4.58108603220855 5.0
4.580412271325476 5.0
4.579744395026929 5.0
4.579082357827785 5.0
4.57842611443601 5.0
4.577775619755594 5.0
4.5771308288893655 5.0
4.576491697141722 5.0
4.5758581800212434 5.0
4.575230233243223 5.0
4.5746078127320935 5.0
4.573990874623756 5.0
4.573379375267827 5.0
4.572773271229786 5.0
4.572172519293032 5.0
4.571577076460857 5.0
4.570986899958332 5.0
4.570401947234107 5.0
4.5698221759621225 5.0
4.569247544043249 5.0
4.568678009606845 5.0
4.568113531012221 5.0
4.5675540668500485 5.0
4.5669995759436794 5.0
4.566450017350391 5.0
4.565905350362566 5.0
4.565365534508795 5.0
4.56483052955491 5.0
4.564300295504949 5.0
4.563774792602057 5.0
4.5632539813293205 5.0
4.562737822410529 5.0
4.5622262768108905 5.0
4.561719305737668 5.0
4.5612168706407665 5.0
4.5607189332132565 5.0
4.560225455391846 5.0
4.559736399357285 5.0
4.559251727534726 5.0
4.558771402594025 5.0
4.558295387449991 5.0
4.5578236452625855 5.0
4.5573561394370685 5.0
4.556892833624101 5.0
4.556433691719794 5.0
4.555978677865713 5.0
4.555527756448843 5.0
4.555080892101495 5.0
4.554638049701187 5.0
4.554199194370465 5.0
4.5537642914767025 5.0
4.5533333066318376 5.0
4.552906205692093 5.0
4.552482954757642 5.0
4.552063520172246 5.0
4.551647868522854 5.0
4.551235966639164 5.0
4.550827781593159 5.0
4.550423280698599 5.0
4.55002243151049 5.0
4.549625201824513 5.0
4.549231559676438 5.0
4.548841473341487 5.0
4.548454911333688 5.0
4.548071842405189 5.0
4.547692235545555 5.0
4.547316059981027 5.0
4.546943285173768 5.0
4.546573880821076 5.0
4.546207816854581 5.0
4.54584506343941 5.0
4.545485590973336 5.0
4.545129370085909 5.0
4.544776371637554 5.0
4.544426566718668 5.0
4.544079926648676 5.0
4.543736422975087 5.0
4.543396027472522 5.0
4.543058712141728 5.0
4.542724449208575 5.0
4.54239321112304 5.0
4.542064970558166 5.0
4.541739700409024 5.0
4.541417373791641 5.0
4.54109796404193 5.0
4.540781444714597 5.0
4.540467789582043 5.0
4.540156972633252 5.0
4.53984896807266 5.0
4.539543750319032 5.0
4.539241294004303 5.0
4.538941573972437 5.0
4.5386445652782506 5.0
4.538350243186251 5.0
4.538058583169449 5.0
4.537769560908171 5.0
4.537483152288867 5.0
4.537199333402902 5.0
4.536918080545352 5.0
4.536639370213785 5.0
4.536363179107041 5.0
4.536089484124009 5.0
4.53581826236239 5.0
4.535549491117467 5.0
4.535283147880862 5.0
4.535019210339295 5.0
4.534757656373334 5.0
4.53449846405615 5.0
4.534241611652262 5.0
4.533987077616279 5.0
4.53373484059165 5.0
4.533484879409402 5.0
4.533237173086876 5.0
4.532991700826472 5.0
4.532748442014387 5.0
4.532507376219345 5.0
4.532268483191345 5.0
4.5320317428603865 5.0
4.531797135335217 5.0
4.531564640902063 5.0
4.531334240023373 5.0
4.531105913336552 5.0
4.530879641652708 5.0
4.530655405955389 5.0
4.530433187399328 5.0
4.530212967309192 5.0
4.529994727178326 5.0
4.529778448667502 5.0
4.529564113603673 5.0
4.52935170397873 5.0
4.529141201948255 5.0
4.528932589830284 5.0
4.528725850104074 5.0
4.5285209654088625 5.0
4.528317918542646 5.0
4.528116692460947 5.0
4.5279172702756 5.0
4.527719635253524 5.0
4.5275237708155185 5.0
4.527329660535045 5.0
4.527137288137029 5.0
4.526946637496649 5.0
4.526757692638151 5.0
4.5265704377336515 5.0
4.526384857101949 5.0
4.526200935207343 5.0
4.52601865665846 5.0
4.525838006207076 5.0
4.525658968746956 5.0
4.525481529312688 5.0
4.525305673078528 5.0
4.525131385357249 5.0
4.524958651598998 5.0
4.524787457390154 5.0
4.524617788452196 5.0
4.524449630640575 5.0
4.524282969943591 5.0
4.5241177924812765 5.0
4.523954084504289 5.0
4.523791832392803 5.0
4.523631022655414 5.0
4.52347164192805 5.0
4.523313676972878 5.0
4.523157114677228 5.0
4.523001942052526 5.0
4.5228481462332155 5.0
4.522695714475707 5.0
4.5225446341573186 5.0
4.522394892775229 5.0
4.522246477945438 5.0
4.522099377401729 5.0
4.521953578994645 5.0
4.521809070690462 5.0
4.521665840570176 5.0
4.521523876828497 5.0
4.521383167772844 5.0
4.521243701822349 5.0
4.521105467506871 5.0
4.520968453466013 5.0
4.520832648448148 5.0
4.520698041309446 5.0
4.520564621012917 5.0
4.520432376627455 5.0
4.520301297326886 5.0
4.520171372389028 5.0
4.520042591194762 5.0
4.519914943227089 5.0
4.519788418070226 5.0
4.519663005408674 5.0
4.519538695026325 5.0
4.519415476805548 5.0
4.5192933407263025 5.0
4.519172276865245 5.0
4.519052275394848 5.0
4.518933326582529 5.0
4.518815420789778 5.0
4.518698548471298 5.0
4.518582700174147 5.0
4.518467866536895 5.0
4.518354038288774 5.0
4.518241206248852 5.0
4.5181293613251965 5.0
4.518018494514057 5.0
4.517908596899047 5.0
4.517799659650335 5.0
4.517691674023843 5.0
4.517584631360448 5.0
4.517478523085194 5.0
4.517373340706509 5.0
4.517269075815427 5.0
4.517165720084813 5.0
4.517063265268609 5.0
4.516961703201066 5.0
4.516861025795995 5.0
4.516761225046026 5.0
4.516662293021862 5.0
4.516564221871549 5.0
4.516467003819751 5.0
4.516370631167026 5.0
4.516275096289112 5.0
4.516180391636219 5.0
4.516086509732327 5.0
4.51599344317449 5.0
4.51590118463214 5.0
4.5158097268464115 5.0
4.515719062629455 5.0
4.515629184863769 5.0
4.51554008650153 5.0
4.515451760563934 5.0
4.51536420014054 5.0
4.515277398388619 5.0
4.515191348532515 5.0
4.515106043862999 5.0
4.515021477736646 5.0
4.514937643575202 5.0
4.514854534864963 5.0
4.5147721451561615 5.0
4.514690468062358 5.0
4.51460949725983 5.0
4.514529226486981 5.0
4.51444964954374 5.0
4.514370760290976 5.0
4.514292552649917 5.0
4.5142150206015685 5.0
4.514138158186142 5.0
4.514061959502492 5.0
4.513986418707546 5.0
4.513911530015758 5.0
4.513837287698546 5.0
4.513763686083755 5.0
4.513690719555108 5.0
4.513618382551678 5.0
4.513546669567344 5.0
4.513475575150278 5.0
4.513405093902416 5.0
4.513335220478942 5.0
4.513265949587778 5.0
4.513197275989074 5.0
4.513129194494711 5.0
4.513061699967797 5.0
4.51299478732218 5.0
4.512928451521955 5.0
4.512862687580986 5.0
4.512797490562422 5.0
4.512732855578225 5.0
4.512668777788701 5.0
4.512605252402033 5.0
4.512542274673821 5.0
4.512479839906627 5.0
4.51241794344952 5.0
4.512356580697631 5.0
4.512295747091708 5.0
4.51223543811768 5.0
4.512175649306219 5.0
4.512116376232306 5.0
4.512057614514818 5.0
4.51199935981609 5.0
4.511941607841507 5.0
4.511884354339086 5.0
4.511827595099068 5.0
4.51177132595351 5.0
4.511715542775885 5.0
4.5116602414806835 5.0
4.511605418023018 5.0
4.511551068398237 5.0
4.511497188641531 5.0
4.51144377482756 5.0
4.511390823070066 5.0
4.511338329521503 5.0
4.511286290372665 5.0
4.511234701852317 5.0
4.511183560226833 5.0
4.511132861799834 5.0
4.511082602911833 5.0
4.511032779939883 5.0
4.5109833892972215 5.0
4.510934427432932 5.0
4.510885890831599 5.0
4.510837776012965 5.0
4.510790079531603 5.0
4.510742797976572 5.0
4.5106959279711045 5.0
4.510649466172266 5.0
4.510603409270638 5.0
4.510557753990005 5.0
4.510512497087028 5.0
4.51046763535094 5.0
4.510423165603234 5.0
4.510379084697357 5.0
4.510335389518406 5.0
4.5102920769828305 5.0
4.5102491440381325 5.0
4.510206587662574 5.0
4.510164404864888 5.0
4.510122592683987 5.0
4.510081148188684 5.0
4.5100400684774025 5.0
4.509999350677903 5.0
4.509958991947009 5.0
4.509918989470327 5.0
4.50987934046198 5.0
4.509840042164341 5.0
4.509801091847766 5.0
4.509762486810333 5.0
4.509724224377581 5.0
4.509686301902257 5.0
4.509648716764058 5.0
4.509611466369383 5.0
4.509574548151081 5.0
4.509537959568209 5.0
4.509501698105787 5.0
4.509465761274553 5.0
4.509430146610733 5.0
4.509394851675799 5.0
4.509359874056235 5.0
4.509325211363311 5.0
4.509290861232852 5.0
4.509256821325012 5.0
4.50922308932405 5.0
4.50918966293811 5.0
4.509156539899 5.0
4.509123717961982 5.0
4.509091194905548 5.0
4.509058968531216 5.0
4.509027036663317 5.0
4.508995397148789 5.0
4.508964047856972 5.0
4.508932986679403 5.0
4.508902211529616 5.0
4.50887172034295 5.0
4.50884151107634 5.0
4.508811581708135 5.0
4.508781930237899 5.0
4.5087525546862235 5.0
4.508723453094539 5.0
4.508694623524928 5.0
4.508666064059945 5.0
4.508637772802429 5.0
4.508609747875331 5.0
4.508581987421529 5.0
4.508554489603655 5.0
4.508527252603923 5.0
4.508500274623955 5.0
4.508473553884612 5.0
4.508447088625825 5.0
4.5084208771064285 5.0
4.508394917603998 5.0
4.508369208414685 5.0
4.508343747853058 5.0
4.508318534251942 5.0
4.508293565962266 5.0
4.5082688413528995 5.0
4.508244358810505 5.0
4.5082201167393885 5.0
4.50819611356134 5.0
4.508172347715493 5.0
4.508148817658178 5.0
4.508125521862771 5.0
4.508102458819559 5.0
4.508079627035589 5.0
4.508057025034536 5.0
4.50803465135656 5.0
4.508012504558169 5.0
4.507990583212089 5.0
4.507968885907124 5.0
4.507947411248025 5.0
4.5079261578553655 5.0
4.507905124365406 5.0
4.507884309429969 5.0
4.507863711716313 5.0
4.507843329907008 5.0
4.507823162699812 5.0
4.507803208807553 5.0
4.507783466958002 5.0
4.507763935893763 5.0
4.507744614372149 5.0
4.507725501165072 5.0
4.507706595058921 5.0
4.50768789485446 5.0
4.507669399366706 5.0
4.5076511074248256 5.0
4.507633017872024 5.0
4.507615129565438 5.0
4.507597441376029 5.0
4.507579952188482 5.0
4.507562660901096 5.0
4.507545566425687 5.0
4.507528667687488 5.0
4.507511963625044 5.0
4.507495453190119 5.0
4.507479135347596 5.0
4.507463009075386 5.0
4.507447073364325 5.0
4.507431327218091 5.0
4.507415769653105 5.0
4.507400399698442 5.0
4.507385216395744 5.0
4.507370218799128 5.0
4.507355405975101 5.0
4.507340777002474 5.0
4.507326330972277 5.0
4.5073120669876765 5.0
4.5072979841638885 5.0
4.507284081628105 5.0
4.507270358519405 5.0
4.507256813988684 5.0
4.50724344719857 5.0
4.507230257323348 5.0
4.5072172435488875 5.0
4.507204405072562 5.0
4.507191741103182 5.0
4.507179250860918 5.0
4.50716693357723 5.0
4.5071547884948 5.0
4.507142814867458 5.0
4.507131011960118 5.0
4.5071193790487065 5.0
4.507107915420104 5.0
4.507096620372069 5.0
4.507085493213184 5.0
4.507074533262786 5.0
4.507063739850909 5.0
4.507053112318217 5.0
4.507042650015951 5.0
4.507032352305864 5.0
4.5070222185601665 5.0
4.507012248161469 5.0
4.507002440502721 5.0
4.506992794987164 5.0
4.506983311028273 5.0
4.5069739880497 5.0
4.506964825485227 5.0
4.506955822778712 5.0
4.506946979384038 5.0
4.5069382947650665 5.0
4.506929768395584 5.0
4.50692139975926 5.0
4.506913188349593 5.0
4.506905133669873 5.0
4.50689723523313 5.0
4.506889492562093 5.0
4.506881905189143 5.0
4.506874472656278 5.0
4.506867194515066 5.0
4.506860070326601 5.0
4.506853099661474 5.0
4.506846282099725 5.0
4.506839617230807 5.0
4.506833104653553 5.0
4.5068267439761325 5.0
4.506820534816025 5.0
4.506814476799977 5.0
4.506808569563972 5.0
4.506802812753202 5.0
4.506797206022027 5.0
4.5067917490339475 5.0
4.506786441461578 5.0
4.506781282986612 5.0
4.506776273299795 5.0
4.506771412100898 5.0
4.506766699098689 5.0
4.506762134010907 5.0
4.506757716564238 5.0
4.506753446494287 5.0
4.5067493235455585 5.0
4.50674534747143 5.0
4.506741518034131 5.0
4.5067378350047225 5.0
4.506734298163076 5.0
4.506730907297852 5.0
4.506727662206484 5.0
4.506724562695156 5.0
4.506721608578791 5.0
4.506718799681027 5.0
4.5067161358342105 5.0
4.50671361687937 5.0
4.506711242666213 5.0
4.5067090130531025 5.0
4.506706927907054 5.0
4.506704987103715 5.0
4.50670319052736 5.0
4.506701538070875 5.0
4.50670002963575 5.0
4.506698665132075 5.0
4.506697444478523 5.0
4.506696367602349 5.0
4.506695434439382 5.0
4.506694644934017 5.0
4.506693999039213 5.0
4.5066934967164896 5.0
4.506693137935918 5.0
4.506692922676125 5.0
4.506692850924285 5.0
4.506692922676125 5.0
4.506693137935918 5.0
4.5066934967164896 5.0
4.506693999039213 5.0
4.506694644934017 5.0
4.506695434439382 5.0
4.506696367602349 5.0
4.506697444478523 5.0
4.506698665132075 5.0
4.50670002963575 5.0
4.506701538070875 5.0
4.50670319052736 5.0
4.506704987103715 5.0
4.506706927907054 5.0
4.5067090130531025 5.0
4.506711242666213 5.0
4.50671361687937 5.0
4.5067161358342105 5.0
4.506718799681027 5.0
4.506721608578791 5.0
4.506724562695156 5.0
4.506727662206484 5.0
4.506730907297852 5.0
4.506734298163076 5.0
4.5067378350047225 5.0
4.506741518034131 5.0
4.50674534747143 5.0
4.5067493235455585 5.0
4.506753446494287 5.0
4.506757716564238 5.0
4.506762134010907 5.0
4.506766699098689 5.0
4.506771412100898 5.0
4.506776273299795 5.0
4.506781282986612 5.0
4.506786441461578 5.0
4.5067917490339475 5.0
4.506797206022027 5.0
4.506802812753202 5.0
4.506808569563972 5.0
4.506814476799977 5.0
4.506820534816025 5.0
4.5068267439761325 5.0
4.506833104653553 5.0
4.506839617230807 5.0
4.506846282099725 5.0
4.506853099661474 5.0
4.506860070326601 5.0
4.506867194515066 5.0
4.506874472656278 5.0
4.506881905189143 5.0
4.506889492562093 5.0
4.50689723523313 5.0
4.506905133669873 5.0
4.506913188349593 5.0
4.50692139975926 5.0
4.506929768395584 5.0
4.5069382947650665 5.0
4.506946979384038 5.0
4.506955822778712 5.0
4.506964825485227 5.0
4.5069739880497 5.0
4.506983311028273 5.0
4.506992794987164 5.0
4.507002440502721 5.0
4.507012248161469 5.0
4.5070222185601665 5.0
4.507032352305864 5.0
4.507042650015951 5.0
4.507053112318217 5.0
4.507063739850909 5.0
4.507074533262786 5.0
4.507085493213184 5.0
4.507096620372069 5.0
4.507107915420104 5.0
4.5071193790487065 5.0
4.507131011960118 5.0
4.507142814867458 5.0
4.5071547884948 5.0
4.50716693357723 5.0
4.507179250860918 5.0
4.507191741103182 5.0
4.507204405072562 5.0
4.5072172435488875 5.0
4.507230257323348 5.0
4.50724344719857 5.0
4.507256813988684 5.0
4.507270358519405 5.0
4.507284081628105 5.0
4.5072979841638885 5.0
4.5073120669876765 5.0
4.507326330972277 5.0
4.507340777002474 5.0
4.507355405975101 5.0
4.507370218799128 5.0
4.507385216395744 5.0
4.507400399698442 5.0
4.507415769653105 5.0
4.507431327218091 5.0
4.507447073364325 5.0
4.507463009075386 5.0
4.507479135347596 5.0
4.507495453190119 5.0
4.507511963625044 5.0
4.507528667687488 5.0
4.507545566425687 5.0
4.507562660901096 5.0
4.507579952188482 5.0
4.507597441376029 5.0
4.507615129565438 5.0
4.507633017872024 5.0
4.5076511074248256 5.0
4.507669399366706 5.0
4.50768789485446 5.0
4.507706595058921 5.0
4.507725501165072 5.0
4.507744614372149 5.0
4.507763935893763 5.0
4.507783466958002 5.0
4.507803208807553 5.0
4.507823162699812 5.0
4.507843329907008 5.0
4.507863711716313 5.0
4.507884309429969 5.0
4.507905124365406 5.0
4.5079261578553655 5.0
4.507947411248025 5.0
4.507968885907124 5.0
4.507990583212089 5.0
4.508012504558169 5.0
4.50803465135656 5.0
4.508057025034536 5.0
4.508079627035589 5.0
4.508102458819559 5.0
4.508125521862771 5.0
4.508148817658178 5.0
4.508172347715493 5.0
4.50819611356134 5.0
4.5082201167393885 5.0
4.508244358810505 5.0
4.5082688413528995 5.0
4.508293565962266 5.0
4.508318534251942 5.0
4.508343747853058 5.0
4.508369208414685 5.0
4.508394917603998 5.0
4.5084208771064285 5.0
4.508447088625825 5.0
4.508473553884612 5.0
4.508500274623955 5.0
4.508527252603923 5.0
4.508554489603655 5.0
4.508581987421529 5.0
4.508609747875331 5.0
4.508637772802429 5.0
4.508666064059945 5.0
4.508694623524928 5.0
4.508723453094539 5.0
4.5087525546862235 5.0
4.508781930237899 5.0
4.508811581708135 5.0
4.50884151107634 5.0
4.50887172034295 5.0
4.508902211529616 5.0
4.508932986679403 5.0
4.508964047856972 5.0
4.508995397148789 5.0
4.509027036663317 5.0
4.509058968531216 5.0
4.509091194905548 5.0
4.509123717961982 5.0
4.509156539899 5.0
4.50918966293811 5.0
4.50922308932405 5.0
4.509256821325012 5.0
4.509290861232852 5.0
4.509325211363311 5.0
4.509359874056235 5.0
4.509394851675799 5.0
4.509430146610733 5.0
4.509465761274553 5.0
4.509501698105787 5.0
4.509537959568209 5.0
4.509574548151081 5.0
4.509611466369383 5.0
4.509648716764058 5.0
4.509686301902257 5.0
4.509724224377581 5.0
4.509762486810333 5.0
4.509801091847766 5.0
4.509840042164341 5.0
4.50987934046198 5.0
4.509918989470327 5.0
4.509958991947009 5.0
4.509999350677903 5.0
4.5100400684774025 5.0
4.510081148188684 5.0
4.510122592683987 5.0
4.510164404864888 5.0
4.510206587662574 5.0
4.5102491440381325 5.0
4.5102920769828305 5.0
4.510335389518406 5.0
4.510379084697357 5.0
4.510423165603234 5.0
4.51046763535094 5.0
4.510512497087028 5.0
4.510557753990005 5.0
4.510603409270638 5.0
4.510649466172266 5.0
4.5106959279711045 5.0
4.510742797976572 5.0
4.510790079531603 5.0
4.510837776012965 5.0
4.510885890831599 5.0
4.510934427432932 5.0
4.5109833892972215 5.0
4.511032779939883 5.0
4.511082602911833 5.0
4.511132861799834 5.0
4.511183560226833 5.0
4.511234701852317 5.0
4.511286290372665 5.0
4.511338329521503 5.0
4.511390823070066 5.0
4.51144377482756 5.0
4.511497188641531 5.0
4.511551068398237 5.0
4.511605418023018 5.0
4.5116602414806835 5.0
4.511715542775885 5.0
4.51177132595351 5.0
4.511827595099068 5.0
4.511884354339086 5.0
4.511941607841507 5.0
4.51199935981609 5.0
4.512057614514818 5.0
4.512116376232306 5.0
4.512175649306219 5.0
4.51223543811768 5.0
4.512295747091708 5.0
4.512356580697631 5.0
4.51241794344952 5.0
4.512479839906627 5.0
4.512542274673821 5.0
4.512605252402033 5.0
4.512668777788701 5.0
4.512732855578225 5.0
4.512797490562422 5.0
4.512862687580986 5.0
4.512928451521955 5.0
4.51299478732218 5.0
4.513061699967797 5.0
4.513129194494711 5.0
4.513197275989074 5.0
4.513265949587778 5.0
4.513335220478942 5.0
4.513405093902416 5.0
4.513475575150278 5.0
4.513546669567344 5.0
4.513618382551678 5.0
4.513690719555108 5.0
4.513763686083755 5.0
4.513837287698546 5.0
4.513911530015758 5.0
4.513986418707546 5.0
4.514061959502492 5.0
4.514138158186142 5.0
4.5142150206015685 5.0
4.514292552649917 5.0
4.514370760290976 5.0
4.51444964954374 5.0
4.514529226486981 5.0
4.51460949725983 5.0
4.514690468062358 5.0
4.5147721451561615 5.0
4.514854534864963 5.0
4.514937643575202 5.0
4.515021477736646 5.0
4.515106043862999 5.0
4.515191348532515 5.0
4.515277398388619 5.0
4.51536420014054 5.0
4.515451760563934 5.0
4.51554008650153 5.0
4.515629184863769 5.0
4.515719062629455 5.0
4.5158097268464115 5.0
4.51590118463214 5.0
4.515993443174489 5.0
4.516086509732327 5.0
4.516180391636219 5.0
4.516275096289112 5.0
4.516370631167026 5.0
4.516467003819751 5.0
4.516564221871549 5.0
4.516662293021862 5.0
4.516761225046026 5.0
4.516861025795995 5.0
4.516961703201066 5.0
4.517063265268609 5.0
4.517165720084813 5.0
4.517269075815427 5.0
4.517373340706509 5.0
4.517478523085194 5.0
4.517584631360448 5.0
4.517691674023843 5.0
4.517799659650335 5.0
4.517908596899047 5.0
4.518018494514057 5.0
4.5181293613251965 5.0
4.518241206248852 5.0
4.518354038288774 5.0
4.518467866536895 5.0
4.518582700174147 5.0
4.518698548471298 5.0
4.518815420789778 5.0
4.518933326582529 5.0
4.519052275394848 5.0
4.519172276865245 5.0
4.5192933407263025 5.0
4.519415476805548 5.0
4.519538695026325 5.0
4.519663005408674 5.0
4.519788418070226 5.0
4.519914943227089 5.0
4.520042591194762 5.0
4.520171372389028 5.0
4.520301297326886 5.0
4.520432376627455 5.0
4.520564621012917 5.0
4.520698041309446 5.0
4.520832648448148 5.0
4.520968453466013 5.0
4.521105467506871 5.0
4.521243701822349 5.0
4.521383167772844 5.0
4.521523876828497 5.0
4.521665840570176 5.0
4.521809070690462 5.0
4.521953578994645 5.0
4.522099377401729 5.0
4.522246477945438 5.0
4.522394892775229 5.0
4.5225446341573186 5.0
4.522695714475707 5.0
4.5228481462332155 5.0
4.523001942052526 5.0
4.523157114677228 5.0
4.523313676972878 5.0
4.52347164192805 5.0
4.523631022655414 5.0
4.523791832392803 5.0
4.523954084504289 5.0
4.5241177924812765 5.0
4.524282969943591 5.0
4.524449630640575 5.0
4.524617788452196 5.0
4.524787457390154 5.0
4.524958651598998 5.0
4.525131385357249 5.0
4.5253056730785275 5.0
4.525481529312688 5.0
4.525658968746956 5.0
4.525838006207076 5.0
4.52601865665846 5.0
4.526200935207343 5.0
4.526384857101949 5.0
4.5265704377336515 5.0
4.526757692638151 5.0
4.526946637496649 5.0
4.527137288137029 5.0
4.527329660535045 5.0
4.5275237708155185 5.0
4.527719635253524 5.0
4.5279172702756 5.0
4.528116692460947 5.0
4.528317918542646 5.0
4.5285209654088625 5.0
4.528725850104074 5.0
4.528932589830284 5.0
4.529141201948255 5.0
4.52935170397873 5.0
4.529564113603673 5.0
4.529778448667502 5.0
4.529994727178326 5.0
4.530212967309192 5.0
4.530433187399328 5.0
4.530655405955388 5.0
4.5308796416527075 5.0
4.531105913336552 5.0
4.531334240023373 5.0
4.531564640902063 5.0
4.531797135335217 5.0
4.5320317428603865 5.0
4.532268483191345 5.0
4.532507376219345 5.0
4.532748442014387 5.0
4.532991700826472 5.0
4.533237173086876 5.0
4.533484879409402 5.0
4.53373484059165 5.0
4.533987077616279 5.0
4.534241611652262 5.0
4.53449846405615 5.0
4.534757656373334 5.0
4.535019210339295 5.0
4.535283147880862 5.0
4.535549491117467 5.0
4.53581826236239 5.0
4.536089484124009 5.0
4.536363179107041 5.0
4.536639370213785 5.0
4.536918080545352 5.0
4.537199333402902 5.0
4.537483152288867 5.0
4.537769560908171 5.0
4.538058583169448 5.0
4.538350243186251 5.0
4.5386445652782506 5.0
4.538941573972437 5.0
4.539241294004303 5.0
4.539543750319032 5.0
4.53984896807266 5.0
4.540156972633251 5.0
4.540467789582043 5.0
4.540781444714597 5.0
4.54109796404193 5.0
4.541417373791641 5.0
4.541739700409024 5.0
4.542064970558166 5.0
4.54239321112304 5.0
4.542724449208575 5.0
4.543058712141728 5.0
4.543396027472522 5.0
4.543736422975087 5.0
4.544079926648676 5.0
4.544426566718668 5.0
4.544776371637554 5.0
4.545129370085908 5.0
4.545485590973336 5.0
4.54584506343941 5.0
4.546207816854581 5.0
4.546573880821076 5.0
4.546943285173768 5.0
4.547316059981027 5.0
4.547692235545555 5.0
4.548071842405189 5.0
4.548454911333688 5.0
4.548841473341487 5.0
4.549231559676438 5.0
4.549625201824513 5.0
4.550022431510489 5.0
4.550423280698599 5.0
4.550827781593159 5.0
4.551235966639164 5.0
4.551647868522854 5.0
4.552063520172246 5.0
4.552482954757642 5.0
4.552906205692093 5.0
4.5533333066318376 5.0
4.5537642914767025 5.0
4.554199194370465 5.0
4.554638049701187 5.0
4.555080892101495 5.0
4.555527756448843 5.0
4.555978677865713 5.0
4.556433691719794 5.0
4.556892833624101 5.0
4.5573561394370685 5.0
4.5578236452625855 5.0
4.558295387449991 5.0
4.558771402594025 5.0
4.5592517275347255 5.0
4.559736399357285 5.0
4.560225455391846 5.0
4.5607189332132565 5.0
4.561216870640766 5.0
4.561719305737668 5.0
4.5622262768108905 5.0
4.562737822410529 5.0
4.56325398132932 5.0
4.563774792602057 5.0
4.564300295504949 5.0
4.56483052955491 5.0
4.565365534508795 5.0
4.565905350362566 5.0
4.566450017350391 5.0
4.5669995759436794 5.0
4.5675540668500485 5.0
4.568113531012221 5.0
4.568678009606845 5.0
4.56924754404325 5.0
4.569822175962122 5.0
4.570401947234107 5.0
4.570986899958332 5.0
4.571577076460857 5.0
4.572172519293031 5.0
4.572773271229786 5.0
4.573379375267827 5.0
4.573990874623755 5.0
4.5746078127320935 5.0
4.575230233243223 5.0
4.5758581800212434 5.0
4.576491697141722 5.0
4.5771308288893655 5.0
4.577775619755593 5.0
4.57842611443601 5.0
4.579082357827785 5.0
4.579744395026929 5.0
4.580412271325475 5.0
4.58108603220855 5.0
4.581765723351343 5.0
4.582451390615975 5.0
4.5831430800482496 5.0
4.583840837874303 5.0
4.584544710497134 5.0
4.585254744493035 5.0
4.585970986607892 5.0
4.586693483753378 5.0
4.587422283003032 5.0
4.588157431588204 5.0
4.588898976893895 5.0
4.589646966454465 5.0
4.5904014479492155 5.0
4.591162469197848 5.0
4.5919300781558 5.0
4.59270432290944 5.0
4.593485251671138 5.0
4.594272912774207 5.0
4.595067354667697 5.0
4.595868625911069 5.0
4.5966767751687145 5.0
4.597491851204352 5.0
4.598313902875271 5.0
4.599142979126432 5.0
4.599979128984439 5.0
4.600822401551345 5.0
4.601672845998321 5.0
4.602530511559182 5.0
4.60339544752375 5.0
4.604267703231076 5.0
4.605147328062503 5.0
4.606034371434578 5.0
4.606928882791811 5.0
4.607830911599265 5.0
4.608740507335008 5.0
4.609657719482387 5.0
4.610582597522149 5.0
4.611515190924406 5.0
4.612455549140424 5.0
4.613403721594264 5.0
4.614359757674241 5.0
4.615323706724234 5.0
4.616295618034818 5.0
4.617275540834232 5.0
4.618263524279177 5.0
4.619259617445453 5.0
4.620263869318411 5.0
4.621276328783248 5.0
4.622297044615128 5.0
4.623326065469125 5.0
4.6243634398700015 5.0
4.625409216201812 5.0
4.626463442697335 5.0
4.627526167427326 5.0
4.628597438289608 5.0
4.629677302997983 5.0
4.630765809070968 5.0
4.631863003820364 5.0
4.632968934339647 5.0
4.6340836474921945 5.0
4.635207189899325 5.0
4.636339607928186 5.0
4.637480947679453 5.0
4.638631254974868 5.0
4.639790575344609 5.0
4.640958954014483 5.0
4.642136435892955 5.0
4.643323065558021 5.0
4.644518887243894 5.0
4.6457239448275445 5.0
4.64693828181507 5.0
4.648161941327906 5.0
4.649394966088874 5.0
4.650637398408072 5.0
4.6518892801686205 5.0
4.653150652812234 5.0
4.6544215573246595 5.0
4.655702034220955 5.0
4.656992123530627 5.0
4.65829186478262 5.0
4.659601296990163 5.0
4.660920458635486 5.0
4.662249387654387 5.0
4.663588121420682 5.0
4.664936696730511 5.0
4.666295149786528 5.0
4.667663516181964 5.0
4.6690418308845745 5.0
4.670430128220469 5.0
4.671828441857834 5.0
4.673236804790544 5.0
4.674655249321674 5.0
4.676083807046918 5.0
4.677522508837906 5.0
4.678971384825438 5.0
4.68043046438264 5.0
4.681899776108029 5.0
4.683379347808517 5.0
4.684869206482347 5.0
4.686369378301959 5.0
4.68787988859681 5.0
4.689400761836142 5.0
4.690932021611697 5.0
4.6924736906204165 5.0
4.6940257906470855 5.0
4.695588342546969 5.0
4.697161366228427 5.0
4.6987448806355125 5.0
4.700338903730586 5.0
4.701943452476905 5.0
4.70355854282125 5.0
4.705184189676563 5.0
4.706820406904604 5.0
4.708467207298652 5.0
4.710124602566251 5.0
4.711792603311993 5.0
4.713471219020383 5.0
4.715160458038749 5.0
4.716860327560246 5.0
4.718570833606932 5.0
4.720291981012955 5.0
4.7220237734078285 5.0
4.7237662131998235 5.0
4.725519301559492 5.0
4.72728303840331 5.0
4.729057422377464 5.0
4.730842450841797 5.0
4.732638119853907 5.0
4.734444424153416 5.0
4.7362613571464225 5.0
4.738088910890141 5.0
4.739927076077754 5.0
4.741775842023449 5.0
4.743635196647712 5.0
4.7455051264628185 5.0
4.74738561655859 5.0
4.749276650588396 5.0
4.751178210755408 5.0
4.753090277799152 5.0
4.7550128309823165 5.0
4.756945848077878 5.0
4.75888930535652 5.0
4.760843177574371 5.0
4.762807437961071 5.0
4.764782058208176 5.0
4.766767008457904 5.0
4.768762257292248 5.0
4.770767771722458 5.0
4.772783517178894 5.0
4.774809457501278 5.0
4.776845554929346 5.0
4.778891770093907 5.0
4.780948062008323 5.0
4.783014388060432 5.0
4.785090704004895 5.0
4.7871769639560044 5.0
4.789273120380961 5.0
4.791379124093607 5.0
4.793494924248644 5.0
4.795620468336357 5.0
4.797755702177811 5.0
4.799900569920582 5.0
4.802055014034981 5.0
4.8042189753108335 5.0
4.806392392854762 5.0
4.808575204088033 5.0
4.810767344744951 5.0
4.812968748871808 5.0
4.815179348826394 5.0
4.817399075278101 5.0
4.819627857208583 5.0
4.821865621913023 5.0
4.824112295001983 5.0
4.826367800403863 5.0
4.828632060367957 5.0
4.830904995468129 5.0
4.8331865246071 5.0
4.83547656502137 5.0
4.837775032286738 5.0
4.840081840324495 5.0
4.842396901408211 5.0
4.844720126171189 5.0
4.847051423614542 5.0
4.84939070111593 5.0
4.851737864438935 5.0
4.854092817743076 5.0
4.856455463594498 5.0
4.858825702977292 5.0
4.861203435305467 5.0
4.863588558435591 5.0
4.865980968680073 5.0
4.868380560821086 5.0
4.870787228125168 5.0
4.873200862358447 5.0
4.875621353802531 5.0
4.878048591271019 5.0
4.880482462126692 5.0
4.882922852299308 5.0
4.885369646304044 5.0
4.88782272726058 5.0
4.890281976912792 5.0
4.892747275649079 5.0
4.8952185025233 5.0
4.897695535276321 5.0
4.90017825035817 5.0
4.902666522950777 5.0
4.90516022699132 5.0
4.907659235196139 5.0
4.91016341908522 5.0
4.912672649007262 5.0
4.915186794165278 5.0
4.917705722642746 5.0
4.920229301430314 5.0
4.922757396452996 5.0
4.9252898725979115 5.0
4.92782659374251 5.0
4.930367422783296 5.0
4.932912221665025 5.0
4.935460851410368 5.0
4.938013172150032 5.0
4.940569043153316 5.0
4.943128322859091 5.0
4.945690868907201 5.0
4.948256538170251 5.0
4.95082518678578 5.0
4.953396670188808 5.0
4.955970843144731 5.0
4.9585475597825495 5.0
4.961126673628419 5.0
4.963708037639511 5.0
4.966291504238153 5.0
4.968876925346244 5.0
4.971464152419928 5.0
4.974053036484499 5.0
4.976643428169515 5.0
4.9792351777441475 5.0
4.981828135152672 5.0
4.984422150050161 5.0
4.987017071838298 5.0
4.989612749701341 5.0
4.992209032642191 5.0
4.994805769518542 5.0
4.997402809079125 5.0
5.000000000000001 5.0
5.0025971909208735 5.0
5.005194230481457 5.0
5.007790967357808 5.0
5.010387250298658 5.0
5.012982928161701 5.0
5.015577849949839 5.0
5.018171864847328 5.0
5.0207648222558525 5.0
5.023356571830484 5.0
5.025946963515502 5.0
5.028535847580071 5.0
5.031123074653755 5.0
5.0337084957618465 5.0
5.036291962360489 5.0
5.038873326371579 5.0
5.041452440217449 5.0
5.0440291568552675 5.0
5.046603329811191 5.0
5.04917481321422 5.0
5.05174346182975 5.0
5.054309131092798 5.0
5.056871677140908 5.0
5.059430956846684 5.0
5.061986827849967 5.0
5.064539148589632 5.0
5.067087778334974 5.0
5.069632577216704 5.0
5.072173406257489 5.0
5.074710127402088 5.0
5.0772426035470035 5.0
5.0797706985696855 5.0
5.082294277357252 5.0
5.084813205834723 5.0
5.087327350992737 5.0
5.089836580914779 5.0
5.092340764803861 5.0
5.09483977300868 5.0
5.097333477049222 5.0
5.09982174964183 5.0
5.102304464723678 5.0
5.1047814974767 5.0
5.1072527243509205 5.0
5.109718023087209 5.0
5.1121772727394195 5.0
5.114630353695955 5.0
5.117077147700691 5.0
5.119517537873307 5.0
5.121951408728979 5.0
5.124378646197469 5.0
5.126799137641552 5.0
5.1292127718748315 5.0
5.131619439178914 5.0
5.134019031319928 5.0
5.136411441564408 5.0
5.138796564694533 5.0
5.141174297022708 5.0
5.143544536405501 5.0
5.145907182256924 5.0
5.148262135561065 5.0
5.150609298884069 5.0
5.152948576385458 5.0
5.15527987382881 5.0
5.157603098591788 5.0
5.159918159675503 5.0
5.16222496771326 5.0
5.16452343497863 5.0
5.166813475392899 5.0
5.169095004531871 5.0
5.171367939632042 5.0
5.173632199596137 5.0
5.175887704998017 5.0
5.178134378086977 5.0
5.180372142791417 5.0
5.182600924721899 5.0
5.184820651173605 5.0
5.187031251128193 5.0
5.189232655255048 5.0
5.191424795911967 5.0
5.193607607145237 5.0
5.1957810246891665 5.0
5.197944985965018 5.0
5.200099430079418 5.0
5.202244297822189 5.0
5.204379531663643 5.0
5.206505075751355 5.0
5.208620875906394 5.0
5.210726879619038 5.0
5.212823036043995 5.0
5.214909295995106 5.0
5.216985611939568 5.0
5.219051937991676 5.0
5.2211082299060925 5.0
5.223154445070653 5.0
5.225190542498721 5.0
5.227216482821104 5.0
5.229232228277542 5.0
5.2312377427077505 5.0
5.233232991542096 5.0
5.235217941791824 5.0
5.237192562038928 5.0
5.239156822425628 5.0
5.24111069464348 5.0
5.243054151922122 5.0
5.244987169017683 5.0
5.246909722200847 5.0
5.248821789244591 5.0
5.250723349411604 5.0
5.252614383441409 5.0
5.2544948735371815 5.0
5.256364803352288 5.0
5.25822415797655 5.0
5.2600729239222455 5.0
5.261911089109858 5.0
5.2637386428535775 5.0
5.265555575846583 5.0
5.267361880146092 5.0
5.269157549158202 5.0
5.270942577622536 5.0
5.272716961596691 5.0
5.274480698440508 5.0
5.276233786800176 5.0
5.2779762265921715 5.0
5.279708018987044 5.0
5.2814291663930675 5.0
5.283139672439754 5.0
5.284839541961251 5.0
5.286528780979617 5.0
5.288207396688006 5.0
5.289875397433749 5.0
5.291532792701347 5.0
5.293179593095396 5.0
5.294815810323437 5.0
5.29644145717875 5.0
5.298056547523095 5.0
5.299661096269413 5.0
5.301255119364487 5.0
5.302838633771573 5.0
5.30441165745303 5.0
5.305974209352914 5.0
5.307526309379583 5.0
5.309067978388303 5.0
5.310599238163859 5.0
5.31212011140319 5.0
5.3136306216980405 5.0
5.315130793517652 5.0
5.3166206521914825 5.0
5.318100223891971 5.0
5.31956953561736 5.0
5.321028615174561 5.0
5.322477491162094 5.0
5.323916192953082 5.0
5.325344750678326 5.0
5.326763195209456 5.0
5.328171558142166 5.0
5.32956987177953 5.0
5.3309581691154255 5.0
5.332336483818036 5.0
5.333704850213472 5.0
5.3350633032694885 5.0
5.336411878579318 5.0
5.337750612345612 5.0
5.339079541364514 5.0
5.3403987030098365 5.0
5.34170813521738 5.0
5.343007876469373 5.0
5.344297965779045 5.0
5.3455784426753405 5.0
5.346849347187765 5.0
5.3481107198313795 5.0
5.349362601591928 5.0
5.350605033911126 5.0
5.351838058672094 5.0
5.353061718184929 5.0
5.3542760551724555 5.0
5.355481112756106 5.0
5.356676934441979 5.0
5.357863564107044 5.0
5.359041045985517 5.0
5.36020942465539 5.0
5.361368745025131 5.0
5.362519052320547 5.0
5.363660392071814 5.0
5.364792810100675 5.0
5.3659163525078055 5.0
5.367031065660353 5.0
5.368136996179636 5.0
5.369234190929031 5.0
5.370322697002017 5.0
5.371402561710392 5.0
5.372473832572674 5.0
5.373536557302665 5.0
5.374590783798188 5.0
5.375636560129998 5.0
5.376673934530874 5.0
5.377702955384872 5.0
5.378723671216751 5.0
5.379736130681589 5.0
5.3807403825545475 5.0
5.381736475720823 5.0
5.382724459165768 5.0
5.383704381965181 5.0
5.384676293275765 5.0
5.385640242325759 5.0
5.386596278405736 5.0
5.387544450859576 5.0
5.388484809075594 5.0
5.389417402477851 5.0
5.390342280517613 5.0
5.391259492664992 5.0
5.392169088400735 5.0
5.393071117208189 5.0
5.393965628565422 5.0
5.394852671937497 5.0
5.395732296768924 5.0
5.39660455247625 5.0
5.397469488440818 5.0
5.398327154001679 5.0
5.399177598448656 5.0
5.400020871015561 5.0
5.400857020873567 5.0
5.401686097124729 5.0
5.402508148795647 5.0
5.403323224831285 5.0
5.40413137408893 5.0
5.404932645332302 5.0
5.4057270872257925 5.0
5.406514748328862 5.0
5.40729567709056 5.0
5.4080699218442 5.0
5.408837530802152 5.0
5.4095985520507845 5.0
5.410353033545535 5.0
5.411101023106104 5.0
5.411842568411796 5.0
5.412577716996968 5.0
5.413306516246622 5.0
5.414029013392108 5.0
5.414745255506965 5.0
5.415455289502866 5.0
5.416159162125697 5.0
5.4168569199517504 5.0
5.417548609384025 5.0
5.418234276648657 5.0
5.41891396779145 5.0
5.419587728674524 5.0
5.42025560497307 5.0
5.420917642172214 5.0
5.42157388556399 5.0
5.422224380244407 5.0
5.4228691711106345 5.0
5.423508302858278 5.0
5.4241418199787566 5.0
5.424769766756777 5.0
5.4253921872679065 5.0
5.426009125376245 5.0
5.426620624732173 5.0
5.427226728770214 5.0
5.427827480706968 5.0
5.428422923539143 5.0
5.429013100041667 5.0
5.429598052765893 5.0
5.4301778240378775 5.0
5.43075245595675 5.0
5.431321990393155 5.0
5.431886468987779 5.0
5.4324459331499515 5.0
5.4330004240563206 5.0
5.433549982649609 5.0
5.434094649637434 5.0
5.434634465491204 5.0
5.43516947044509 5.0
5.435699704495051 5.0
5.436225207397943 5.0
5.43674601867068 5.0
5.437262177589471 5.0
5.437773723189109 5.0
5.438280694262332 5.0
5.438783129359234 5.0
5.4392810667867435 5.0
5.439774544608154 5.0
5.440263600642715 5.0
5.4407482724652745 5.0
5.441228597405975 5.0
5.441704612550009 5.0
5.4421763547374145 5.0
5.4426438605629315 5.0
5.443107166375899 5.0
5.443566308280206 5.0
5.444021322134287 5.0
5.444472243551157 5.0
5.444919107898505 5.0
5.445361950298813 5.0
5.445800805629535 5.0
5.4462357085232975 5.0
5.4466666933681624 5.0
5.447093794307907 5.0
5.447517045242358 5.0
5.447936479827754 5.0
5.448352131477146 5.0
5.448764033360836 5.0
5.449172218406841 5.0
5.449576719301401 5.0
5.44997756848951 5.0
5.450374798175487 5.0
5.450768440323562 5.0
5.451158526658513 5.0
5.451545088666312 5.0
5.451928157594811 5.0
5.452307764454445 5.0
5.452683940018973 5.0
5.453056714826232 5.0
5.453426119178923 5.0
5.453792183145419 5.0
5.45415493656059 5.0
5.454514409026664 5.0
5.454870629914091 5.0
5.455223628362446 5.0
5.455573433281332 5.0
5.455920073351324 5.0
5.456263577024913 5.0
5.4566039725274775 5.0
5.456941287858272 5.0
5.457275550791424 5.0
5.45760678887696 5.0
5.457935029441834 5.0
5.458260299590976 5.0
5.458582626208359 5.0
5.45890203595807 5.0
5.459218555285403 5.0
5.459532210417957 5.0
5.459843027366749 5.0
5.46015103192734 5.0
5.460456249680968 5.0
5.460758705995697 5.0
5.461058426027563 5.0
5.4613554347217494 5.0
5.461649756813749 5.0
5.461941416830551 5.0
5.462230439091829 5.0
5.462516847711133 5.0
5.462800666597098 5.0
5.463081919454648 5.0
5.463360629786215 5.0
5.463636820892959 5.0
5.463910515875991 5.0
5.46418173763761 5.0
5.464450508882533 5.0
5.464716852119138 5.0
5.464980789660705 5.0
5.465242343626667 5.0
5.46550153594385 5.0
5.465758388347738 5.0
5.466012922383721 5.0
5.46626515940835 5.0
5.466515120590598 5.0
5.466762826913124 5.0
5.467008299173528 5.0
5.467251557985613 5.0
5.467492623780655 5.0
5.467731516808655 5.0
5.4679682571396135 5.0
5.468202864664783 5.0
5.468435359097937 5.0
5.468665759976627 5.0
5.468894086663448 5.0
5.4691203583472925 5.0
5.469344594044611 5.0
5.469566812600672 5.0
5.469787032690808 5.0
5.470005272821674 5.0
5.470221551332498 5.0
5.470435886396327 5.0
5.47064829602127 5.0
5.470858798051745 5.0
5.471067410169716 5.0
5.471274149895926 5.0
5.4714790345911375 5.0
5.471682081457354 5.0
5.471883307539053 5.0
5.4720827297244 5.0
5.472280364746476 5.0
5.4724762291844815 5.0
5.472670339464955 5.0
5.472862711862971 5.0
5.473053362503351 5.0
5.473242307361849 5.0
5.4734295622663485 5.0
5.473615142898051 5.0
5.473799064792657 5.0
5.47398134334154 5.0
5.474161993792924 5.0
5.474341031253044 5.0
5.474518470687311 5.0
5.474694326921472 5.0
5.474868614642751 5.0
5.475041348401002 5.0
5.475212542609846 5.0
5.475382211547804 5.0
5.475550369359425 5.0
5.475717030056409 5.0
5.4758822075187235 5.0
5.476045915495711 5.0
5.476208167607197 5.0
5.476368977344586 5.0
5.47652835807195 5.0
5.476686323027122 5.0
5.476842885322772 5.0
5.476998057947474 5.0
5.4771518537667845 5.0
5.477304285524293 5.0
5.4774553658426814 5.0
5.477605107224771 5.0
5.477753522054562 5.0
5.477900622598271 5.0
5.478046421005355 5.0
5.478190929309538 5.0
5.478334159429824 5.0
5.478476123171503 5.0
5.478616832227156 5.0
5.478756298177651 5.0
5.478894532493129 5.0
5.479031546533987 5.0
5.479167351551852 5.0
5.479301958690554 5.0
5.479435378987083 5.0
5.479567623372545 5.0
5.479698702673114 5.0
5.479828627610972 5.0
5.479957408805238 5.0
5.480085056772911 5.0
5.480211581929775 5.0
5.480336994591326 5.0
5.480461304973675 5.0
5.480584523194452 5.0
5.4807066592736975 5.0
5.480827723134755 5.0
5.480947724605152 5.0
5.481066673417471 5.0
5.481184579210222 5.0
5.481301451528702 5.0
5.481417299825853 5.0
5.481532133463105 5.0
5.481645961711226 5.0
5.481758793751148 5.0
5.4818706386748035 5.0
5.481981505485943 5.0
5.482091403100953 5.0
5.482200340349665 5.0
5.482308325976157 5.0
5.482415368639552 5.0
5.482521476914806 5.0
5.482626659293491 5.0
5.482730924184573 5.0
5.482834279915187 5.0
5.482936734731391 5.0
5.483038296798934 5.0
5.483138974204004 5.0
5.483238774953974 5.0
5.483337706978138 5.0
5.483435778128451 5.0
5.483532996180249 5.0
5.483629368832974 5.0
5.483724903710888 5.0
5.483819608363781 5.0
5.483913490267673 5.0
5.484006556825511 5.0
5.48409881536786 5.0
5.4841902731535885 5.0
5.484280937370545 5.0
5.484370815136231 5.0
5.48445991349847 5.0
5.484548239436066 5.0
5.4846357998594595 5.0
5.484722601611381 5.0
5.484808651467485 5.0
5.484893956137001 5.0
5.484978522263354 5.0
5.485062356424798 5.0
5.485145465135037 5.0
5.4852278548438385 5.0
5.485309531937642 5.0
5.48539050274017 5.0
5.485470773513019 5.0
5.48555035045626 5.0
5.485629239709024 5.0
5.485707447350083 5.0
5.4857849793984315 5.0
5.485861841813858 5.0
5.485938040497508 5.0
5.486013581292454 5.0
5.486088469984242 5.0
5.486162712301454 5.0
5.486236313916245 5.0
5.486309280444892 5.0
5.486381617448322 5.0
5.486453330432656 5.0
5.486524424849722 5.0
5.486594906097584 5.0
5.486664779521058 5.0
5.486734050412222 5.0
5.486802724010926 5.0
5.486870805505289 5.0
5.486938300032203 5.0
5.48700521267782 5.0
5.487071548478045 5.0
5.487137312419014 5.0
5.487202509437578 5.0
5.487267144421775 5.0
5.487331222211299 5.0
5.487394747597967 5.0
5.487457725326179 5.0
5.487520160093373 5.0
5.48758205655048 5.0
5.487643419302369 5.0
5.487704252908291 5.0
5.48776456188232 5.0
5.487824350693781 5.0
5.487883623767694 5.0
5.487942385485182 5.0
5.48800064018391 5.0
5.488058392158493 5.0
5.488115645660914 5.0
5.488172404900932 5.0
5.48822867404649 5.0
5.488284457224115 5.0
5.4883397585193165 5.0
5.488394581976982 5.0
5.488448931601763 5.0
5.488502811358469 5.0
5.48855622517244 5.0
5.488609176929934 5.0
5.488661670478497 5.0
5.488713709627335 5.0
5.488765298147683 5.0
5.488816439773167 5.0
5.488867138200166 5.0
5.488917397088166 5.0
5.488967220060117 5.0
5.4890166107027785 5.0
5.489065572567068 5.0
5.489114109168401 5.0
5.489162223987035 5.0
5.489209920468397 5.0
5.489257202023428 5.0
5.4893040720288955 5.0
5.489350533827734 5.0
5.489396590729362 5.0
5.489442246009995 5.0
5.489487502912972 5.0
5.48953236464906 5.0
5.489576834396766 5.0
5.489620915302643 5.0
5.489664610481594 5.0
5.4897079230171695 5.0
5.4897508559618675 5.0
5.489793412337426 5.0
5.489835595135112 5.0
5.489877407316013 5.0
5.489918851811316 5.0
5.4899599315225975 5.0
5.490000649322097 5.0
5.490041008052991 5.0
5.490081010529673 5.0
5.49012065953802 5.0
5.490159957835659 5.0
5.490198908152234 5.0
5.490237513189667 5.0
5.490275775622419 5.0
5.490313698097743 5.0
5.490351283235942 5.0
5.490388533630617 5.0
5.490425451848919 5.0
5.490462040431791 5.0
5.490498301894213 5.0
5.490534238725447 5.0
5.490569853389267 5.0
5.490605148324201 5.0
5.490640125943765 5.0
5.490674788636689 5.0
5.490709138767148 5.0
5.490743178674988 5.0
5.49077691067595 5.0
5.490810337061891 5.0
5.490843460101 5.0
5.490876282038018 5.0
5.490908805094453 5.0
5.490941031468784 5.0
5.490972963336683 5.0
5.49100460285121 5.0
5.491035952143028 5.0
5.491067013320597 5.0
5.491097788470384 5.0
5.49112827965705 5.0
5.49115848892366 5.0
5.491188418291865 5.0
5.491218069762101 5.0
5.4912474453137765 5.0
5.491276546905461 5.0
5.491305376475072 5.0
5.491333935940055 5.0
5.491362227197571 5.0
5.491390252124669 5.0
5.491418012578471 5.0
5.491445510396345 5.0
5.491472747396077 5.0
5.491499725376045 5.0
5.491526446115388 5.0
5.491552911374175 5.0
5.4915791228935715 5.0
5.491605082396002 5.0
5.491630791585315 5.0
5.491656252146942 5.0
5.491681465748058 5.0
5.491706434037734 5.0
5.4917311586471005 5.0
5.491755641189494 5.0
5.4917798832606115 5.0
5.49180388643866 5.0
5.491827652284507 5.0
5.491851182341822 5.0
5.491874478137229 5.0
5.491897541180441 5.0
5.491920372964411 5.0
5.491942974965464 5.0
5.49196534864344 5.0
5.491987495441831 5.0
5.49200941678791 5.0
5.492031114092876 5.0
5.492052588751975 5.0
5.4920738421446345 5.0
5.492094875634594 5.0
5.492115690570031 5.0
5.492136288283687 5.0
5.492156670092992 5.0
5.492176837300188 5.0
5.492196791192448 5.0
5.492216533041998 5.0
5.492236064106237 5.0
5.492255385627851 5.0
5.492274498834928 5.0
5.492293404941079 5.0
5.49231210514554 5.0
5.492330600633294 5.0
5.4923488925751744 5.0
5.492366982127976 5.0
5.492384870434562 5.0
5.492402558623971 5.0
5.492420047811518 5.0
5.492437339098904 5.0
5.492454433574313 5.0
5.492471332312512 5.0
5.492488036374956 5.0
5.492504546809881 5.0
5.492520864652403 5.0
5.492536990924614 5.0
5.492552926635675 5.0
5.492568672781909 5.0
5.492584230346895 5.0
5.492599600301558 5.0
5.492614783604256 5.0
5.492629781200872 5.0
5.492644594024899 5.0
5.492659222997526 5.0
5.492673669027722 5.0
5.4926879330123235 5.0
5.4927020158361115 5.0
5.492715918371895 5.0
5.492729641480595 5.0
5.492743186011316 5.0
5.49275655280143 5.0
5.492769742676652 5.0
5.492782756451113 5.0
5.492795594927438 5.0
5.492808258896818 5.0
5.492820749139082 5.0
5.49283306642277 5.0
5.4928452115052 5.0
5.492857185132542 5.0
5.492868988039882 5.0
5.4928806209512935 5.0
5.492892084579896 5.0
5.492903379627931 5.0
5.492914506786816 5.0
5.492925466737214 5.0
5.492936260149092 5.0
5.492946887681783 5.0
5.492957349984049 5.0
5.492967647694136 5.0
5.4929777814398335 5.0
5.492987751838532 5.0
5.492997559497279 5.0
5.493007205012835 5.0
5.493016688971727 5.0
5.4930260119503 5.0
5.493035174514773 5.0
5.493044177221289 5.0
5.493053020615962 5.0
5.4930617052349335 5.0
5.493070231604416 5.0
5.49307860024074 5.0
5.493086811650407 5.0
5.493094866330127 5.0
5.49310276476687 5.0
5.493110507437907 5.0
5.493118094810857 5.0
5.493125527343722 5.0
5.493132805484935 5.0
5.493139929673399 5.0
5.493146900338525 5.0
5.493153717900275 5.0
5.493160382769192 5.0
5.493166895346447 5.0
5.4931732560238675 5.0
5.493179465183975 5.0
5.493185523200023 5.0
5.493191430436028 5.0
5.493197187246798 5.0
5.493202793977973 5.0
5.4932082509660525 5.0
5.493213558538422 5.0
5.493218717013388 5.0
5.493223726700205 5.0
5.493228587899102 5.0
5.493233300901311 5.0
5.493237865989093 5.0
5.493242283435762 5.0
5.493246553505713 5.0
5.4932506764544415 5.0
5.49325465252857 5.0
5.493258481965869 5.0
5.4932621649952775 5.0
5.493265701836924 5.0
5.493269092702148 5.0
5.493272337793516 5.0
5.493275437304844 5.0
5.493278391421209 5.0
5.493281200318973 5.0
5.4932838641657895 5.0
5.49328638312063 5.0
5.493288757333788 5.0
5.4932909869468975 5.0
5.493293072092946 5.0
5.493295012896285 5.0
5.49329680947264 5.0
5.493298461929125 5.0
5.49329997036425 5.0
5.493301334867925 5.0
5.493302555521477 5.0
5.493303632397651 5.0
5.493304565560618 5.0
5.493305355065983 5.0
5.493306000960787 5.0
5.4933065032835104 5.0
5.493306862064082 5.0
5.493307077323875 5.0
5.493307149075715 5.0
5.493307077323875 5.0
5.493306862064082 5.0
5.4933065032835104 5.0
5.493306000960787 5.0
5.493305355065983 5.0
5.493304565560618 5.0
5.493303632397651 5.0
5.493302555521477 5.0
5.493301334867925 5.0
5.49329997036425 5.0
5.493298461929125 5.0
5.49329680947264 5.0
5.493295012896285 5.0
5.493293072092946 5.0
5.4932909869468975 5.0
5.493288757333788 5.0
5.49328638312063 5.0
5.4932838641657895 5.0
5.493281200318973 5.0
5.493278391421209 5.0
5.493275437304844 5.0
5.493272337793516 5.0
5.493269092702148 5.0
5.493265701836924 5.0
5.4932621649952775 5.0
5.493258481965869 5.0
5.49325465252857 5.0
5.4932506764544415 5.0
5.493246553505713 5.0
5.493242283435762 5.0
5.493237865989093 5.0
5.493233300901311 5.0
5.493228587899102 5.0
5.493223726700205 5.0
5.493218717013388 5.0
5.493213558538422 5.0
5.4932082509660525 5.0
5.493202793977973 5.0
5.493197187246798 5.0
5.493191430436028 5.0
5.493185523200023 5.0
5.493179465183975 5.0
5.4931732560238675 5.0
5.493166895346447 5.0
5.493160382769192 5.0
5.493153717900275 5.0
5.493146900338525 5.0
5.493139929673399 5.0
5.493132805484935 5.0
5.493125527343722 5.0
5.493118094810857 5.0
5.493110507437907 5.0
5.49310276476687 5.0
5.493094866330127 5.0
5.493086811650407 5.0
5.49307860024074 5.0
5.493070231604416 5.0
5.4930617052349335 5.0
5.493053020615962 5.0
5.493044177221289 5.0
5.493035174514773 5.0
5.4930260119503 5.0
5.493016688971727 5.0
5.493007205012835 5.0
5.492997559497279 5.0
5.492987751838532 5.0
5.4929777814398335 5.0
5.492967647694136 5.0
5.492957349984049 5.0
5.492946887681783 5.0
5.492936260149092 5.0
5.492925466737214 5.0
5.492914506786816 5.0
5.492903379627931 5.0
5.492892084579896 5.0
5.4928806209512935 5.0
5.492868988039882 5.0
5.492857185132542 5.0
5.4928452115052 5.0
5.49283306642277 5.0
5.492820749139082 5.0
5.492808258896818 5.0
5.492795594927438 5.0
5.492782756451113 5.0
5.492769742676652 5.0
5.49275655280143 5.0
5.492743186011316 5.0
5.492729641480595 5.0
5.492715918371895 5.0
5.4927020158361115 5.0
5.4926879330123235 5.0
5.492673669027722 5.0
5.492659222997526 5.0
5.492644594024899 5.0
5.492629781200872 5.0
5.492614783604256 5.0
5.492599600301558 5.0
5.492584230346895 5.0
5.492568672781909 5.0
5.492552926635675 5.0
5.492536990924614 5.0
5.492520864652403 5.0
5.492504546809881 5.0
5.492488036374956 5.0
5.492471332312512 5.0
5.492454433574313 5.0
5.492437339098904 5.0
5.492420047811518 5.0
5.492402558623971 5.0
5.492384870434562 5.0
5.492366982127976 5.0
5.4923488925751744 5.0
5.492330600633294 5.0
5.49231210514554 5.0
5.492293404941079 5.0
5.492274498834928 5.0
5.492255385627851 5.0
5.492236064106237 5.0
5.492216533041998 5.0
5.492196791192448 5.0
5.492176837300188 5.0
5.492156670092992 5.0
5.492136288283687 5.0
5.492115690570031 5.0
5.492094875634594 5.0
5.4920738421446345 5.0
5.492052588751975 5.0
5.492031114092876 5.0
5.49200941678791 5.0
5.491987495441831 5.0
5.49196534864344 5.0
5.491942974965464 5.0
5.491920372964411 5.0
5.491897541180441 5.0
5.491874478137229 5.0
5.491851182341822 5.0
5.491827652284507 5.0
5.49180388643866 5.0
5.4917798832606115 5.0
5.491755641189494 5.0
5.4917311586471005 5.0
5.491706434037734 5.0
5.491681465748058 5.0
5.491656252146942 5.0
5.491630791585315 5.0
5.491605082396002 5.0
5.4915791228935715 5.0
5.491552911374175 5.0
5.491526446115388 5.0
5.491499725376045 5.0
5.491472747396077 5.0
5.491445510396345 5.0
5.491418012578471 5.0
5.491390252124669 5.0
5.491362227197571 5.0
5.491333935940055 5.0
5.491305376475072 5.0
5.491276546905461 5.0
5.4912474453137765 5.0
5.491218069762101 5.0
5.491188418291865 5.0
5.49115848892366 5.0
5.49112827965705 5.0
5.491097788470384 5.0
5.491067013320597 5.0
5.491035952143028 5.0
5.49100460285121 5.0
5.490972963336683 5.0
5.490941031468784 5.0
5.490908805094453 5.0
5.490876282038018 5.0
5.490843460101 5.0
5.490810337061891 5.0
5.49077691067595 5.0
5.490743178674988 5.0
5.490709138767148 5.0
5.490674788636689 5.0
5.490640125943765 5.0
5.490605148324201 5.0
5.490569853389267 5.0
5.490534238725447 5.0
5.490498301894213 5.0
5.490462040431791 5.0
5.490425451848919 5.0
5.490388533630617 5.0
5.490351283235942 5.0
5.490313698097743 5.0
5.490275775622419 5.0
5.490237513189667 5.0
5.490198908152234 5.0
5.490159957835659 5.0
5.49012065953802 5.0
5.490081010529673 5.0
5.490041008052991 5.0
5.490000649322097 5.0
5.4899599315225975 5.0
5.489918851811316 5.0
5.489877407316013 5.0
5.489835595135112 5.0
5.489793412337426 5.0
5.4897508559618675 5.0
5.4897079230171695 5.0
5.489664610481594 5.0
5.489620915302643 5.0
5.489576834396766 5.0
5.48953236464906 5.0
5.489487502912972 5.0
5.489442246009995 5.0
5.489396590729362 5.0
5.489350533827734 5.0
5.4893040720288955 5.0
5.489257202023428 5.0
5.489209920468397 5.0
5.489162223987035 5.0
5.489114109168401 5.0
5.489065572567068 5.0
5.4890166107027785 5.0
5.488967220060117 5.0
5.488917397088166 5.0
5.488867138200166 5.0
5.488816439773167 5.0
5.488765298147683 5.0
5.488713709627335 5.0
5.488661670478497 5.0
5.488609176929934 5.0
5.48855622517244 5.0
5.488502811358469 5.0
5.488448931601763 5.0
5.488394581976982 5.0
5.4883397585193165 5.0
5.488284457224115 5.0
5.48822867404649 5.0
5.488172404900932 5.0
5.488115645660914 5.0
5.488058392158493 5.0
5.48800064018391 5.0
5.487942385485182 5.0
5.487883623767694 5.0
5.487824350693781 5.0
5.48776456188232 5.0
5.487704252908292 5.0
5.487643419302369 5.0
5.48758205655048 5.0
5.487520160093373 5.0
5.487457725326179 5.0
5.487394747597967 5.0
5.487331222211299 5.0
5.487267144421775 5.0
5.487202509437578 5.0
5.487137312419014 5.0
5.487071548478045 5.0
5.48700521267782 5.0
5.486938300032203 5.0
5.486870805505289 5.0
5.486802724010926 5.0
5.486734050412222 5.0
5.486664779521058 5.0
5.486594906097584 5.0
5.486524424849722 5.0
5.486453330432656 5.0
5.486381617448322 5.0
5.486309280444892 5.0
5.486236313916245 5.0
5.486162712301454 5.0
5.486088469984242 5.0
5.486013581292454 5.0
5.485938040497508 5.0
5.485861841813858 5.0
5.4857849793984315 5.0
5.485707447350083 5.0
5.485629239709024 5.0
5.48555035045626 5.0
5.485470773513019 5.0
5.48539050274017 5.0
5.485309531937642 5.0
5.4852278548438385 5.0
5.485145465135037 5.0
5.485062356424798 5.0
5.484978522263354 5.0
5.484893956137001 5.0
5.484808651467485 5.0
5.484722601611381 5.0
5.48463579985946 5.0
5.484548239436066 5.0
5.48445991349847 5.0
5.484370815136231 5.0
5.484280937370545 5.0
5.4841902731535885 5.0
5.48409881536786 5.0
5.484006556825511 5.0
5.483913490267673 5.0
5.483819608363781 5.0
5.483724903710888 5.0
5.483629368832974 5.0
5.483532996180249 5.0
5.483435778128451 5.0
5.483337706978138 5.0
5.483238774953974 5.0
5.483138974204005 5.0
5.483038296798934 5.0
5.482936734731391 5.0
5.482834279915187 5.0
5.482730924184573 5.0
5.482626659293491 5.0
5.482521476914806 5.0
5.482415368639552 5.0
5.482308325976157 5.0
5.482200340349665 5.0
5.482091403100953 5.0
5.481981505485943 5.0
5.4818706386748035 5.0
5.481758793751148 5.0
5.481645961711226 5.0
5.481532133463105 5.0
5.481417299825853 5.0
5.481301451528702 5.0
5.481184579210222 5.0
5.481066673417471 5.0
5.480947724605152 5.0
5.480827723134756 5.0
5.4807066592736975 5.0
5.480584523194452 5.0
5.480461304973675 5.0
5.480336994591326 5.0
5.480211581929775 5.0
5.480085056772911 5.0
5.479957408805238 5.0
5.479828627610972 5.0
5.479698702673114 5.0
5.479567623372545 5.0
5.479435378987083 5.0
5.479301958690554 5.0
5.479167351551852 5.0
5.479031546533987 5.0
5.478894532493129 5.0
5.478756298177651 5.0
5.478616832227156 5.0
5.478476123171503 5.0
5.478334159429824 5.0
5.478190929309538 5.0
5.478046421005355 5.0
5.477900622598271 5.0
5.477753522054563 5.0
5.477605107224771 5.0
5.4774553658426814 5.0
5.477304285524293 5.0
5.4771518537667845 5.0
5.476998057947474 5.0
5.476842885322772 5.0
5.476686323027122 5.0
5.47652835807195 5.0
5.476368977344586 5.0
5.476208167607197 5.0
5.476045915495711 5.0
5.4758822075187235 5.0
5.475717030056409 5.0
5.475550369359425 5.0
5.475382211547804 5.0
5.475212542609846 5.0
5.475041348401002 5.0
5.474868614642751 5.0
5.474694326921472 5.0
5.474518470687312 5.0
5.474341031253044 5.0
5.474161993792924 5.0
5.47398134334154 5.0
5.473799064792657 5.0
5.473615142898051 5.0
5.4734295622663485 5.0
5.473242307361849 5.0
5.473053362503351 5.0
5.472862711862971 5.0
5.472670339464955 5.0
5.4724762291844815 5.0
5.472280364746476 5.0
5.472082729724401 5.0
5.471883307539053 5.0
5.471682081457354 5.0
5.4714790345911375 5.0
5.471274149895926 5.0
5.471067410169716 5.0
5.470858798051745 5.0
5.47064829602127 5.0
5.470435886396327 5.0
5.470221551332498 5.0
5.470005272821674 5.0
5.469787032690808 5.0
5.469566812600672 5.0
5.469344594044611 5.0
5.4691203583472925 5.0
5.468894086663448 5.0
5.468665759976627 5.0
5.468435359097937 5.0
5.468202864664783 5.0
5.4679682571396135 5.0
5.467731516808656 5.0
5.467492623780655 5.0
5.467251557985613 5.0
5.467008299173528 5.0
5.466762826913125 5.0
5.466515120590598 5.0
5.46626515940835 5.0
5.466012922383721 5.0
5.465758388347738 5.0
5.46550153594385 5.0
5.465242343626666 5.0
5.464980789660705 5.0
5.464716852119138 5.0
5.464450508882534 5.0
5.46418173763761 5.0
5.463910515875991 5.0
5.463636820892959 5.0
5.463360629786216 5.0
5.463081919454648 5.0
5.462800666597098 5.0
5.462516847711133 5.0
5.462230439091829 5.0
5.461941416830552 5.0
5.461649756813749 5.0
5.4613554347217494 5.0
5.461058426027563 5.0
5.460758705995697 5.0
5.460456249680968 5.0
5.46015103192734 5.0
5.459843027366749 5.0
5.459532210417957 5.0
5.459218555285403 5.0
5.45890203595807 5.0
5.45858262620836 5.0
5.458260299590976 5.0
5.457935029441834 5.0
5.45760678887696 5.0
5.457275550791425 5.0
5.456941287858272 5.0
5.456603972527478 5.0
5.456263577024913 5.0
5.455920073351324 5.0
5.455573433281332 5.0
5.455223628362446 5.0
5.454870629914092 5.0
5.454514409026664 5.0
5.454154936560591 5.0
5.453792183145419 5.0
5.453426119178923 5.0
5.453056714826232 5.0
5.452683940018973 5.0
5.452307764454445 5.0
5.451928157594811 5.0
5.451545088666312 5.0
5.451158526658513 5.0
5.450768440323562 5.0
5.450374798175487 5.0
5.44997756848951 5.0
5.449576719301401 5.0
5.449172218406841 5.0
5.448764033360836 5.0
5.448352131477146 5.0
5.447936479827754 5.0
5.447517045242359 5.0
5.447093794307907 5.0
5.4466666933681624 5.0
5.446235708523298 5.0
5.445800805629535 5.0
5.445361950298813 5.0
5.444919107898505 5.0
5.444472243551157 5.0
5.444021322134287 5.0
5.443566308280206 5.0
5.443107166375899 5.0
5.4426438605629315 5.0
5.4421763547374145 5.0
5.441704612550009 5.0
5.441228597405975 5.0
5.4407482724652745 5.0
5.440263600642715 5.0
5.439774544608154 5.0
5.4392810667867435 5.0
5.438783129359234 5.0
5.438280694262333 5.0
5.4377737231891095 5.0
5.437262177589471 5.0
5.43674601867068 5.0
5.436225207397943 5.0
5.435699704495051 5.0
5.43516947044509 5.0
5.434634465491204 5.0
5.434094649637434 5.0
5.433549982649609 5.0
5.4330004240563206 5.0
5.4324459331499515 5.0
5.431886468987779 5.0
5.4313219903931556 5.0
5.43075245595675 5.0
5.430177824037878 5.0
5.429598052765893 5.0
5.429013100041668 5.0
5.428422923539143 5.0
5.427827480706969 5.0
5.427226728770215 5.0
5.426620624732173 5.0
5.426009125376245 5.0
5.425392187267907 5.0
5.424769766756777 5.0
5.4241418199787566 5.0
5.423508302858278 5.0
5.4228691711106345 5.0
5.422224380244407 5.0
5.42157388556399 5.0
5.420917642172214 5.0
5.420255604973071 5.0
5.419587728674525 5.0
5.418913967791451 5.0
5.418234276648657 5.0
5.417548609384025 5.0
5.4168569199517504 5.0
5.416159162125697 5.0
5.415455289502866 5.0
5.414745255506965 5.0
5.414029013392108 5.0
5.413306516246621 5.0
5.412577716996968 5.0
5.411842568411796 5.0
5.411101023106105 5.0
5.410353033545535 5.0
5.409598552050785 5.0
5.408837530802153 5.0
5.4080699218442 5.0
5.407295677090561 5.0
5.406514748328862 5.0
5.4057270872257925 5.0
5.404932645332302 5.0
5.404131374088931 5.0
5.4033232248312855 5.0
5.402508148795648 5.0
5.40168609712473 5.0
5.400857020873567 5.0
5.400020871015561 5.0
5.399177598448655 5.0
5.398327154001679 5.0
