9.97999999999979e-06
9.93999999999979e-06
9.89999999999979e-06
9.859999999999792e-06
9.819999999999792e-06
9.779999999999793e-06
9.739999999999793e-06
9.699999999999795e-06
9.659999999999796e-06
9.619999999999796e-06
9.579999999999798e-06
9.539999999999799e-06
9.499999999999799e-06
9.4599999999998e-06
9.419999999999801e-06
9.379999999999802e-06
9.339999999999802e-06
9.299999999999803e-06
9.259999999999805e-06
9.219999999999805e-06
9.179999999999805e-06
9.139999999999807e-06
9.099999999999808e-06
9.059999999999808e-06
9.019999999999809e-06
8.97999999999981e-06
8.939999999999811e-06
8.899999999999811e-06
8.859999999999812e-06
8.819999999999814e-06
8.779999999999814e-06
8.739999999999815e-06
8.699999999999817e-06
8.659999999999817e-06
8.619999999999818e-06
8.579999999999818e-06
8.53999999999982e-06
8.49999999999982e-06
8.45999999999982e-06
8.419999999999821e-06
8.379999999999823e-06
8.339999999999824e-06
8.299999999999824e-06
8.259999999999826e-06
8.219999999999826e-06
8.179999999999827e-06
8.139999999999827e-06
8.09999999999983e-06
8.05999999999983e-06
8.01999999999983e-06
7.97999999999983e-06
7.939999999999832e-06
7.899999999999833e-06
7.859999999999833e-06
7.819999999999835e-06
7.779999999999836e-06
7.739999999999836e-06
7.699999999999836e-06
7.659999999999839e-06
7.619999999999839e-06
7.579999999999839e-06
7.5399999999998406e-06
7.499999999999842e-06
7.459999999999842e-06
7.419999999999843e-06
7.379999999999844e-06
7.339999999999845e-06
7.299999999999845e-06
7.259999999999847e-06
7.219999999999847e-06
7.179999999999848e-06
7.139999999999849e-06
7.09999999999985e-06
7.059999999999851e-06
7.0199999999998515e-06
6.979999999999853e-06
6.939999999999853e-06
6.899999999999854e-06
6.859999999999855e-06
6.819999999999856e-06
6.779999999999856e-06
6.7399999999998575e-06
6.699999999999858e-06
6.659999999999859e-06
6.61999999999986e-06
6.579999999999861e-06
6.539999999999862e-06
6.499999999999862e-06
6.459999999999864e-06
6.419999999999864e-06
6.379999999999865e-06
6.339999999999866e-06
6.299999999999867e-06
6.259999999999867e-06
6.2199999999998684e-06
6.17999999999987e-06
6.13999999999987e-06
6.099999999999871e-06
6.059999999999872e-06
6.019999999999873e-06
5.979999999999873e-06
5.9399999999998745e-06
5.899999999999875e-06
5.859999999999876e-06
5.8199999999998765e-06
5.779999999999878e-06
5.739999999999879e-06
5.699999999999879e-06
5.659999999999881e-06
5.619999999999881e-06
5.579999999999882e-06
5.539999999999883e-06
5.499999999999884e-06
5.459999999999884e-06
5.4199999999998854e-06
5.379999999999886e-06
5.339999999999887e-06
5.299999999999888e-06
5.259999999999889e-06
5.21999999999989e-06
5.17999999999989e-06
5.1399999999998915e-06
5.099999999999892e-06
5.059999999999893e-06
5.0199999999998935e-06
4.979999999999895e-06
4.939999999999895e-06
4.899999999999896e-06
4.8599999999998976e-06
4.819999999999898e-06
4.779999999999899e-06
4.7399999999998996e-06
4.699999999999901e-06
4.659999999999901e-06
4.619999999999902e-06
4.579999999999903e-06
4.539999999999904e-06
4.499999999999905e-06
4.459999999999906e-06
4.419999999999907e-06
4.379999999999907e-06
4.3399999999999085e-06
4.299999999999909e-06
4.25999999999991e-06
4.2199999999999105e-06
4.179999999999912e-06
4.139999999999912e-06
4.099999999999913e-06
4.0599999999999145e-06
4.019999999999915e-06
3.979999999999916e-06
3.9399999999999165e-06
3.899999999999918e-06
3.859999999999918e-06
3.819999999999919e-06
3.77999999999992e-06
3.739999999999921e-06
3.699999999999922e-06
3.6599999999999226e-06
3.6199999999999234e-06
3.5799999999999242e-06
3.539999999999925e-06
3.499999999999926e-06
3.4599999999999266e-06
3.419999999999928e-06
3.3799999999999287e-06
3.3399999999999295e-06
3.2999999999999303e-06
3.259999999999931e-06
3.219999999999932e-06
3.1799999999999327e-06
3.1399999999999335e-06
3.0999999999999343e-06
3.059999999999935e-06
3.019999999999936e-06
2.979999999999937e-06
2.939999999999938e-06
2.8999999999999388e-06
2.8599999999999396e-06
2.8199999999999404e-06
2.779999999999941e-06
2.739999999999942e-06
2.699999999999943e-06
2.6599999999999436e-06
2.6199999999999444e-06
2.5799999999999452e-06
2.5399999999999465e-06
2.4999999999999473e-06
2.459999999999948e-06
2.419999999999949e-06
2.3799999999999497e-06
2.3399999999999505e-06
2.2999999999999513e-06
2.259999999999952e-06
2.219999999999953e-06
2.1799999999999537e-06
2.139999999999955e-06
2.0999999999999558e-06
2.0599999999999566e-06
2.0199999999999574e-06
1.979999999999958e-06
1.939999999999959e-06
1.8999999999999598e-06
1.8599999999999606e-06
1.8199999999999616e-06
1.7799999999999624e-06
1.7399999999999632e-06
1.699999999999964e-06
1.6599999999999648e-06
1.6199999999999656e-06
1.5799999999999667e-06
1.5399999999999675e-06
1.4999999999999683e-06
1.459999999999969e-06
1.4199999999999699e-06
1.379999999999971e-06
1.3399999999999717e-06
1.2999999999999725e-06
1.2599999999999733e-06
1.2199999999999741e-06
1.179999999999975e-06
1.139999999999976e-06
1.0999999999999768e-06
1.0599999999999776e-06
1.0199999999999784e-06
9.799999999999792e-07
9.399999999999801e-07
8.99999999999981e-07
8.599999999999818e-07
8.199999999999826e-07
7.799999999999835e-07
7.399999999999843e-07
6.999999999999851e-07
6.599999999999861e-07
6.199999999999869e-07
5.799999999999878e-07
5.399999999999886e-07
4.999999999999894e-07
4.5999999999999025e-07
4.199999999999911e-07
3.7999999999999197e-07
3.3999999999999283e-07
2.9999999999999363e-07
2.599999999999945e-07
2.1999999999999535e-07
1.7999999999999619e-07
1.3999999999999704e-07
9.999999999999789e-08
5.999999999999874e-08
1.9999999999999577e-08
