16.97902097902083
16.951048951048804
16.923076923076774
16.895104895104748
16.86713286713272
16.839160839160694
16.811188811188664
16.783216783216638
16.75524475524461
16.727272727272585
16.699300699300558
16.671328671328528
16.6433566433565
16.615384615384475
16.587412587412445
16.559440559440418
16.53146853146839
16.503496503496365
16.475524475524338
16.44755244755231
16.41958041958028
16.391608391608255
16.36363636363623
16.335664335664198
16.30769230769217
16.279720279720145
16.25174825174812
16.223776223776092
16.195804195804065
16.167832167832035
16.13986013986001
16.111888111887982
16.083916083915952
16.055944055943925
16.0279720279719
15.999999999999872
15.972027972027846
15.944055944055817
15.916083916083789
15.888111888111762
15.860139860139736
15.832167832167707
15.804195804195679
15.776223776223652
15.748251748251626
15.7202797202796
15.69230769230757
15.664335664335542
15.636363636363516
15.60839160839149
15.580419580419461
15.552447552447433
15.524475524475406
15.49650349650338
15.468531468531353
15.440559440559324
15.412587412587296
15.38461538461527
15.356643356643243
15.328671328671215
15.300699300699186
15.27272727272716
15.244755244755133
15.216783216783107
15.188811188811078
15.16083916083905
15.132867132867023
15.104895104894997
15.076923076922968
15.04895104895094
15.020979020978913
14.993006993006887
14.96503496503486
14.937062937062832
14.909090909090803
14.881118881118777
14.85314685314675
14.825174825174722
14.797202797202694
14.769230769230667
14.74125874125864
14.713286713286614
14.685314685314586
14.657342657342557
14.62937062937053
14.601398601398504
14.573426573426476
14.545454545454447
14.51748251748242
14.489510489510394
14.461538461538368
14.43356643356634
14.40559440559431
14.377622377622284
14.349650349650258
14.32167832167823
14.293706293706201
14.265734265734174
14.237762237762148
14.20979020979012
14.181818181818093
14.153846153846064
14.125874125874038
14.097902097902011
14.069930069929983
14.041958041957955
14.013986013985928
13.986013986013901
13.958041958041873
13.930069930069847
13.902097902097818
13.874125874125792
13.846153846153765
13.818181818181737
13.790209790209708
13.762237762237682
13.734265734265655
13.706293706293627
13.6783216783216
13.650349650349572
13.622377622377545
13.594405594405519
13.56643356643349
13.538461538461462
13.510489510489435
13.482517482517409
13.45454545454538
13.426573426573354
13.398601398601325
13.370629370629299
13.342657342657272
13.314685314685244
13.286713286713216
13.258741258741189
13.230769230769162
13.202797202797134
13.174825174825108
13.14685314685308
13.118881118881053
13.090909090909026
13.062937062936998
13.03496503496497
13.006993006992943
12.979020979020916
12.951048951048888
12.923076923076861
12.895104895104833
12.867132867132806
12.839160839160778
12.811188811188751
12.783216783216723
12.755244755244696
12.72727272727267
12.699300699300641
12.671328671328615
12.643356643356586
12.61538461538456
12.587412587412532
12.559440559440505
12.531468531468477
12.50349650349645
12.475524475524423
12.447552447552395
12.419580419580369
12.39160839160834
12.363636363636314
12.335664335664285
12.307692307692259
12.27972027972023
12.251748251748204
12.223776223776177
12.195804195804149
12.167832167832122
12.139860139860094
12.111888111888067
12.083916083916039
12.055944055944012
12.027972027971984
11.999999999999957
11.97202797202793
11.944055944055902
11.916083916083876
11.888111888111847
11.860139860139821
11.832167832167793
11.804195804195766
11.776223776223738
11.748251748251711
11.720279720279684
11.692307692307656
11.66433566433563
11.636363636363601
11.608391608391575
11.580419580419546
11.55244755244752
11.524475524475491
11.496503496503465
11.468531468531438
11.44055944055941
11.412587412587383
11.384615384615355
11.356643356643328
11.3286713286713
11.300699300699273
11.272727272727245
11.244755244755218
11.21678321678319
11.188811188811163
11.160839160839135
11.132867132867108
11.104895104895082
11.076923076923054
11.048951048951027
11.020979020978999
10.993006993006972
10.965034965034944
10.937062937062917
10.909090909090889
10.881118881118862
10.853146853146836
10.825174825174807
10.79720279720278
10.769230769230752
10.741258741258726
10.713286713286697
10.68531468531467
10.657342657342642
10.629370629370616
10.60139860139859
10.573426573426561
10.545454545454534
10.517482517482506
10.48951048951048
10.461538461538451
10.433566433566424
10.405594405594396
10.37762237762237
10.349650349650343
10.321678321678315
10.293706293706288
10.26573426573426
10.237762237762233
10.209790209790205
10.181818181818178
10.15384615384615
10.125874125874123
10.097902097902097
10.069930069930068
10.041958041958042
10.013986013986013
