17.0 10
17.358190171862233 10
17.714977560392963 10
18.06896537890825 10
18.418768808341582 10
18.763020916968415 10
19.100378503537023 10
19.429527838785436 10
19.749190280759272 10
20.058127739885755 10
20.355147970402456 10
20.63910966548303 10
20.908927334242662 10
21.16357593974007 10
21.40209527811633 10
21.623594080119226 10
21.827253817450718 10
22.012332197639026 10
22.178166332470646 10
22.324175566415448 10
22.449863952934084 10
22.554822368064535 10
22.63873025223809 10
22.70135697286687 10
22.742562801868942 10
22.76229950394611 10
22.76061053309597 10
22.73763083651783 10
22.693586266752902 10
22.628792604577036 10
22.543654196830982 10
22.438662215022035 10
22.314392542154906 10
22.17150329684157 10
22.01073200529311 10
21.832892433304373 10
21.63887109179824 10
21.429623430894146 10
21.206169738799286 10
20.969590763084952 10
20.721023073099186 10
20.46165418337549 10
20.19271745892072 10
19.915486824199334 10
19.631271298471827 10
19.341409380888628 10
19.047263309384242 10
18.750213217956706 10
18.451651217352673 10
18.152975424506288 10
17.855583966299577 10
17.560868983321974 10
17.27021065930658 10
16.98497130181092 10
16.70648949949027 10
16.436074380984024 10
16.175 10
15.92449987064158 10
15.685761676378917 10
15.45992217532209 10
15.248062323613272 10
15.051202637821184 10
14.87029881619744 10
14.70623763754608 10
14.559833155268674 10
14.431823202883425 10
14.322866225982985 10
14.2335384541977 10
14.164331425275165 10
14.115649871879066 10
14.08780998015711 10
14.081038027535834 10
14.0954694055762 10
14.131148032074957 10
14.188026154929974 10
14.26596454861011 10
14.364733102389021 10
14.484011797824678 10
14.623392071299579 10
14.782378555787728 10
14.960391194390565 10
15.156767716591977 10
15.37076646662945 10
15.601569571870385 10
15.848286437626903 10
16.10995755344429 10
16.385558594564774 10
16.674004801004067 10
16.974155615489476 10
17.284819560399832 10
17.60475933282405 10
17.93269709592112 10
18.267319943923756 10
18.607285517384184 10
18.95122774461753 10
19.297762684757497 10
19.645494447404094 10
19.99302116351514 10
20.338940981973963 10
20.681858066155385 10
21.02038856481261 10
21.35316653171708 10
21.678849768703227 10
21.9961255670977 10
22.303716322947984 10
22.600385002005645 10
22.88494043106286 10
23.156242392984353 10
23.413206503617587 10
23.654808849698036 10
23.88009036788973 10
24.088160946209953 10
24.27820323027551 10
24.449476118072184 10
24.601317928282693 10
24.733149228606287 10
24.844475311959172 10
24.93488830995277 10
25.004068934599886 10
25.051787840791082 10
25.077906603707255 10
25.082378306983458 10
25.065247739105686 10
25.02665119720011 10
24.96681589905527 10
24.88605900589546 10
24.784786260090293 10
24.663490243634364 10
24.52274826485481 10
24.36321988239653 10
24.185644077088174 10
23.99083608379963 10
23.779683896857843 10
23.553144463985664 10
23.312239585062144 10
23.0580515332667 10
22.791718417358428 10
22.514429304950184 10
22.227419127660752 10
21.931963389962128 10
21.629372704379808 10
21.320987176447424 10
21.008170663460426 10
20.692304931614018 10
20.374783736545474 10
20.0570068526293 10
19.740374076592687 10
19.426279231129055 10
19.116104194187265 10
18.811212979504255 10
18.51294589372926 10
18.222613795159912 10
17.94149247867539 10
17.670817210911327 10
17.41177743907783 10
17.165511696078404 10
16.933102723746988 10
16.71557283508633 10
16.513879535367227 10
16.328911420840132 10
16.161484372621345 10
16.01233806205237 10
15.882132782497017 10
15.771446621143156 10
15.680772982919855 10
15.610518477133006 10
15.561001175869187 10
15.5324492516256 10
15.525 10
15.538699251625602 10
15.573501175869186 10
15.629268477133007 10
15.705772982919854 10
15.802696621143154 10
15.919632782497013 10
16.056088062052368 10
16.211484372621346 10
16.38516142084013 10
16.576379535367224 10
16.78432283508633 10
17.00810272374699 10
17.246761696078394 10
17.499277439077826 10
17.764567210911324 10
18.041492478675387 10
18.3288637951599 10
18.625445893729264 10
18.929962979504243 10
19.24110419418726 10
19.557529231129053 10
19.877874076592683 10
20.200756852629297 10
20.524783736545476 10
20.848554931614004 10
21.17067066346043 10
21.48973717644742 10
21.804372704379805 10
22.113213389962123 10
22.41491912766074 10
22.70817930495018 10
22.991718417358424 10
23.264301533266696 10
23.52473958506214 10
23.77189446398566 10
24.004683896857834 10
24.22208608379963 10
24.423144077088168 10
24.606969882396527 10
24.772748264854805 10
24.919740243634365 10
25.047286260090292 10
25.154809005895462 10
25.24181589905527 10
25.30790119720011 10
25.352747739105688 10
25.376128306983457 10
25.37790660370726 10
25.358037840791084 10
25.316568934599886 10
25.25363830995277 10
25.16947531195917 10
25.064399228606284 10
24.938817928282695 10
24.79322611807219 10
24.62820323027551 10
24.44441094620996 10
24.242590367889733 10
24.023558849698034 10
23.788206503617594 10
23.53749239298436 10
23.272440431062858 10
22.994135002005656 10
22.703716322947983 10
22.402375567097703 10
22.091349768703232 10
21.771916531717082 10
21.445388564812617 10
21.11310806615539 10
20.776440981973963 10
20.436771163515147 10
20.095494447404093 10
19.754012684757498 10
19.41372774461754 10
19.076035517384177 10
18.742319943923768 10
18.413947095921127 10
18.092259332824042 10
17.77856956039985 10
17.474155615489483 10
17.180254801004065 10
16.89805859456478 10
16.6287075534443 10
16.373286437626906 10
16.132819571870392 10
15.908266466629447 10
15.70051771659198 10
15.51039119439057 10
15.338628555787729 10
15.18589207129958 10
15.052761797824676 10
14.939733102389022 10
14.847214548610113 10
14.775526154929972 10
14.724898032074957 10
14.695469405576201 10
14.687288027535836 10
14.70030998015711 10
14.734399871879067 10
14.789331425275162 10
14.864788454197695 10
14.960366225982984 10
15.075573202883428 10
15.209833155268665 10
15.362487637546078 10
15.532798816197431 10
15.719952637821182 10
15.923062323613266 10
16.141172175322076 10
16.373261676378913 10
16.61824987064158 10
16.875 10
17.142324380984018 10
17.418989499490273 10
17.703721301810916 10
17.99521065930659 10
18.292118983321956 10
18.59308396629957 10
18.896725424506293 10
19.20165121735267 10
19.506463217956696 10
19.80976330938424 10
20.110159380888625 10
20.40627129847183 10
20.69673682419933 10
20.98021745892071 10
21.25540418337549 10
21.52102307309918 10
21.775840763084954 10
22.018669738799282 10
22.248373430894137 10
22.46387109179824 10
22.664142433304367 10
22.848232005293102 10
23.015253296841568 10
23.164392542154904 10
23.294912215022034 10
23.40615419683098 10
23.497542604577035 10
23.568586266752902 10
23.618880836517835 10
23.64811053309597 10
23.656049503946107 10
23.64256280186894 10
23.60760697286687 10
23.551230252238096 10
23.47357236806454 10
23.374863952934085 10
23.255425566415447 10
23.115666332470646 10
22.95608219763903 10
22.777253817450717 10
22.57984408011923 10
22.364595278116326 10
22.132325939740074 10
21.883927334242667 10
21.62035966548303 10
21.34264797040246 10
21.051877739885764 10
20.749190280759272 10
20.435777838785445 10
20.112878503537022 10
19.78177091696842 10
19.44376880834159 10
19.10021537890825 10
18.752477560392975 10
18.40194017186223 10
18.050000000000004 10
17.69805982813778 10
17.347522439607037 10
16.99978462109176 10
16.656231191658435 10
16.31822908303159 10
15.98712149646297 10
15.664222161214564 10
15.350809719240734 10
15.048122260114258 10
14.757352029597548 10
14.479640334516965 10
14.216072665757352 10
13.967674060259935 10
13.735404721883667 10
13.520155919880779 10
13.322746182549288 10
13.143917802360974 10
12.98433366752936 10
12.844574433584551 10
12.725136047065917 10
12.626427631935465 10
12.548769747761906 10
12.492393027133133 10
12.457437198131057 10
12.44395049605389 10
12.451889466904028 10
12.481119163482166 10
12.531413733247096 10
12.60245739542296 10
12.693845803169017 10
12.80508778497796 10
12.935607457845094 10
13.084746703158427 10
13.251767994706885 10
13.435857566695628 10
13.636128908201767 10
13.851626569105857 10
14.081330261200698 10
14.32415923691504 10
14.578976926900813 10
14.844595816624501 10
15.119782541079282 10
15.403263175800648 10
15.693728701528162 10
15.98984061911137 10
16.29023669061575 10
16.593536782043294 10
16.89834878264734 10
17.2032745754937 10
17.506916033700403 10
17.80788101667802 10
18.104789340693422 10
18.396278698189093 10
18.68101050050972 10
18.95767561901596 10
19.224999999999994 10
19.481750129358424 10
19.72673832362108 10
19.958827824677915 10
20.176937676386714 10
20.380047362178814 10
20.567201183802563 10
20.737512362453916 10
20.890166844731333 10
21.02442679711657 10
21.139633774017014 10
21.235211545802297 10
21.310668574724836 10
21.36560012812094 10
21.39969001984289 10
21.412711972464166 10
21.4045305944238 10
21.375101967925044 10
21.324473845070024 10
21.25278545138989 10
21.160266897610985 10
21.04723820217533 10
20.914107928700425 10
20.761371444212276 10
20.589608805609434 10
20.399482283408016 10
20.19173353337056 10
19.967180428129613 10
19.726713562373103 10
19.471292446555708 10
19.201941405435214 10
18.91974519899594 10
18.62584438451054 10
18.321430439600178 10
18.007740667175952 10
17.686052904078863 10
17.35768005607624 10
17.02396448261584 10
16.68627225538248 10
16.3459873152425 10
16.004505552595916 10
15.663228836484855 10
15.323559018026057 10
14.986891933844621 10
14.654611435187391 10
14.328083468282925 10
14.008650231296766 10
13.697624432902316 10
13.396283677052024 10
13.105864997994367 10
12.827559568937142 10
12.562507607015641 10
12.31179349638241 10
12.07644115030197 10
11.85740963211028 10
11.655589053790049 10
11.471796769724488 10
11.306773881927814 10
11.161182071717317 10
11.035600771393723 10
10.93052468804083 10
10.846361690047232 10
10.783431065400114 10
10.741962159208917 10
10.722093396292742 10
10.723871693016543 10
10.747252260894314 10
10.792098802799892 10
10.858184100944733 10
10.945190994104536 10
11.052713739909699 10
11.18025975636563 10
11.327251735145195 10
11.493030117603471 10
11.676855922911829 10
11.877913916200358 10
12.095316103142153 10
12.328105536014338 10
12.575260414937855 10
12.835698466733303 10
13.10828158264156 10
13.391820695049812 10
13.685080872339253 10
13.98678661003787 10
14.295627295620196 10
14.610262823552588 10
14.92932933653956 10
15.25144506838597 10
15.575216263454523 10
15.899243147370704 10
16.222125923407308 10
16.542470768870942 10
16.858895805812722 10
17.17003702049574 10
17.474554106270745 10
17.77113620484009 10
18.058507521324593 10
18.33543278908866 10
18.60072256092217 10
18.853238303921607 10
19.09189727625302 10
19.315677164913666 10
19.523620464632753 10
19.714838579159856 10
19.888515627378645 10
20.04391193794763 10
20.180367217502987 10
20.297303378856842 10
20.394227017080144 10
20.470731522866995 10
20.52649882413081 10
20.5613007483744 10
20.575 10
20.5675507483744 10
20.538998824130815 10
20.489481522866992 10
20.419227017080143 10
20.32855337885684 10
20.217867217502985 10
20.087661937947644 10
19.938515627378663 10
19.771088579159873 10
19.58612046463277 10
19.384427164913664 10
19.166897276253017 10
18.9344883039216 10
18.688222560922163 10
18.429182789088685 10
18.15850752132462 10
17.877386204840118 10
17.587054106270756 10
17.288787020495754 10
16.983895805812736 10
16.673720768870936 10
16.35962592340732 10
16.042993147370698 10
15.725216263454554 10
15.407695068386001 10
15.091829336539572 10
14.779012823552566 10
14.470627295620208 10
14.16803661003788 10
13.872580872339249 10
13.58557069504984 10
13.308281582641586 10
13.041948466733299 10
12.787760414937878 10
12.546855536014348 10
12.320316103142162 10
12.109163916200366 10
11.914355922911815 10
11.736780117603477 10
11.577251735145209 10
11.436509756365641 10
11.315213739909709 10
11.21394099410454 10
11.133184100944735 10
11.073348802799892 10
11.034752260894315 10
11.017621693016542 10
11.022093396292743 10
11.048212159208918 10
11.095931065400109 10
11.165111690047226 10
11.255524688040826 10
11.366850771393718 10
11.49868207171731 10
11.650523881927807 10
11.82179676972449 10
12.011839053790032 10
12.21990963211026 10
12.44519115030196 10
12.686793496382414 10
12.94375760701563 10
13.21505956893713 10
13.499614997994355 10
13.796283677052028 10
14.103874432902288 10
14.421150231296735 10
14.746833468282896 10
15.079611435187378 10
15.418141933844607 10
15.761059018026042 10
16.106978836484874 10
16.454505552595904 10
16.802237315242504 10
17.148772255382447 10
17.492714482615806 10
17.832680056076246 10
18.167302904078852 10
18.49524066717594 10
18.815180439600166 10
19.12584438451053 10
19.425995198995945 10
19.714441405435217 10
19.990042446555684 10
20.25171356237308 10
20.498430428129605 10
20.72923353337055 10
20.94323228340803 10
21.139608805609427 10
21.317621444212268 10
21.476607928700425 10
21.615988202175316 10
21.735266897610977 10
21.83403545138989 10
21.911973845070023 10
21.96885196792504 10
22.004530594423798 10
22.01896197246416 10
22.012190019842894 10
21.984350128120933 10
21.935668574724843 10
21.866461545802306 10
21.777133774017017 10
21.668176797116573 10
21.540166844731335 10
21.393762362453923 10
21.22970118380256 10
21.04879736217883 10
20.851937676386736 10
20.64007782467791 10
20.414238323621102 10
20.175500129358433 10
19.925000000000004 10
19.66392561901597 10
19.393510500509713 10
19.11502869818909 10
18.82978934069345 10
18.53913101667805 10
18.244416033700432 10
17.947024575493714 10
17.648348782647314 10
17.349786782043306 10
17.05273669061576 10
16.758590619111363 10
16.46872870152819 10
16.184513175800674 10
15.90728254107931 10
15.638345816624527 10
15.378976926900824 10
15.13040923691505 10
14.893830261200707 10
14.670376569105839 10
14.461128908201763 10
14.267107566695646 10
14.0892679947069 10
13.928496703158432 10
13.785607457845092 10
13.661337784977974 10
13.55634580316902 10
13.471207395422962 10
13.406413733247094 10
13.362369163482171 10
13.339389466904029 10
13.337700496053893 10
13.357437198131056 10
13.398643027133131 10
13.461269747761907 10
13.545177631935466 10
13.65013604706591 10
13.77582443358455 10
13.921833667529345 10
14.087667802360968 10
14.272746182549282 10
14.476405919880758 10
14.69790472188366 10
14.936424060259924 10
15.191072665757341 10
15.46089033451698 10
15.744852029597538 10
16.041872260114218 10
16.350809719240704 10
16.67047216121455 10
16.999621496462975 10
17.336979083031594 10
17.6812311916584 10
18.031034621091745 10
18.38502243960704 10
18.741809828137747 10
19.09999999999999 10
19.458190171862235 10
19.81497756039294 10
20.168965378908236 10
20.518768808341576 10
20.863020916968424 10
21.20037850353701 10
21.52952783878543 10
21.849190280759245 10
22.158127739885735 10
22.45514797040245 10
22.73910966548303 10
23.00892733424267 10
23.263575939740065 10
23.50209527811633 10
23.72359408011921 10
23.92725381745071 10
24.112332197639027 10
24.27816633247063 10
24.42417556641544 10
24.549863952934082 10
24.654822368064536 10
24.738730252238096 10
24.801356972866866 10
24.842562801868944 10
24.862299503946108 10
24.860610533095972 10
24.83763083651783 10
24.793586266752904 10
24.72879260457704 10
24.643654196830983 10
24.538662215022033 10
24.414392542154914 10
24.271503296841576 10
24.11073200529311 10
23.93289243330439 10
23.73887109179825 10
23.529623430894148 10
23.306169738799277 10
23.069590763084936 10
22.821023073099187 10
22.561654183375516 10
22.292717458920734 10
22.015486824199343 10
21.731271298471825 10
21.44140938088865 10
21.147263309384254 10
20.850213217956707 10
20.551651217352664 10
20.252975424506303 10
19.955583966299585 10
19.660868983322 10
19.3702106593066 10
19.084971301810924 10
18.80648949949027 10
18.53607438098401 10
18.27500000000001 10
18.024499870641577 10
17.785761676378936 10
17.5599221753221 10
17.348062323613274 10
17.15120263782118 10
16.97029881619745 10
16.806237637546083 10
16.65983315526867 10
16.531823202883434 10
16.422866225982986 10
16.333538454197708 10
16.264331425275167 10
16.215649871879066 10
16.187809980157112 10
16.181038027535834 10
16.1954694055762 10
16.23114803207496 10
16.288026154929973 10
16.365964548610105 10
16.464733102389008 10
16.584011797824665 10
16.723392071299568 10
16.88237855578772 10
17.06039119439056 10
17.25676771659198 10
17.47076646662944 10
17.701569571870383 10
17.94828643762691 10
18.209957553444305 10
18.485558594564736 10
18.77400480100404 10
19.074155615489456 10
19.38481956039982 10
19.704759332824043 10
20.032697095921097 10
20.36731994392374 10
20.707285517384175 10
21.051227744617535 10
21.397762684757517 10
21.745494447404116 10
22.093021163515104 10
22.438940981973936 10
22.781858066155372 10
23.120388564812572 10
23.453166531717052 10
23.77884976870321 10
24.096125567097697 10
24.40371632294799 10
24.70038500200566 10
24.98494043106288 10
25.256242392984355 10
25.513206503617575 10
25.754808849698 10
25.98009036788971 10
26.188160946209937 10
26.3782032302755 10
26.54947611807218 10
26.7013179282827 10
26.83314922860629 10
26.944475311959167 10
27.03488830995277 10
27.104068934599887 10
27.15178784079108 10
27.177906603707257 10
27.18237830698346 10
27.165247739105688 10
27.12665119720011 10
27.066815899055268 10
26.986059005895466 10
26.884786260090298 10
26.763490243634365 10
26.6227482648548 10
26.463219882396515 10
26.285644077088193 10
26.090836083799644 10
25.87968389685785 10
25.65314446398566 10
25.412239585062164 10
25.158051533266715 10
24.891718417358426 10
24.614429304950175 10
24.327419127660733 10
24.0319633899621 10
23.72937270437981 10
23.420987176447447 10
23.108170663460445 10
22.79230493161405 10
22.474783736545497 10
22.157006852629316 10
21.840374076592695 10
21.526279231129045 10
21.216104194187245 10
20.911212979504263 10
20.612945893729258 10
20.322613795159896 10
20.04149247867543 10
19.770817210911357 10
19.51177743907785 10
19.265511696078413 10
19.033102723746993 10
18.815572835086325 10
18.61387953536724 10
18.428911420840137 10
18.261484372621346 10
18.112338062052363 10
17.982132782497008 10
17.871446621143164 10
17.78077298291986 10
17.71051847713301 10
17.66100117586919 10
17.6324492516256 10
17.625 10
17.6386992516256 10
17.673501175869188 10
17.729268477133008 10
17.80577298291986 10
17.902696621143154 10
18.019632782497006 10
18.156088062052362 10
18.311484372621326 10
18.485161420840114 10
18.676379535367214 10
18.884322835086323 10
19.108102723746992 10
19.34676169607841 10
19.599277439077845 10
19.864567210911325 10
20.141492478675396 10
20.428863795159863 10
20.725445893729223 10
21.029962979504226 10
21.341104194187245 10
21.657529231129043 10
21.97787407659269 10
22.300756852629313 10
22.62478373654546 10
22.948554931614012 10
23.270670663460443 10
23.58973717644738 10
23.90437270437977 10
24.2132133899621 10
24.514919127660733 10
24.808179304950173 10
25.091718417358425 10
25.364301533266683 10
25.62473958506213 10
25.87189446398566 10
26.10468389685785 10
26.322086083799643 10
26.52314407708815 10
26.70696988239651 10
26.8727482648548 10
27.019740243634363 10
27.147286260090283 10
27.254809005895453 10
27.34181589905527 10
27.407901197200108 10
27.452747739105686 10
27.47612830698346 10
27.477906603707257 10
27.458037840791086 10
27.416568934599887 10
27.35363830995278 10
27.26947531195918 10
27.16439922860629 10
27.038817928282697 10
26.893226118072185 10
26.728203230275504 10
26.544410946209958 10
26.34259036788973 10
26.12355884969803 10
25.888206503617628 10
25.637492392984385 10
25.37244043106289 10
25.094135002005665 10
24.80371632294799 10
24.5023755670977 10
24.19134976870325 10
23.87191653171709 10
23.54538856481261 10
23.213108066155378 10
22.876440981973943 10
22.536771163515184 10
22.19549444740412 10
21.85401268475752 10
21.51372774461754 10
21.176035517384214 10
20.842319943923776 10
20.513947095921136 10
20.19225933282405 10
19.878569560399825 10
19.57415561548946 10
19.280254801004073 10
18.9980585945648 10
18.728707553444305 10
18.47328643762694 10
18.232819571870408 10
18.00826646662946 10
17.800517716591987 10
17.610391194390566 10
17.438628555787727 10
17.285892071299582 10
17.152761797824677 10
17.03973310238902 10
16.947214548610123 10
16.87552615492998 10
16.824898032074962 10
16.795469405576203 10
16.787288027535837 10
16.80030998015711 10
16.834399871879064 10
16.88933142527516 10
16.9647884541977 10
17.060366225982982 10
17.17557320288343 10
17.309833155268656 10
17.462487637546065 10
17.63279881619743 10
17.819952637821178 10
18.023062323613274 10
18.24117217532207 10
18.473261676378904 10
18.71824987064158 10
18.975000000000005 10
19.242324380984037 10
19.518989499490296 10
19.80372130181089 10
20.095210659306563 10
20.392118983321964 10
20.693083966299547 10
20.99672542450627 10
21.301651217352664 10
21.606463217956705 10
21.909763309384253 10
22.210159380888648 10
22.506271298471816 10
22.79673682419934 10
23.080217458920703 10
23.355404183375448 10
23.62102307309916 10
23.87584076308493 10
24.118669738799277 10
24.348373430894142 10
24.563871091798244 10
24.764142433304364 10
24.948232005293107 10
25.115253296841576 10
25.264392542154884 10
25.394912215022018 10
25.506154196830977 10
25.597542604577033 10
25.668586266752904 10
25.718880836517833 10
25.74811053309597 10
25.75604950394611 10
25.742562801868942 10
25.70760697286687 10
25.651230252238093 10
25.573572368064543 10
25.474863952934104 10
25.35542556641547 10
25.21566633247066 10
25.056082197639043 10
24.877253817450732 10
24.67984408011923 10
24.46459527811633 10
24.23232593974007 10
23.983927334242647 10
23.72035966548301 10
23.442647970402483 10
23.151877739885773 10
22.849190280759284 10
22.53577783878544 10
22.212878503537013 10
21.881770916968463 10
21.543768808341618 10
21.200215378908272 10
20.85247756039298 10
20.501940171862238 10
20.149999999999995 10
19.798059828137827 10
19.44752243960708 10
19.09978462109179 10
18.756231191658443 10
18.418229083031598 10
18.08712149646298 10
17.764222161214555 10
17.450809719240713 10
17.14812226011422 10
16.85735202959751 10
16.579640334516988 10
16.31607266575735 10
16.06767406025993 10
15.835404721883709 10
15.620155919880803 10
15.4227461825493 10
15.243917802360986 10
15.084333667529362 10
14.944574433584556 10
14.825136047065914 10
14.726427631935458 10
14.648769747761904 10
14.592393027133138 10
14.557437198131058 10
14.543950496053895 10
14.551889466904031 10
14.581119163482168 10
14.631413733247104 10
14.70245739542295 10
14.79384580316901 10
14.905087784977958 10
15.035607457845089 10
15.184746703158432 10
15.35176799470686 10
15.535857566695599 10
15.736128908201739 10
15.951626569105837 10
16.181330261200703 10
16.42415923691505 10
16.67897692690082 10
16.944595816624528 10
17.219782541079308 10
17.5032631758007 10
17.793728701528153 10
18.089840619111364 10
18.390236690615758 10
18.693536782043235 10
18.998348782647277 10
19.303274575493678 10
19.606916033700397 10
19.90788101667801 10
20.204789340693413 10
20.496278698189087 10
20.78101050050974 10
21.057675619016 10
21.324999999999974 10
21.581750129358404 10
21.826738323621075 10
22.058827824677913 10
22.276937676386737 10
22.48004736217883 10
22.667201183802536 10
22.837512362453904 10
22.990166844731316 10
23.12442679711657 10
23.239633774017015 10
23.335211545802284 10
23.410668574724824 10
23.46560012812093 10
23.499690019842888 10
23.512711972464167 10
23.504530594423798 10
23.475101967925042 10
23.424473845070025 10
23.352785451389884 10
23.260266897610965 10
23.147238202175334 10
23.014107928700426 10
22.86137144421227 10
22.689608805609467 10
22.49948228340805 10
22.291733533370575 10
22.06718042812963 10
21.826713562373108 10
21.571292446555717 10
21.30194140543522 10
21.01974519899592 10
20.725844384510566 10
20.4214304396002 10
20.107740667175978 10
19.78605290407889 10
19.45768005607625 10
19.123964482615815 10
18.786272255382453 10
18.44598731524247 10
18.104505552595942 10
17.763228836484878 10
17.423559018026047 10
17.086891933844683 10
16.75461143518745 10
16.42808346828297 10
16.108650231296807 10
15.797624432902321 10
15.496283677052032 10
15.205864997994357 10
14.927559568937133 10
14.662507607015634 10
14.41179349638239 10
14.17644115030194 10
13.957409632110286 10
13.755589053790054 10
13.571796769724495 10
13.406773881927812 10
13.261182071717325 10
13.135600771393731 10
13.030524688040838 10
12.946361690047233 10
12.883431065400114 10
12.841962159208917 10
12.822093396292743 10
12.82387169301654 10
12.847252260894312 10
12.892098802799888 10
12.958184100944726 10
13.045190994104537 10
13.152713739909709 10
13.280259756365641 10
13.427251735145209 10
13.593030117603456 10
13.776855922911812 10
13.977913916200364 10
14.19531610314211 10
14.428105536014293 10
14.67526041493782 10
14.935698466733268 10
15.208281582641552 10
15.491820695049805 10
15.785080872339245 10
16.086786610037876 10
16.395627295620205 10
16.710262823552597 10
17.029329336539604 10
17.351445068385964 10
17.675216263454516 10
17.9992431473707 10
18.32212592340732 10
18.642470768870897 10
18.9588958058127 10
19.270037020495714 10
19.57455410627072 10
19.871136204840084 10
20.158507521324616 10
20.435432789088683 10
20.70072256092213 10
20.953238303921573 10
21.19189727625299 10
21.41567716491366 10
21.623620464632772 10
21.81483857915987 10
21.98851562737866 10
22.143911937947642 10
22.280367217503 10
22.397303378856837 10
22.494227017080142 10
22.570731522866993 10
22.626498824130806 10
22.661300748374394 10
22.675 10
22.667550748374403 10
22.638998824130816 10
22.589481522866997 10
22.519227017080144 10
22.42855337885684 10
22.317867217502975 10
22.187661937947617 10
22.03851562737867 10
21.871088579159878 10
21.68612046463278 10
21.48442716491367 10
21.266897276252998 10
21.034488303921634 10
20.7882225609222 10
20.529182789088694 10
20.258507521324624 10
19.977386204840094 10
19.687054106270732 10
19.38878702049579 10
19.083895805812777 10
18.773720768870977 10
18.45962592340733 10
18.142993147370706 10
17.825216263454525 10
17.507695068385974 10
17.191829336539545 10
16.87901282355254 10
16.570627295620216 10
16.26803661003789 10
15.972580872339256 10
15.68557069504988 10
15.408281582641624 10
15.141948466733336 10
14.887760414937883 10
14.646855536014353 10
14.420316103142166 10
14.209163916200371 10
14.014355922911822 10
13.836780117603462 10
13.677251735145212 10
13.536509756365646 10
13.41521373990971 10
13.313940994104541 10
13.23318410094473 10
13.173348802799886 10
13.13475226089432 10
13.117621693016545 10
13.122093396292742 10
13.148212159208917 10
13.195931065400112 10
13.265111690047217 10
13.355524688040814 10
13.466850771393702 10
13.598682071717292 10
13.750523881927805 10
13.921796769724484 10
14.111839053790048 10
14.319909632110278 10
14.545191150301978 10
14.786793496382433 10
15.043757607015625 10
15.315059568937123 10
15.599614997994347 10
15.896283677051954 10
16.203874432902246 10
16.52115023129673 10
16.846833468282885 10
17.17961143518737 10
17.5181419338446 10
17.861059018026033 10
18.20697883648487 10
18.55450555259593 10
18.902237315242456 10
19.248772255382438 10
19.592714482615797 10
19.932680056076236 10
20.26730290407888 10
20.59524066717596 10
20.91518043960019 10
21.225844384510488 10
21.525995198995908 10
21.81444140543521 10
22.090042446555703 10
22.351713562373046 10
22.598430428129575 10
22.82923353337052 10
23.043232283408003 10
23.23960880560942 10
23.417621444212266 10
23.576607928700422 10
23.71598820217532 10
23.835266897610982 10
23.934035451389896 10
24.01197384507003 10
24.068851967925035 10
24.1045305944238 10
24.11896197246416 10
24.1121900198429 10
24.084350128120946 10
24.035668574724845 10
23.96646154580231 10
23.877133774017018 10
23.768176797116574 10
23.640166844731326 10
23.493762362453907 10
23.329701183802584 10
23.14879736217884 10
22.95193767638674 10
22.74007782467792 10
22.514238323621083 10
22.27550012935841 10
22.02499999999998 10
21.763925619016007 10
21.493510500509757 10
21.2150286981891 10
20.929789340693425 10
20.63913101667809 10
20.344416033700476 10
20.047024575493754 10
19.74834878264736 10
19.44978678204331 10
19.152736690615768 10
18.85859061911137 10
18.568728701528162 10
18.284513175800647 10
18.007282541079256 10
17.738345816624474 10
17.478976926900827 10
17.230409236915058 10
16.99383026120071 10
16.7703765691059 10
16.56112890820179 10
16.36710756669565 10
16.189267994706906 10
16.028496703158435 10
15.885607457845097 10
15.761337784977966 10
15.656345803169033 10
15.571207395422974 10
15.506413733247104 10
15.462369163482169 10
15.439389466904029 10
15.437700496053887 10
15.457437198131055 10
15.498643027133134 10
15.561269747761909 10
15.645177631935457 10
15.750136047065913 10
15.875824433584523 10
16.02183366752933 10
16.18766780236095 10
16.372746182549257 10
16.576405919880756 10
16.79790472188365 10
17.036424060259918 10
17.291072665757337 10
17.560890334516973 10
17.84485202959756 10
18.14187226011427 10
18.450809719240695 10
18.770472161214542 10
19.09962149646296 10
19.43697908303158 10
19.781231191658428 10
20.1310346210917 10
20.485022439606997 10
20.84180982813774 10
21.19999999999998 10
21.55819017186223 10
21.914977560392966 10
22.268965378908188 10
22.618768808341535 10
22.963020916968375 10
23.300378503536997 10
23.62952783878542 10
23.949190280759268 10
24.258127739885758 10
24.555147970402473 10
24.83910966548305 10
25.10892733424264 10
25.363575939740056 10
25.602095278116323 10
25.823594080119186 10
26.02725381745068 10
26.212332197639 10
26.378166332470627 10
26.524175566415437 10
26.64986395293408 10
26.754822368064538 10
26.838730252238093 10
26.90135697286687 10
26.942562801868938 10
26.962299503946106 10
26.960610533095974 10
26.93763083651783 10
26.8935862667529 10
26.828792604577032 10
26.743654196831002 10
26.638662215022052 10
26.514392542154916 10
26.37150329684158 10
26.210732005293117 10
26.03289243330437 10
25.838871091798275 10
25.629623430894178 10
25.406169738799306 10
25.16959076308497 10
24.921023073099196 10
24.66165418337549 10
24.392717458920714 10
24.115486824199316 10
23.831271298471798 10
23.541409380888663 10
23.247263309384262 10
22.950213217956716 10
22.651651217352743 10
22.352975424506344 10
22.055583966299626 10
21.76086898332201 10
21.47021065930661 10
21.184971301810933 10
20.906489499490274 10
20.63607438098402 10
20.37499999999999 10
20.124499870641554 10
19.88576167637894 10
19.659922175322105 10
19.44806232361328 10
19.251202637821184 10
19.070298816197433 10
18.906237637546067 10
18.759833155268694 10
18.631823202883435 10
18.52286622598299 10
18.433538454197702 10
18.36433142527516 10
18.315649871879074 10
18.287809980157114 10
18.281038027535836 10
18.2954694055762 10
18.331148032074953 10
18.38802615492997 10
18.465964548610113 10
18.564733102389024 10
18.684011797824688 10
18.823392071299594 10
18.98237855578772 10
19.160391194390556 10
19.35676771659198 10
19.570766466629408 10
19.801569571870353 10
20.048286437626874 10
20.309957553444267 10
20.585558594564763 10
20.874004801004062 10
21.174155615489482 10
21.484819560399846 10
21.804759332824002 10
22.13269709592109 10
22.46731994392373 10
22.807285517384166 10
23.151227744617525 10
23.497762684757504 10
23.845494447404107 10
24.1930211635151 10
24.53894098197393 10
24.881858066155367 10
25.2203885648126 10
25.553166531717007 10
25.87884976870317 10
26.19612556709766 10
26.503716322947948 10
26.800385002005623 10
27.084940431062847 10
27.35624239298435 10
27.61320650361759 10
27.854808849698042 10
28.080090367889746 10
28.28816094620997 10
28.478203230275493 10
28.64947611807218 10
28.801317928282693 10
28.93314922860626 10
29.044475311959157 10
29.134888309952757 10
29.20406893459988 10
29.25178784079108 10
29.277906603707258 10
29.282378306983457 10
29.265247739105682 10
29.226651197200116 10
29.16681589905528 10
29.086059005895468 10
28.9847862600903 10
28.86349024363437 10
28.7227482648548 10
28.563219882396517 10
28.3856440770882 10
28.190836083799653 10
27.979683896857857 10
27.75314446398567 10
27.512239585062197 10
27.25805153326675 10
26.991718417358463 10
26.714429304950215 10
26.427419127660777 10
26.13196338996214 10
25.829372704379818 10
25.52098717644749 10
25.208170663460418 10
24.89230493161406 10
24.574783736545434 10
24.257006852629324 10
23.940374076592704 10
23.626279231129054 10
23.316104194187254 10
23.011212979504307 10
22.712945893729298 10
22.422613795159936 10
22.141492478675467 10
21.870817210911333 10
21.611777439077883 10
21.365511696078393 10
21.133102723747026 10
20.91557283508631 10
20.713879535367244 10
20.528911420840103 10
20.36148437262135 10
20.2123380620524 10
20.08213278249701 10
19.97144662114317 10
19.880772982919865 10
19.810518477133012 10
19.76100117586919 10
19.732449251625606 10
19.725 10
19.738699251625597 10
19.773501175869193 10
19.829268477133 10
19.90577298291983 10
20.00269662114315 10
20.11963278249699 10
20.256088062052374 10
20.411484372621324 10
20.58516142084015 10
20.77637953536721 10
20.984322835086317 10
21.208102723746986 10
21.4467616960784 10
21.699277439077783 10
21.96456721091129 10
22.241492478675355 10
22.528863795159822 10
22.825445893729245 10
23.129962979504185 10
23.441104194187268 10
23.757529231129 10
24.077874076592714 10
24.40075685262927 10
24.724783736545522 10
25.048554931614007 10
25.370670663460363 10
25.689737176447437 10
26.004372704379765 10
26.31321338996209 10
26.614919127660723 10
26.908179304950167 10
27.19171841735836 10
27.464301533266706 10
27.724739585062096 10
27.971894463985677 10
28.204683896857816 10
28.42208608379957 10
28.623144077088163 10
28.806969882396487 10
28.97274826485481 10
29.119740243634343 10
29.247286260090306 10
29.35480900589545 10
29.441815899055285 10
29.50790119720011 10
29.552747739105683 10
29.576128306983456 10
29.577906603707262 10
29.558037840791084 10
29.516568934599903 10
29.453638309952773 10
29.369475311959192 10
29.26439922860628 10
29.138817928282716 10
28.993226118072172 10
28.828203230275527 10
28.644410946209923 10
28.44259036788974 10
28.223558849698087 10
27.988206503617583 10
27.737492392984397 10
27.472440431062836 10
27.194135002005673 10
26.903716322948 10
26.60237556709771 10
26.291349768703228 10
25.971916531717135 10
25.64538856481258 10
25.313108066155426 10
24.97644098197406 10
24.636771163515153 10
24.295494447404167 10
23.95401268475749 10
23.613727744617584 10
23.27603551738415 10
22.942319943923785 10
22.613947095921077 10
22.29225933282406 10
21.978569560399826 10
21.674155615489468 10
21.380254801004114 10
21.098058594564804 10
20.828707553444318 10
20.573286437626916 10
20.33281957187044 10
20.108266466629445 10
19.90051771659201 10
19.710391194390553 10
19.538628555787746 10
19.385892071299555 10
19.252761797824686 10
19.139733102389044 10
19.047214548610107 10
18.975526154929987 10
18.924898032074953 10
18.8954694055762 10
18.887288027535835 10
18.90030998015711 10
18.934399871879066 10
18.98933142527515 10
19.064788454197704 10
19.160366225982973 10
19.275573202883386 10
19.409833155268664 10
19.56248763754604 10
19.73279881619744 10
19.91995263782115 10
20.12306232361329 10
20.341172175322065 10
20.573261676378955 10
20.81824987064157 10
21.075 10
21.342324380984035 10
21.61898949949023 10
21.903721301810883 10
22.19521065930656 10
22.49211898332195 10
22.793083966299506 10
23.096725424506293 10
23.40165121735262 10
23.70646321795673 10
24.00976330938421 10
24.310159380888678 10
24.606271298471817 10
24.896736824199266 10
25.18021745892073 10
25.45540418337545 10
25.721023073099207 10
25.975840763084932 10
26.21866973879927 10
26.448373430894137 10
26.66387109179824 10
26.864142433304334 10
27.048232005293123 10
27.215253296841553 10
27.36439254215486 10
27.49491221502203 10
27.606154196830957 10
27.697542604577038 10
27.768586266752898 10
27.818880836517835 10
27.84811053309597 10
27.85604950394611 10
27.842562801868944 10
27.807606972866868 10
27.751230252238095 10
27.67357236806455 10
27.5748639529341 10
27.455425566415464 10
27.31566633247065 10
27.156082197639066 10
26.977253817450713 10
26.779844080119258 10
26.564595278116315 10
26.332325939740095 10
26.083927334242627 10
25.820359665483043 10
25.54264797040252 10
25.25187773988575 10
24.949190280759325 10
24.63577783878541 10
24.31287850353706 10
23.981770916968433 10
23.64376880834159 10
23.30021537890825 10
22.952477560393028 10
22.60194017186221 10
22.250000000000043 10
21.89805982813787 10
21.547522439607054 10
21.199784621091833 10
20.856231191658413 10
20.518229083031642 10
20.18712149646295 10
19.8642221612146 10
19.550809719240686 10
19.248122260114258 10
18.957352029597548 10
18.679640334516964 10
18.41607266575738 10
18.16767406025996 10
17.935404721883693 10
17.720155919880785 10
17.52274618254933 10
17.34391780236097 10
17.18433366752938 10
17.044574433584543 10
16.925136047065926 10
16.826427631935452 10
16.748769747761912 10
16.692393027133143 10
16.65743719813106 10
16.643950496053893 10
16.651889466904034 10
16.681119163482165 10
16.731413733247106 10
16.802457395422962 10
16.893845803169015 10
17.00508778497794 10
17.1356074578451 10
17.28474670315841 10
17.451767994706834 10
17.635857566695616 10
17.836128908201715 10
18.051626569105856 10
18.281330261200672 10
18.52415923691507 10
18.778976926900782 10
19.044595816624547 10
19.319782541079274 10
19.6032631758006 10
19.89372870152818 10
20.189840619111326 10
20.49023669061578 10
20.79353678204326 10
21.098348782647307 10
21.4032745754937 10
21.706916033700416 10
22.00788101667797 10
22.30478934069344 10
22.596278698189046 10
22.881010500509646 10
23.157675619015965 10
23.424999999999933 10
23.681750129358427 10
23.926738323621045 10
24.158827824677925 10
24.376937676386706 10
24.58004736217885 10
24.767201183802552 10
24.937512362453916 10
25.090166844731336 10
25.224426797116553 10
25.339633774017 10
25.4352115458023 10
25.510668574724825 10
25.56560012812092 10
25.59969001984289 10
25.61271197246416 10
25.604530594423796 10
25.57510196792505 10
25.524473845070023 10
25.452785451389893 10
25.360266897611005 10
25.247238202175325 10
25.114107928700445 10
24.96137144421226 10
24.789608805609458 10
24.59948228340803 10
24.391733533370562 10
24.167180428129612 10
23.926713562373138 10
23.67129244655569 10
23.40194140543526 10
23.119745198996014 10
22.82584438451054 10
22.521430439600245 10
22.207740667175948 10
21.886052904078934 10
21.557680056076222 10
21.223964482615855 10
20.886272255382423 10
20.545987315242517 10
20.20450555259592 10
19.863228836484854 10
19.523559018026095 10
19.18689193384466 10
18.854611435187426 10
18.52808346828294 10
18.20865023129685 10
17.897624432902294 10
17.59628367705207 10
17.305864997994338 10
17.027559568937168 10
16.762507607015614 10
16.511793496382424 10
16.27644115030202 10
16.057409632110268 10
15.855589053790084 10
15.67179676972448 10
15.506773881927831 10
15.361182071717316 10
15.235600771393726 10
15.130524688040829 10
15.046361690047245 10
14.983431065400111 10
14.94196215920892 10
14.922093396292746 10
14.923871693016544 10
14.947252260894306 10
14.992098802799891 10
15.058184100944718 10
15.145190994104544 10
15.25271373990969 10
15.380259756365653 10
15.527251735145185 10
15.69303011760347 10
15.876855922911831 10
16.077913916200334 10
16.295316103142127 10
16.528105536014316 10
16.77526041493784 10
17.03569846673323 10
17.308281582641577 10
17.59182069504977 10
17.88508087233927 10
18.186786610037835 10
18.49562729562023 10
18.810262823552556 10
19.12932933653949 10
19.45144506838599 10
19.77521626345447 10
20.09924314737072 10
20.42212592340728 10
20.742470768870923 10
21.058895805812725 10
21.37003702049574 10
21.67455410627068 10
21.971136204840107 10
22.258507521324578 10
22.53543278908859 10
22.800722560922154 10
23.05323830392154 10
23.29189727625301 10
23.515677164913633 10
23.723620464632788 10
23.91483857915985 10
24.088515627378673 10
24.243911937947622 10
24.380367217502982 10
24.49730337885685 10
24.59422701708013 10
24.670731522866987 10
24.726498824130807 10
24.761300748374396 10
24.775 10
24.767550748374397 10
24.738998824130817 10
24.68948152286699 10
24.619227017080156 10
24.52855337885683 10
24.417867217502994 10
24.287661937947668 10
24.138515627378652 10
23.9710885791599 10
23.78612046463276 10
23.5844271649137 10
23.366897276253027 10
23.134488303921614 10
22.888222560922177 10
22.62918278908873 10
22.3585075213246 10
22.07738620484013 10
21.787054106270837 10
21.488787020495767 10
21.18389580581282 10
20.873720768870953 10
20.559625923407374 10
20.24299314737068 10
19.92521626345457 10
19.607695068385947 10
19.291829336539585 10
18.979012823552516 10
18.67062729562019 10
18.368036610037926 10
18.07258087233923 10
17.785570695049856 10
17.508281582641597 10
17.241948466733312 10
16.987760414937863 10
16.746855536014387 10
16.52031610314215 10
16.3091639162004 10
16.114355922911805 10
15.936780117603487 10
15.777251735145235 10
15.636509756365633 10
15.51521373990973 10
15.413940994104534 10
15.333184100944738 10
15.27334880279988 10
15.234752260894318 10
15.217621693016543 10
15.222093396292738 10
15.248212159208922 10
15.295931065400106 10
15.365111690047218 10
15.455524688040823 10
15.566850771393685 10
15.6986820717173 10
15.850523881927785 10
16.0217967697245 10
16.21183905379002 10
16.419909632110297 10
16.645191150301947 10
16.886793496382452 10
17.143757607015647 10
17.415059568937085 10
17.69961499799437 10
17.99628367705198 10
18.303874432902273 10
18.621150231296753 10
18.94683346828291 10
19.279611435187324 10
19.618141933844626 10
19.96105901802599 10
20.306978836484898 10
