0.106023486632686 0
0.143082529772947 0
0.141993410261299 0
0.137339899620624 0
0.157399500807878 0
0.143805309085222 0
0.127933867474576 0
0.124270465480853 0
0.127488318583448 0
0.147884556710666 0
0.15962724526352 0
0.169637243684208 0
0.140023094053864 0
0.173191733726767 0
0.16483521674649 0
0.131448753171257 0
0.149161796865234 0
0.145765724206188 0
0.133032927006381 0
0.141042905960225 0
0.145013241634504 0
0.138518128910497 0
0.140290423388541 0
0.129973491287298 0
0.141310235294902 0
0.134171551950376 0
0.136399296406019 0
0.136062659466055 0
0.14738950238719 0
0.120310030893043 0
0.130923995588372 0
0.148785555579392 0
0.151132113072669 0
0.148033073007709 0
0.15444897703996 0
0.150181608771595 0
0.145537999217389 0
0.136023055120177 0
0.149013280568191 0
0.153845010765319 0
0.169300606744245 0
0.156379688901517 0
0.140557752723219 0
0.152795495599549 0
0.151013300035035 0
0.159736157214685 0
0.156874743224993 0
0.13119132492305 0
0.144102341679308 0
0.14531027422859 0
0.131379445565971 0
0.13326065199518 0
0.167449103574444 0
0.150557850057437 0
0.143993429728143 0
0.180736361616544 0
0.149953883782796 0
0.156419293247395 0
0.165825325393442 0
0.138854765850461 0
0.147696436067745 0
0.152033111941396 0
0.158112379033683 0
0.15381530750591 0
0.159251003977678 0
0.12453779481553 0
0.157696533401963 0
0.142666684141227 0
0.150528146798028 0
0.125181365436049 0
0.131755686851812 0
0.148330105601794 0
0.130696270599573 0
0.126121968650654 0
0.116913958233997 0
0.134171551950376 0
0.14780534801891 0
0.131300236874214 0
0.14697365675547 0
0.137567624609422 0
0.121478359096447 0
0.120458547190086 0
0.107349508704438 0
0.120042701558366 0
0.121557567788203 0
0.12245856665693 0
0.12744871423757 0
0.128577438095095 0
0.112339656285077 0
0.12911209676445 0
0.131864598802977 0
0.141646872234866 0
0.115438696350038 0
0.13700326268066 0
0.131221028182458 0
0.122349654705765 0
0.131904203148855 0
0.137151778977703 0
0.117290199519839 0
0.126013056699489 0
0.138330008267576 0
0.120686272178885 0
0.125676419759525 0
0.137112174631825 0
0.1203892395848 0
0.127973471820454 0
0.115894146327636 0
0.137379503966502 0
0.115696124598246 0
0.107389113050316 0
0.135874538823134 0
0.146290481789072 0
0.131567566208891 0
0.108260408659634 0
0.118537736414999 0
0.126696231665886 0
0.141042905960225 0
0.111171328081674 0
0.122834807942772 0
0.141646872234866 0
0.132240840088819 0
0.127745746831656 0
0.105616818572271 0
0.130092304324933 0
0.11248817258212 0
0.111547569367516 0
0.123854619849133 0
0.130993303193659 0
0.117210990828083 0
0.136290384454854 0
0.130577457561939 0
0.147429106733068 0
0.13700326268066 0
0.147696436067745 0
0.144785516645705 0
0.161251023444522 0
0.14093399400906 0
0.156488600852681 0
0.162726285328481 0
0.166161962333406 0
0.170657055590569 0
0.177607618292175 0
0.168013465503207 0
0.165062941735289 0
0.209370303686405 0
0.176775927028735 0
0.18414233536206 0
0.170053089315928 0
0.164458975460648 0
0.173300645677932 0
0.178290793258572 0
0.166082753641649 0
0.163627284197208 0
0.16461739284416 0
0.166617412311004 0
0.148637039282349 0
0.147914259970074 0
0.137112174631825 0
0.156270776950352 0
0.13533988015378 0
0.14447858296515 0
0.144637000348662 0
0.132547773769374 0
0.130993303193659 0
0.122161534062844 0
0.142023113520708 0
0.122805104683363 0
0.107200992407395 0
0.121973413419923 0
0.102141537221468 0
0.110597065066441 0
0.113052534510883 0
0.114904037680684 0
0.114607005086598 0
0.107735651076749 0
0.109884186840636 0
0.111923810653357 0
0.128923976121529 0
0.12703286860585 0
0.124161553529688 0
0.115290180052995 0
0.114943642026562 0
0.125933848007733 0
0.129785370644377 0
0.118913977700841 0
0.127745746831656 0
0.115696124598246 0
0.122646687299851 0
0.119666460272525 0
0.110260428126477 0
0.113280259499682 0
0.105121764248795 0
0.138023074587021 0
0.136735933345983 0
0.124389278518487 0
0.136735933345983 0
0.119211010294926 0
0.130389336919018 0
0.128805163083894 0
0.128537833749217 0
0.128765558738016 0
0.131676478160056 0
0.126161572996532 0
0.123250653574492 0
0.129864579336134 0
0.14572611986031 0
0.123785312243846 0
0.149092489259948 0
0.128765558738016 0
0.130013095633176 0
0.126428902331209 0
0.138933974542217 0
0.122428863397521 0
0.117854561448602 0
0.129864579336134 0
0.128577438095095 0
0.126696231665886 0
0.124498190469652 0
0.137686437647057 0
0.119666460272525 0
0.123973432886767 0
0.122349654705765 0
0.128508130489809 0
0.127072472951728 0
0.128765558738016 0
0.114488192048964 0
0.127557626188734 0
0.144557791656906 0
0.137270592015337 0
0.152340045621951 0
0.13035963365961 0
0.136627021394818 0
0.151547958704389 0
0.125290277387214 0
0.147656831721867 0
0.153656890122398 0
0.152904407550714 0
0.151963804336109 0
0.162231231005005 0
0.161627264730364 0
0.15694405083028 0
0.145122153585669 0
0.153696494468276 0
0.166617412311004 0
0.182746282169857 0
0.16212231905384 0
0.148637039282349 0
0.153468769479477 0
0.159815365906441 0
0.156755930187359 0
0.153884615111197 0
0.144785516645705 0
0.143310254761746 0
0.148448918639429 0
0.154567790077594 0
0.14531027422859 0
0.139726061459779 0
0.133151740044015 0
0.131339841220092 0
0.137646833301179 0
0.141122114651981 0
0.132052719445898 0
0.147201381744269 0
0.14134983964078 0
0.139834973410943 0
0.141191422257268 0
0.137914162635856 0
0.137310196361215 0
0.133300256341058 0
0.116309991959356 0
0.11914170268964 0
0.11498324637244 0
0.117854561448602 0
0.116458508256399 0
0.141191422257268 0
0.119517943975482 0
0.114418884443677 0
0.106785146775675 0
0.129151701110328 0
0.107200992407395 0
0.124052641578523 0
0.113656500785524 0
0.108448529302555 0
0.101953416578547 0
0.103309865424872 0
0.115210971361239 0
0.125072453484884 0
0.1120723269504 0
0.118379319031487 0
0.129716063039091 0
0.123597191600925 0
0.118983285306127 0
0.122914016634528 0
0.112864413867962 0
0.143835012344631 0
0.121854600382289 0
0.125260574127805 0
0.119706064618403 0
0.148181589304751 0
0.135379484499658 0
0.116003058278801 0
0.110339636818234 0
0.143389463453502 0
0.120458547190086 0
0.119745668964281 0
0.140290423388541 0
0.119775372223689 0
0.118082286437401 0
0.115131762669483 0
0.125518002376013 0
0.133032927006381 0
0.113626797526115 0
0.138547832169905 0
0.11747832016276 0
0.124082344837932 0
0.13326065199518 0
0.146706327420793 0
0.118834769009084 0
0.130092304324933 0
0.129676458693212 0
0.110795086795832 0
0.128052680512211 0
0.152864803204836 0
0.17001348497005 0
0.146785536112549 0
0.138735952812826 0
0.127745746831656 0
0.14447858296515 0
0.151844991298475 0
0.141419147246067 0
0.155023240055192 0
0.147577623030111 0
0.143270650415868 0
0.176775927028735 0
0.17417194128725 0
0.151052904380913 0
0.163330251603122 0
0.171973900091016 0
0.182023502857582 0
0.161854989719163 0
0.168508519826683 0
0.189657240525584 0
0.195241453294396 0
0.177300684611619 0
0.184746301636701 0
0.175528390133575 0
0.182667073478101 0
0.197885043381758 0
0.17832049651798 0
0.176855135720491 0
0.182934402812778 0
0.161934198410919 0
0.160755969121046 0
0.165369875415844 0
0.144854824250992 0
0.146864744804305 0
0.146785536112549 0
0.161973802756797 0
0.151993507595518 0
0.15381530750591 0
0.147538018684232 0
0.134280463901541 0
0.133983431307455 0
0.125409090424848 0
0.125894243661855 0
0.134023035653333 0
0.125290277387214 0
0.122498171002808 0
0.136131967071342 0
0.120607063487129 0
0.130884391242494 0
0.128092284858089 0
0.130389336919018 0
0.112864413867962 0
0.118607044020285 0
0.110527757461155 0
0.117735748410967 0
0.122953620980406 0
0.118953582046719 0
0.127745746831656 0
0.148637039282349 0
0.143458771058789 0
0.130577457561939 0
0.149389521854033 0
0.166954049250968 0
0.14965685118871 0
0.14342906779938 0
0.150369729414516 0
0.15256777061075 0
0.161557957125077 0
0.150528146798028 0
0.154419273780551 0
0.149924180523388 0
0.142745892832983 0
0.150557850057437 0
0.155132152006357 0
0.177756134589217 0
0.176320477051136 0
0.159132190940044 0
0.152716286907793 0
0.143617188442301 0
0.163894613531885 0
0.176023444457051 0
0.171716471842808 0
0.161478748433321 0
0.158419312714239 0
0.176884838979899 0
0.159815365906441 0
0.17167686749693 0
0.155250965043991 0
0.174736303216013 0
0.15754801710492 0
0.177191772660454 0
0.158686642048916 0
0.153132132539513 0
0.150557850057437 0
0.147052865447226 0
0.141191422257268 0
0.15403313140824 0
0.156835138879115 0
0.1552806683034 0
0.140438939685584 0
0.166726324262168 0
0.153547978171233 0
0.174775907561891 0
0.156043051961553 0
0.160082695241118 0
0.15423115313763 0
0.1654490841076 0
0.171300626211088 0
0.170657055590569 0
0.168122377454371 0
0.1654490841076 0
0.164082734174806 0
0.163290647257244 0
0.175488785787696 0
0.177835343280974 0
0.169072881755445 0
0.173449161974975 0
0.161627264730364 0
0.174657094524257 0
0.177756134589217 0
0.165706512355808 0
0.170201605612971 0
0.17748880525454 0
0.179874967093695 0
0.161973802756797 0
0.161746077767998 0
0.156191568258596 0
0.164458975460648 0
0.16170647342212 0
0.16461739284416 0
0.155627206329833 0
0.151359838061468 0
0.160726265861637 0
0.150785575046236 0
0.146785536112549 0
0.146637019815506 0
0.136963658334782 0
0.15048854245215 0
0.146072657886743 0
0.142854804784148 0
0.14157756462958 0
0.133834915010412 0
0.125409090424848 0
0.12121102976177 0
0.144290462322229 0
0.138627040861662 0
0.146448899172585 0
0.144141946025186 0
0.147240986090147 0
0.142023113520708 0
0.134399276939175 0
0.134963638867938 0
0.132052719445898 0
0.126280386034166 0
0.139042886493381 0
0.127518021842857 0
0.138587436515783 0
0.138438920218741 0
0.129409129358535 0
0.142369651547141 0
0.129448733704413 0
0.142141926558342 0
0.132468565077618 0
0.14259737653594 0
0.131824994457099 0
0.143042925427069 0
0.150825179392114 0
0.143082529772947 0
0.147914259970074 0
0.170765967541734 0
0.144597396002784 0
0.142706288487105 0
0.139419127779223 0
0.155854931318632 0
0.139726061459779 0
0.149577642496954 0
0.138478524564619 0
0.142785497178861 0
0.150943992429749 0
0.162993614663158 0
0.129755667384969 0
0.140478544031462 0
0.144250857976351 0
0.145498394871511 0
0.139795369065065 0
0.163855009186007 0
0.133864618269821 0
0.137983470241143 0
0.165251062378209 0
0.157775742093719 0
0.147538018684232 0
0.15403313140824 0
0.159478728966477 0
0.160835177812802 0
0.167072862288602 0
0.161399539741565 0
0.166498599273369 0
0.171716471842808 0
0.180706658357135 0
0.166805532953925 0
0.194756300057389 0
0.187914649306948 0
0.19037011875139 0
0.213677276300648 0
0.217073348959694 0
0.204310848500479 0
0.202083104044836 0
0.210281203641601 0
0.198380097705234 0
0.197776131430593 0
0.203974211560515 0
0.212469343751366 0
0.225835810485222 0
0.207786129851281 0
0.203895002868759 0
0.208766337411764 0
0.213449551311849 0
0.20117220408964 0
0.213944605635325 0
0.19161765564655 0
0.201023687792597 0
0.191924589327105 0
0.185617597246019 0
0.178696737803822 0
0.190073086157304 0
0.182330436538137 0
0.191548348041263 0
0.16710256554801 0
0.169300606744245 0
0.187498803675228 0
0.165894632998729 0
0.181874986560539 0
0.176399685742893 0
0.165221359118801 0
0.162835197279646 0
0.157775742093719 0
0.164122338520684 0
0.15652820519856 0
0.149805367485753 0
0.155854931318632 0
0.154944031363436 0
0.163142130960201 0
0.155547997638077 0
0.159399520274721 0
0.144221154716942 0
0.170805571887612 0
0.160835177812802 0
0.169369914349531 0
0.176023444457051 0
0.153468769479477 0
0.16835010244317 0
0.171221417519332 0
0.162231231005005 0
0.17084517623349 0
0.173983820644329 0
0.167260982931523 0
0.165251062378209 0
0.172201625079815 0
0.198568218348155 0
0.188221582987503 0
0.187082958043508 0
0.166617412311004 0
0.173221436986176 0
0.199360305265717 0
0.186063146137147 0
0.186667112411788 0
0.185013630971378 0
0.184023522324426 0
0.168845156766646 0
0.182775985429266 0
0.188637428619223 0
0.181874986560539 0
0.187310683032307 0
0.183795797335627 0
0.189389911190907 0
0.182518557181058 0
0.18746910041582 0
0.192637467552911 0
0.183577973433297 0
0.173191733726767 0
0.173409557629097 0
0.189914668773792 0
0.190181998108469 0
0.186894837400587 0
0.176360081397015 0
0.180627449665379 0
0.181498745274697 0
0.182142315895216 0
0.186785925449423 0
0.175983840111173 0
0.175567994479453 0
0.176399685742893 0
0.180023483390738 0
0.171567955545765 0
0.180548240973623 0
0.175261060798898 0
0.170736264282325 0
0.183686885384462 0
0.174815511907769 0
0.178924462792621 0
0.169112486101324 0
0.178360100863858 0
0.187726528664027 0
0.183082919109821 0
0.18206310720346 0
0.170162001267093 0
0.201251412781396 0
0.184102731016182 0
0.185231454873707 0
0.17790465088626 0
0.19411272943687 0
0.183231435406864 0
0.173409557629097 0
0.177003652017534 0
0.159478728966477 0
0.188974065559187 0
0.156458897593273 0
0.168280794837884 0
0.161369836482156 0
0.152795495599549 0
0.160914386504558 0
0.168538223086091 0
0.167785740514408 0
0.161557957125077 0
0.159251003977678 0
0.146785536112549 0
0.161518352779199 0
0.150557850057437 0
0.139646852768022 0
0.149993488128674 0
0.116418903910521 0
0.128201196809253 0
0.140973598354939 0
0.138706249553418 0
0.125141761090171 0
0.131032907539537 0
0.123636795946803 0
0.142141926558342 0
0.121933809074045 0
0.137716140906465 0
0.133151740044015 0
0.126121968650654 0
0.119329823332561 0
0.118003077745645 0
0.136320087714263 0
0.132696290066417 0
0.138102283278777 0
0.133112135698137 0
0.140587455982627 0
0.142518167844184 0
0.137310196361215 0
0.137716140906465 0
0.133339860686936 0
0.128013076166333 0
0.142785497178861 0
0.130884391242494 0
0.142478563498306 0
0.135607209488457 0
0.134696309533261 0
0.146033053540865 0
0.14924100555699 0
0.14447858296515 0
0.129221008715614 0
0.152033111941396 0
0.131527961863013 0
0.14342906779938 0
0.135191363856737 0
0.152755891253671 0
0.14033002773442 0
0.122270446014009 0
0.140666664674383 0
0.145201362277425 0
0.143042925427069 0
0.145874636157353 0
0.142557772190062 0
0.144250857976351 0
0.139795369065065 0
0.146706327420793 0
0.131072511885415 0
0.12162687539349 0
0.14489442859687 0
0.146290481789072 0
0.148448918639429 0
0.154379669434673 0
0.156874743224993 0
0.140102302745621 0
0.149349917508155 0
0.142290442855385 0
0.164122338520684 0
0.155468788946321 0
0.174815511907769 0
0.178290793258572 0
0.164310459163605 0
0.167181774239767 0
0.1787363421497 0
0.174241248892537 0
0.185954234185983 0
0.185201751614299 0
0.177152168314577 0
0.192261226267069 0
0.200944479100841 0
0.199320700919839 0
0.197251373847709 0
0.190974085026031 0
0.206835625550207 0
0.194221641388035 0
0.190330514405512 0
0.206013835373237 0
0.19950882156276 0
0.203776189831124 0
0.202687070319477 0
0.211073290559163 0
0.186825529795301 0
0.192221621921191 0
0.195885023914914 0
0.18331064409862 0
0.195736507617872 0
0.187429496069941 0
0.184330456004981 0
0.182370040884015 0
0.193924608793949 0
0.170508539293526 0
0.173379854369688 0
0.147468711078946 0
0.151092508726791 0
0.153429165133599 0
0.154003428148831 0
0.142973617821782 0
0.14840931429355 0
0.154112340099996 0
0.13450818889034 0
0.142369651547141 0
0.136478505097775 0
0.148934071876435 0
0.139953786448578 0
0.13284480636346 0
0.152904407550714 0
0.148904368617027 0
0.144518187311028 0
0.15090438808387 0
0.146072657886743 0
0.142666684141227 0
0.148825159925271 0
0.154528185731716 0
0.148260797996508 0
0.164765909141203 0
0.161518352779199 0
0.144934032942748 0
0.148904368617027 0
0.15361728577652 0
0.135834934477256 0
0.150369729414516 0
0.146745931766671 0
0.147468711078946 0
0.159587640917642 0
0.150033092474552 0
0.15879555400008 0
0.17500363255069 0
0.160270815884039 0
0.151844991298475 0
0.154072735754118 0
0.16585502865285 0
0.175191753193611 0
0.157250984510835 0
0.14965685118871 0
0.153736098814154 0
0.157508412759042 0
0.177944255232138 0
0.164429272201239 0
0.163330251603122 0
0.165142150427045 0
0.17500363255069 0
0.16378570158072 0
0.152825198858958 0
0.168657036123726 0
0.165290666724088 0
0.160953990850436 0
0.158458917060117 0
0.167825344860286 0
0.161746077767998 0
0.172320438117449 0
0.173261041332054 0
0.163597580937799 0
0.165785721047564 0
0.173637282617896 0
0.162726285328481 0
0.174696698870135 0
0.179874967093695 0
0.172696679403291 0
0.174815511907769 0
0.170320418650605 0
0.178964067138499 0
0.184706697290823 0
0.181756173522905 0
0.199855359589193 0
0.185914629840105 0
0.184409664696737 0
0.183795797335627 0
0.185162147268421 0
0.179874967093695 0
0.183459160395663 0
0.178211584566815 0
0.170350121910014 0
0.170884780579368 0
0.175449181441818 0
0.188518615581589 0
0.190904777420744 0
0.179231396473176 0
0.168954068717811 0
0.178548221506779 0
0.176399685742893 0
0.158944070297123 0
0.1612906277904 0
0.156231172604474 0
0.147993468661831 0
0.136815142037739 0
0.128656646786852 0
0.142290442855385 0
0.114607005086598 0
0.122082325371088 0
0.130320029313731 0
0.128884371775651 0
0.134359672593297 0
0.12287441228865 0
0.114676312691885 0
0.12994378802789 0
0.120834788475928 0
0.125557606721891 0
0.123062532931571 0
0.129973491287298 0
0.133032927006381 0
0.129636854347335 0
0.127141780557015 0
0.146597415469628 0
0.134399276939175 0
0.146518206777871 0
0.148557830590593 0
0.157092567127322 0
0.162231231005005 0
0.149577642496954 0
0.159399520274721 0
0.162389648388517 0
0.158043071428397 0
0.16004309089524 0
0.167637224217365 0
0.156904446484401 0
0.164310459163605 0
0.168657036123726 0
0.155656909589241 0
0.164270854817727 0
0.150409333760394 0
0.154637097682881 0
0.148825159925271 0
0.156567809544438 0
0.140775576625548 0
0.143122134118825 0
0.154835119412271 0
0.157439105153756 0
0.150221213117473 0
0.161330232136278 0
0.157587621450799 0
0.158043071428397 0
0.172845195700334 0
0.156607413890316 0
0.166013446036363 0
0.164805513487081 0
0.165973841690485 0
0.163973822223641 0
0.155092547660479 0
0.158835158345958 0
0.161775781027407 0
0.15361728577652 0
0.158003467082518 0
0.157399500807878 0
0.149696455534589 0
0.168092674194963 0
0.171340230556966 0
0.169142189360732 0
0.149577642496954 0
0.164458975460648 0
0.162993614663158 0
0.167676828563243 0
0.164270854817727 0
0.173716491309652 0
0.172132317474528 0
0.175488785787696 0
0.176736322682856 0
0.186102750483025 0
0.169904573018886 0
0.172468954414492 0
0.172360042463327 0
0.17042933060177 0
0.169973880624172 0
0.16212231905384 0
0.163023317922567 0
0.160914386504558 0
0.152597473870159 0
0.165557996058765 0
0.151656870655554 0
0.153052923847757 0
0.141914201569543 0
0.138854765850461 0
0.146864744804305 0
0.149161796865234 0
0.147201381744269 0
0.145805328552066 0
0.14965685118871 0
0.140141907091498 0
0.142745892832983 0
0.140627060328505 0
0.149508334891667 0
0.139874577756821 0
0.130240820621975 0
0.137686437647057 0
0.135112155164981 0
0.119399130937847 0
0.123102137277449 0
0.115319883312404 0
0.13409234325862 0
0.11997339395308 0
0.134359672593297 0
0.113468380142603 0
0.133983431307455 0
0.111884206307479 0
0.12121102976177 0
0.122616984040443 0
0.119933789607202 0
0.120191217855409 0
0.126656627320008 0
0.112448568236242 0
0.130993303193659 0
0.117854561448602 0
0.122389259051643 0
0.126428902331209 0
0.12620117734241 0
0.124498190469652 0
0.119290218986683 0
0.120161514596001 0
0.115290180052995 0
0.131716082505934 0
0.125864540402446 0
0.118151594042688 0
0.12079518413005 0
0.129032888072694 0
0.117933770140358 0
0.128844767429773 0
0.114646609432476 0
0.122646687299851 0
0.117735748410967 0
0.132211136829411 0
0.119933789607202 0
0.113171347548517 0
0.115290180052995 0
0.115022850718318 0
0.129448733704413 0
0.113052534510883 0
0.110111911829435 0
0.104072249083025 0
0.110597065066441 0
0.100666275337509 0
0.116874353888119 0
0.119399130937847 0
0.111547569367516 0
0.114676312691885 0
0.107656442384993 0
0.107577233693237 0
0.116458508256399 0
0.120498151535965 0
0.108864374934275 0
0.10855744125372 0
0.133379465032814 0
0.133151740044015 0
0.116983265839284 0
0.136478505097775 0
0.141122114651981 0
0.141458751591945 0
0.14946873054579 0
0.1592113996318 0
0.160419332181082 0
0.17250855876037 0
0.149696455534589 0
0.175716510776495 0
0.170162001267093 0
0.165290666724088 0
0.173944216298451 0
0.184815609241987 0
0.191241414360708 0
0.181350228977654 0
0.191993896932392 0
0.207974250494202 0
0.188785944916266 0
0.19950882156276 0
0.191389930657751 0
0.19120181001483 0
0.18164726157174 0
0.194261245733913 0
0.188785944916266 0
0.163211438565488 0
0.173033316343255 0
0.171369933816375 0
0.161894594065041 0
0.15569651393512 0
0.143835012344631 0
0.13700326268066 0
0.121517963442325 0
0.12786455986929 0
0.105200972940551 0
0.119171405949048 0
0.111923810653357 0
0.0882008074723796 0
0.0932998670041841 0
0.0942107669593802 0
0.087527533592452 0
0.0720422343541178 0
0.0831809566323314 0
0.0807650915337677 0
0.0854879097797303 0
0.0891117074275758 0
0.0925077800866223 0
0.096666236403822 0
0.101834603540913 0
0.0852205804450532 0
0.0927355050754213 0
0.0899037943451378 0
0.0865077216860912 0
0.101082120969229 0
0.101230637266272 0
0.118379319031487 0
0.113775313823158 0
0.106408905489833 0
0.119478339629604 0
0.113923830120201 0
0.121022909118849 0
0.126428902331209 0
0.126240781688288 0
0.136924053988903 0
0.123409070958004 0
0.139795369065065 0
0.144369671013985 0
0.155171756352235 0
0.141270630949024 0
0.153696494468276 0
0.170508539293526 0
0.180667054011257 0
0.177983859578016 0
0.174053128249616 0
0.170924384925246 0
0.178171980220937 0
0.177270981352211 0
0.181310624631776 0
0.171944196831607 0
0.189914668773792 0
0.186063146137147 0
0.196904835821275 0
0.201479137770195 0
0.18455818099378 0
0.189993877465548 0
0.184785905982579 0
0.197211769501831 0
0.198112768370557 0
0.191241414360708 0
0.188746340570388 0
0.200984083446719 0
0.192340434958825 0
0.193132521876387 0
0.19785534012235 0
0.183350248444498 0
0.192370138218234 0
0.190528536134902 0
0.187389891724064 0
0.185201751614299 0
0.184478972302024 0
0.193172126222265 0
0.193587971853985 0
0.200231600875035 0
0.171904592485729 0
0.187082958043508 0
0.19369688380515 0
0.182706677823979 0
0.180132395341903 0
0.18455818099378 0
0.181726470263496 0
0.194865212008554 0
0.172775888095047 0
0.179231396473176 0
0.193805795756314 0
0.181498745274697 0
0.184102731016182 0
0.187617616712863 0
0.179914571439573 0
0.186033442877739 0
0.18953842748795 0
0.181726470263496 0
0.176399685742893 0
0.180132395341903 0
0.173825403260817 0
0.178439309555614 0
0.176736322682856 0
0.178964067138499 0
0.165478787367008 0
0.170924384925246 0
0.167973861157328 0
0.150557850057437 0
0.159439124620599 0
0.143389463453502 0
0.150716267440949 0
0.146706327420793 0
0.139379523433345 0
0.137686437647057 0
0.134320068247419 0
0.134775518225017 0
0.133636893281022 0
0.130656666253695 0
0.138854765850461 0
0.14301322216766 0
0.142290442855385 0
0.134587397582096 0
0.141310235294902 0
0.140627060328505 0
0.145270669882712 0
0.139795369065065 0
0.132547773769374 0
0.140706269020261 0
0.133339860686936 0
0.129636854347335 0
0.157211380164957 0
0.148934071876435 0
0.156755930187359 0
0.155023240055192 0
0.160983694109845 0
0.157815346439598 0
0.162686680982603 0
0.159023278988879 0
0.164874821092368 0
0.168508519826683 0
0.163855009186007 0
0.164310459163605 0
0.157854950785476 0
0.17458778691897 0
0.1654490841076 0
0.17001348497005 0
0.180023483390738 0
0.179043275830255 0
0.162993614663158 0
0.181082899642977 0
0.176964047671655 0
0.170884780579368 0
0.182439348489302 0
0.171973900091016 0
0.184290851659103 0
0.188221582987503 0
0.180518537714214 0
0.174815511907769 0
0.187498803675228 0
0.185310663565464 0
0.183993819065017 0
0.187389891724064 0
0.209033666746441 0
0.188865153608023 0
0.193805795756314 0
0.183082919109821 0
0.194073125090992 0
0.203023707259441 0
0.199132580276918 0
0.200914775841432 0
0.192112709970026 0
0.196112748903714 0
0.200152392183279 0
0.200419721517956 0
0.19867713029932 0
0.203102915951197 0
0.200835567149676 0
0.200687050852633 0
0.198835547682832 0
0.212845585037208 0
0.201251412781396 0
0.208201975483001 0
0.2003405128262 0
0.201330621473152 0
0.217033744613816 0
0.202498949676556 0
0.21155844379617 0
0.209033666746441 0
0.212845585037208 0
0.206043538632645 0
0.21923178581005 0
0.202271224687757 0
0.200419721517956 0
0.200271205220913 0
0.193845400102193 0
0.194795904403267 0
0.169973880624172 0
0.177300684611619 0
0.177795738935095 0
0.172241229425693 0
0.171369933816375 0
0.149429126199911 0
0.170805571887612 0
0.148973676222313 0
0.148488522985307 0
0.148033073007709 0
0.143617188442301 0
0.143874616690509 0
0.139349820173937 0
0.146260778529664 0
0.129755667384969 0
0.129072492418572 0
0.137795349598221 0
0.13179529119769 0
0.135270572548493 0
0.151280629369712 0
0.141389443986658 0
0.159290608323557 0
0.14342906779938 0
0.145844932897944 0
0.148488522985307 0
0.15962724526352 0
0.141874597223665 0
0.144033034074021 0
0.152221232584317 0
0.168617431777847 0
0.151280629369712 0
0.158498521405995 0
0.169409518695409 0
0.169449123041287 0
0.161557957125077 0
0.169934276278294 0
0.163181735306079 0
0.171528351199887 0
0.158151983379561 0
0.176508597694057 0
0.173072920689133 0
0.183647281038584 0
0.182399744143424 0
0.183082919109821 0
0.184518576647902 0
0.185162147268421 0
0.176439290088771 0
0.185162147268421 0
0.185954234185983 0
0.190112690503182 0
0.196568198881312 0
0.195696903271993 0
0.197172165155952 0
0.192904796887588 0
0.201667258413116 0
0.198419702051112 0
0.194152333782748 0
0.204796001737485 0
0.203815794177003 0
0.193469158816351 0
0.18580571788894 0
0.205786110384438 0
0.192112709970026 0
0.193657279459272 0
0.201667258413116 0
0.188033462344582 0
0.205627693000925 0
0.199667238946272 0
0.195132541343231 0
0.19619195759547 0
0.199211788968674 0
0.196637506486598 0
0.200380117172078 0
0.192112709970026 0
0.190597843740189 0
0.194825607662675 0
0.187538408021106 0
0.185993838531861 0
0.185043334230786 0
0.1870532547841 0
0.181983898511704 0
0.180102692082494 0
0.174775907561891 0
0.193241433827552 0
0.186370079817703 0
0.183686885384462 0
0.189201790547986 0
0.191053293717787 0
0.200647446506755 0
0.1870532547841 0
0.196944440167153 0
0.197924647727636 0
0.196756319524232 0
0.195845419569036 0
0.197696922738837 0
0.191805776289471 0
0.182023502857582 0
0.179191792127298 0
0.197964252073514 0
0.182211623500503 0
0.180587845319501 0
0.172617470711535 0
0.183082919109821 0
0.17500363255069 0
0.171597658805174 0
0.182172019154625 0
0.157290588856713 0
0.161251023444522 0
0.159478728966477 0
0.14134983964078 0
0.161102507147479 0
0.155736118280998 0
0.148745951233514 0
0.155468788946321 0
0.141953805915421 0
0.144825120991583 0
0.133983431307455 0
0.143993429728143 0
0.129409129358535 0
0.133607190021613 0
0.132884410709338 0
0.132963619401094 0
0.147161777398391 0
0.14614196549203 0
0.146072657886743 0
0.155439085686912 0
0.142854804784148 0
0.154488581385838 0
0.159963882203484 0
0.145122153585669 0
0.154607394423472 0
0.160686661515759 0
0.154340065088795 0
0.157399500807878 0
0.160953990850436 0
0.157508412759042 0
0.150112301166308 0
0.146330086134951 0
0.159666849609398 0
0.160191607192283 0
0.154567790077594 0
0.146894448063713 0
0.153211341231269 0
0.167290686190931 0
0.151429145666755 0
0.159666849609398 0
0.153211341231269 0
0.162498560339682 0
0.150557850057437 0
0.166617412311004 0
0.152755891253671 0
0.173152129380889 0
0.170548143639404 0
0.172132317474528 0
0.158914367037715 0
0.158458917060117 0
0.17417194128725 0
0.168577827431969 0
0.170805571887612 0
0.184330456004981 0
0.164161942866562 0
0.173716491309652 0
0.174696698870135 0
0.160647057169881 0
0.178587825852657 0
0.178399705209736 0
0.183043314763943 0
0.176320477051136 0
0.185122542922543 0
0.181498745274697 0
0.193201829481674 0
0.177835343280974 0
0.183538369087419 0
0.198568218348155 0
0.188033462344582 0
0.191469139349507 0
0.197023648858909 0
0.204607881094564 0
0.197736527084715 0
0.195924628260792 0
0.194221641388035 0
0.208469304817678 0
0.201102896484353 0
0.208271283088288 0
0.19909297593104 0
0.183993819065017 0
0.191132502409543 0
0.196033540211957 0
0.190597843740189 0
0.196112748903714 0
0.187538408021106 0
0.184439367956145 0
0.190300811146103 0
0.186518596114746 0
0.184706697290823 0
0.186409684163581 0
0.184706697290823 0
0.197924647727636 0
0.175716510776495 0
0.162350044042639 0
0.163211438565488 0
0.166617412311004 0
0.166429291668083 0
0.16420154721244 0
0.176132356408216 0
0.165825325393442 0
0.164914425438246 0
0.16483521674649 0
0.168429311134927 0
0.169072881755445 0
0.182706677823979 0
0.161399539741565 0
0.158231192071317 0
0.165894632998729 0
0.147884556710666 0
0.14905288491407 0
0.144369671013985 0
0.146072657886743 0
0.155132152006357 0
0.165142150427045 0
0.165637204750521 0
0.168241190492006 0
0.168617431777847 0
0.162835197279646 0
0.170350121910014 0
0.16004309089524 0
0.159815365906441 0
0.162458955993804 0
0.167409499228566 0
0.168013465503207 0
0.183538369087419 0
0.171449142508131 0
0.177607618292175 0
0.168914464371933 0
0.169072881755445 0
0.174924423858934 0
0.180330417071293 0
0.173825403260817 0
0.186251266780068 0
0.174280853238415 0
0.176053147716459 0
0.181419536582941 0
0.178132375875059 0
0.166161962333406 0
0.164874821092368 0
0.169330310003653 0
0.17790465088626 0
0.172389745722736 0
0.171528351199887 0
0.173261041332054 0
0.170132298007685 0
0.170548143639404 0
0.174815511907769 0
0.177607618292175 0
0.169142189360732 0
0.168161981800249 0
0.161815385373285 0
0.164498579806526 0
0.165785721047564 0
0.168726343729012 0
0.172845195700334 0
0.16876594807489 0
0.17748880525454 0
0.190033481811426 0
0.180855174654178 0
0.187954253652826 0
0.191736468684184 0
0.193617675113394 0
0.194984025046188 0
0.198489009656399 0
0.198271185754069 0
0.21114259816445 0
0.214172330624124 0
0.204310848500479 0
0.213568364349483 0
0.213409946965971 0
0.217905040223134 0
0.223004099754939 0
0.210390115592766 0
0.217905040223134 0
0.215716900113369 0
0.217231766343206 0
0.210954477521529 0
0.210013874306924 0
0.218964456475373 0
0.228934850550183 0
0.213677276300648 0
0.224518965984776 0
0.215449570778692 0
0.21239013505961 0
0.217261469602615 0
0.206875229896085 0
0.202607861627721 0
0.19929099766043 0
0.195548386974951 0
0.198191977062313 0
0.17625116944585 0
0.18622156352066 0
0.174775907561891 0
0.183082919109821 0
0.169934276278294 0
0.163102526614323 0
0.176439290088771 0
0.169072881755445 0
0.16212231905384 0
0.16045893652696 0
0.163478767900165 0
0.153508373825355 0
0.160270815884039 0
0.16045893652696 0
0.15423115313763 0
0.161746077767998 0
0.170617451244691 0
0.173191733726767 0
0.168696640469604 0
0.167488707920322 0
0.158458917060117 0
0.171528351199887 0
0.170696659936447 0
0.172201625079815 0
0.170350121910014 0
0.172577866365657 0
0.181310624631776 0
0.164350063509483 0
0.176964047671655 0
0.158567829011281 0
0.171973900091016 0
0.161666869076242 0
0.163142130960201 0
0.164389667855361 0
0.1592113996318 0
0.169637243684208 0
0.16585502865285 0
0.164874821092368 0
0.167142169893888 0
0.169221398052488 0
0.157478709499634 0
0.168161981800249 0
0.172429350068614 0
0.169904573018886 0
0.159815365906441 0
0.15444897703996 0
0.164429272201239 0
0.16004309089524 0
0.165825325393442 0
0.147280590436025 0
0.166429291668083 0
0.15879555400008 0
0.1571321714732 0
0.157478709499634 0
0.157478709499634 0
0.150557850057437 0
0.15256777061075 0
0.15256777061075 0
0.145617207909145 0
0.14924100555699 0
0.169637243684208 0
0.154835119412271 0
0.153696494468276 0
0.159934178944076 0
0.157736137747841 0
0.17583532381413 0
0.172884800046212 0
0.174280853238415 0
0.185766113543062 0
0.181498745274697 0
0.188677032965101 0
0.188033462344582 0
0.194865212008554 0
0.189429515536785 0
0.197132560810074 0
0.194825607662675 0
0.202914795308276 0
0.202043499698958 0
0.208162371137123 0
0.204271244154601 0
0.200083084577992 0
0.201399929078439 0
0.208201975483001 0
0.204162332203436 0
0.192756280590545 0
0.191696864338306 0
0.197696922738837 0
0.185835421148348 0
0.172657075057413 0
0.175528390133575 0
0.166201566679284 0
0.174429369535458 0
0.171221417519332 0
0.156151963912718 0
0.146518206777871 0
0.152825198858958 0
0.141191422257268 0
0.135795330131378 0
0.127220989248771 0
0.130844786896616 0
0.126240781688288 0
0.13242896073174 0
0.112567381273876 0
0.119587251580768 0
0.110795086795832 0
0.111319844378716 0
0.115319883312404 0
0.122834807942772 0
0.122537775348686 0
0.126428902331209 0
0.129676458693212 0
0.135112155164981 0
0.139151798444546 0
0.134735913879139 0
0.14614196549203 0
0.143349859107624 0
0.140627060328505 0
0.153429165133599 0
0.14572611986031 0
0.139607248422144 0
0.150676663095071 0
0.166765928608047 0
0.165142150427045 0
0.16668671991629 0
0.167142169893888 0
0.157399500807878 0
0.170765967541734 0
0.162310439696761 0
0.1766571139911 0
0.165102546081167 0
0.166845137299803 0
0.170468934947648 0
0.174775907561891 0
0.174211545633128 0
0.177270981352211 0
0.188033462344582 0
0.179686846450774 0
0.181726470263496 0
0.186934441746465 0
0.175567994479453 0
0.181350228977654 0
0.180171999687781 0
0.166914444905089 0
0.183231435406864 0
0.171409538162253 0
0.174775907561891 0
0.166805532953925 0
0.171409538162253 0
0.171864988139851 0
0.167637224217365 0
0.179419517116097 0
0.173567975012609 0
0.175528390133575 0
0.172993711997377 0
0.175033335810099 0
0.170765967541734 0
0.174657094524257 0
0.177607618292175 0
0.176696718336978 0
0.165369875415844 0
0.183954214719139 0
0.183577973433297 0
0.138023074587021 0
0.142141926558342 0
0.13927061148218 0
0.166310478630449 0
0.151547958704389 0
0.160498540872838 0
0.144706307953949 0
0.166468896013961 0
0.142478563498306 0
0.150755871786827 0
0.151132113072669 0
0.138399315872862 0
0.149161796865234 0
0.146181569837908 0
0.151171717418548 0
0.134775518225017 0
0.143726100393466 0
0.136290384454854 0
0.13617157141722 0
0.13617157141722 0
0.103686106710714 0
0.124656607853164 0
0.0976068396184267 0
0.126765539271173 0
0.116270387613478 0
0.117517924508638 0
0.101993020924425 0
0.126884352308807 0
0.115894146327636 0
0.117329803865717 0
0.0926959007295431 0
0.0995375514799837 0
0.0906958812626995 0
0.106933663072718 0
0.0951513701739849 0
0.116191178921722 0
0.116913958233997 0
0.0970820820355421 0
0.0981018939419029 0
0.103200953473707 0
0.0939830419705812 0
0.100973209018065 0
0.102250449172633 0
0.096438511415023 0
0.0903196399768576 0
0.113854522514914 0
0.0899037943451378 0
0.120913997167684 0
0.0988939808594648 0
0.0870324792689759 0
0.0921711431466585 0
0.111775294356315 0
0.102141537221468 0
0.0857453380279378 0
0.0974187189755059 0
0.115022850718318 0
0.103953436045391 0
0.0951117658281068 0
0.0932305593988974 0
0.0954186995086621 0
0.088319620510014 0
0.106408905489833 0
0.0851116684938883 0
0.0914483638343832 0
0.0971513896408288 0
0.0953097875574972 0
0.0818938153912933 0
0.0944780962940573 0
0.105092060989386 0
0.110795086795832 0
0.0882404118182577 0
0.100666275337509 0
0.109804978148879 0
0.0893394324163748 0
0.0717353006735625 0
0.086200788005536 0
0.100290034051668 0
0.105240577286429 0
0.0927751094212994 0
0.087072083614854 0
0.096893961392621 0
0.0986662558706656 0
0.0828740229517761 0
0.106864355467431 0
0.094775128888143 0
0.0935671963388612 0
0.103012832830786 0
0.094547403899344 0
0.0979533776448601 0
0.102854415447274 0
0.0995375514799837 0
0.113775313823158 0
0.108369320610798 0
0.11581493763588 0
0.103121744781951 0
0.105993059858113 0
0.101765295935626 0
0.109844582494757 0
0.118418923377365 0
0.0953790951627839 0
0.113092138856761 0
0.134696309533261 0
0.122834807942772 0
0.125636815413647 0
0.130805182550738 0
0.130963599934251 0
0.116795145196363 0
0.133379465032814 0
0.109468341208916 0
0.0976068396184267 0
0.0967751483549868 0
0.110111911829435 0
0.110339636818234 0
0.120418942844208 0
0.0993098264911847 0
0.10459700666591 0
0.0979830809042687 0
0.111359448724594 0
0.0910325182026633 0
0.087527533592452 0
0.0900919149880586 0
0.0924681757407442 0
0.0769828765024099 0
0.0643292879943592 0
0.0696560725149627 0
0.0606658860006356 0
0.066448120498837 0
0.0712105430906779 0
0.0571906046498328 0
0.0488835931019029 0
0.0492598343877448 0
0.0523984787985836 0
0.0336656231982456 0
0.0394082533505691 0
0.0346854351046065 0
0.0366062458796941 0
0.040804306542772 0
0.0367250589173283 0
0.0474083312179439 0
0.0326458112918848 0
0.0439330498671412 0
0.0502103386888189 0
0.051269754941058 0
0.0467746616838945 0
0.0463192117062963 0
0.0461310910633754 0
0.0502796462941056 0
0.0521707538097846 0
0.0598737990830736 0
0.0406854935051376 0
0.0451112791570145 0
0.0469627823268153 0
0.0462400030145402 0
0.0528935331220597 0
0.0529232363814682 0
0.0613886653129107 0
0.0515667875351437 0
0.0474083312179439 0
0.0522895668474188 0
0.0491113180907019 0
0.057646054627431 0
0.0417053054114986 0
0.0543291906601407 0
0.0565569351157833 0
0.0596856784401527 0
0.0509628212605028 0
0.0466558486462601 0
0.0641114640920296 0
0.0588143828308347 0
0.0610817316323554 0
0.0611213359782335 0
0.0511113375575455 0
0.0509232169146246 0
0.0530420494191026 0
0.0565173307699052 0
0.0604381610118366 0
0.0592302284625548 0
0.0733194745086863 0
0.0603292490606718 0
0.0645570129831582 0
0.0652401879495552 0
0.0751016700732005 0
0.0713590593877206 0
0.0831809566323314 0
0.0807254871878896 0
0.0708640050642445 0
0.0786462590292897 0
0.0781908090516918 0
0.0889235867846549 0
0.0856364260767732 0
0.103874227353635 0
0.110636669412319 0
0.0989335852053428 0
0.103686106710714 0
0.103200953473707 0
0.111359448724594 0
0.115775333290002 0
0.124052641578523 0
0.12287441228865 0
0.130508149956653 0
0.126844747962929 0
0.133983431307455 0
0.137191383323581 0
0.133527981329857 0
0.133834915010412 0
0.133527981329857 0
0.126310089293575 0
0.129904183682012 0
0.125220969781927 0
0.130013095633176 0
0.120686272178885 0
0.113923830120201 0
0.117547627768047 0
0.105468302275228 0
0.103200953473707 0
0.100478154694588 0
0.0977949602613476 0
0.0898641899992596 0
0.0741511657721262 0
0.0823888697147694 0
0.0759630645960489 0
0.0710521257071653 0
0.0639134423626391 0
0.0572698133415891 0
0.0512301505951799 0
0.0603688534065499 0
0.0521311494639065 0
0.0499034050082637 0
0.0443884998447394 0
0.0496360756735865 0
0.0566658470669481 0
0.0465469366950953 0
0.0477944735902552 0
0.0473390236126573 0
0.0541707732766282 0
0.0603688534065499 0
0.0570816926986682 0
0.0571212970445461 0
0.0677352617398751 0
0.0666758454876362 0
0.068566953003315 0
0.0667550541793922 0
0.0763096026224823 0
0.0706758844213234 0
0.0695471605637979 0
0.077289810182965 0
0.0709036094101226 0
0.0793987416009736 0
0.0798145872326934 0
0.0829532316435324 0
0.0771016895400441 0
0.0807254871878896 0
0.0822007490718486 0
0.0758937569907623 0
0.0798145872326934 0
0.0835571979181733 0
0.0885077411529349 0
0.0909236062514985 0
0.0789135883639668 0
0.0812502447707743 0
0.0738541331780405 0
0.0879730824835806 0
0.0829532316435324 0
0.076685843908324 0
0.0896364650104604 0
0.0851413717532969 0
0.0798937959244497 0
0.0865374249454998 0
0.0843888891816132 0
0.0797056752815286 0
0.0840126478957713 0
0.0845770098245341 0
0.0812502447707743 0
0.0826859023088553 0
0.0917949018608166 0
0.0937157126359041 0
0.084537405478656 0
0.0843492848357351 0
0.0941315582676242 0
0.0953790951627839 0
0.0844680978733693 0
0.0920919344549022 0
0.0977553559154697 0
0.10542869792935 0
0.0986662558706656 0
0.104745522962953 0
0.106032664203991 0
0.10376531540247 0
0.113171347548517 0
0.119369427678439 0
0.116527815861686 0
0.122121929716966 0
0.118953582046719 0
0.129488338050292 0
0.130280424967853 0
0.135379484499658 0
0.133755706318656 0
0.135943846428421 0
0.144102341679308 0
0.142409255893019 0
0.13825079957582 0
0.140706269020261 0
0.137458712658258 0
0.135795330131378 0
0.13741910831238 0
0.145686515514432 0
0.139379523433345 0
0.133339860686936 0
0.135983450774299 0
0.127369505545814 0
0.124914036101372 0
0.130617061907817 0
0.132884410709338 0
0.125329881733092 0
0.118498132069121 0
0.127636834880491 0
0.129755667384969 0
0.125141761090171 0
0.127597230534613 0
0.123369466612126 0
0.124013037232645 0
0.138627040861662 0
0.130131908670811 0
0.136547812703062 0
0.133716101972778 0
0.125102156744293 0
0.126993264259972 0
0.132171532483532 0
0.132131928137654 0
0.124656607853164 0
0.125260574127805 0
0.129716063039091 0
0.124310069826731 0
0.132092323791776 0
0.124656607853164 0
0.126121968650654 0
0.128161592463375 0
0.124349674172609 0
0.118151594042688 0
0.11914170268964 0
0.120953601513562 0
0.102596987199066 0
0.115587212647081 0
0.115062455064196 0
0.109468341208916 0
0.102220745913224 0
0.107200992407395 0
0.10709208045623 0
0.0933790756959403 0
0.101497966600949 0
0.0989731895512209 0
0.0946266125911003 0
0.108369320610798 0
0.108597045599597 0
0.094547403899344 0
0.104894039259996 0
0.102408866556146 0
0.103686106710714 0
0.101953416578547 0
0.0961711820803459 0
0.099161310194142 0
0.103913831699513 0
0.10002270471699 0
0.0951513701739849 0
0.0931513507071413 0
0.112032722604522 0
0.103537590413671 0
0.101458362255071 0
0.105468302275228 0
0.103686106710714 0
0.107656442384993 0
0.104260369725946 0
0.0953790951627839 0
0.0982108058930677 0
0.0967355440091087 0
0.100745484029266 0
0.093676108290026 0
0.102032625270304 0
0.0971909939867067 0
0.0948147332340211 0
0.101834603540913 0
0.108369320610798 0
0.101646482897992 0
0.102032625270304 0
0.0913394518832186 0
0.100626670991631 0
0.0990028928106294 0
0.097686048310183 0
0.104745522962953 0
0.104032644737147 0
0.109547549900672 0
0.117735748410967 0
0.123220950315083 0
0.123478378563291 0
0.123636795946803 0
0.117775352756846 0
0.107616838039115 0
0.117547627768047 0
0.111884206307479 0
0.126013056699489 0
0.122498171002808 0
0.129300217407371 0
0.1315972694683 0
0.125597211067769 0
0.123824916589724 0
0.124240762221444 0
0.130577457561939 0
0.123824916589724 0
0.114339675751921 0
0.118082286437401 0
0.109507945554794 0
0.108903979280153 0
0.108636649945476 0
0.113052534510883 0
0.0987058602165438 0
0.109052495577196 0
0.100666275337509 0
0.0940226463164594 0
0.106448509835711 0
0.101577175292706 0
0.0933790756959403 0
0.0879037748782939 0
0.0866958423290121 0
0.0915275725261394 0
0.0793294339956869 0
0.0908146943003337 0
0.0829532316435324 0
0.0941315582676242 0
0.095794940794504 0
0.0847651304674552 0
0.0914879681802613 0
0.088775070487612 0
0.0871809955660188 0
0.0845770098245341 0
0.0926265931242565 0
0.093676108290026 0
0.0924384724813356 0
0.0974187189755059 0
0.084537405478656 0
0.102705899150231 0
0.0947355245422651 0
0.0930424387559765 0
0.0922800550978233 0
0.0942899756511365 0
0.0939830419705812 0
0.0937949213276604 0
0.0906166725709433 0
0.0876760498894949 0
0.0876760498894949 0
0.0874879292465741 0
0.102478174161432 0
0.0859334586708589 0
0.095794940794504 0
0.0796264665897726 0
0.0823096610230134 0
0.0878245661865377 0
0.0785373470781249 0
0.0800423122214924 0
0.0801215209132487 0
0.0883889281153007 0
0.085329492396218 0
0.0829136272976543 0
0.087527533592452 0
0.0832601653240874 0
0.0861314804002493 0
0.0882800161641359 0
0.0687946779921142 0
0.074943252689688 0
0.086428512994335 0
0.0910721225485415 0
0.0901315193339367 0
0.086844358626055 0
0.0827255066547332 0
0.0867651499342988 0
0.0900127062963024 0
0.0815967827972076 0
0.0903196399768576 0
0.0848047348133331 0
0.0925869887783786 0
0.0937949213276604 0
0.0908146943003337 0
0.104557402320032 0
0.0982108058930677 0
0.107993079324957 0
0.105092060989386 0
0.115171367015361 0
0.116498112602277 0
0.116111970229966 0
0.121022909118849 0
0.111428756329881 0
0.117626836459803 0
0.121290238453526 0
0.121854600382289 0
0.115696124598246 0
0.12495364044725 0
0.115478300695916 0
0.123597191600925 0
0.118042682091523 0
0.125102156744293 0
0.13077547929133 0
0.13201311510002 0
0.127676439226369 0
0.122310050359887 0
0.116567420207564 0
0.109923791186514 0
0.111507965021637 0
0.107280201099151 0
0.0940622506623375 0
0.0984781352277448 0
0.10501285229763 0
0.0961711820803459 0
0.0870324792689759 0
0.0861611836596579 0
0.0865077216860912 0
0.0804581578532125 0
0.0751016700732005 0
0.0895968606645825 0
0.084953251110376 0
0.084309680489857 0
0.0795175546386078 0
0.0790621046610098 0
0.0631609597909553 0
0.073695715794528 0
0.0696164681690845 0
0.0656164292353971 0
0.0687946779921142 0
0.0743392864150471 0
0.0690917105861999 0
0.0658441542241961 0
0.0804977621990906 0
0.0737353201404061 0
0.0836760109558075 0
0.0811017284737315 0
0.0880522911753369 0
0.0817452990942506 0
0.0808740034849326 0
0.067467932405198 0
0.0844680978733693 0
0.0798145872326934 0
0.0899830030368938 0
0.0797848839732849 0
0.0734382875463205 0
0.0733986832004423 0
0.0646758260207924 0
0.0791017090068877 0
0.067240207416399 0
0.088775070487612 0
0.088775070487612 0
0.0761214819795613 0
0.0696164681690845 0
0.0808343991390544 0
0.0676164487022409 0
0.0846958228621685 0
0.078725467721046 0
0.0780026884087707 0
0.0919038138119814 0
0.0761907895848479 0
0.103052437176665 0
0.087527533592452 0
0.0996068590852704 0
0.0948543375798993 0
0.0961315777344678 0
0.0978345646072257 0
0.0973098070243411 0
0.0991217058482638 0
0.11539909200416 0
0.103725711056592 0
0.102032625270304 0
0.110903998746997 0
0.105656422918149 0
0.117517924508638 0
0.128428921798053 0
0.11664662889932 0
0.124310069826731 0
0.134280463901541 0
0.154795515066393 0
0.150864783737992 0
0.162647076636725 0
0.156043051961553 0
0.145429087266224 0
0.15444897703996 0
0.170548143639404 0
0.158835158345958 0
0.156983655176158 0
0.174736303216013 0
0.163478767900165 0
0.174053128249616 0
0.152676682561915 0
0.154340065088795 0
0.155924238923919 0
0.158647037703038 0
0.16503323847588 0
0.16004309089524 0
0.149884576177509 0
0.14924100555699 0
0.146181569837908 0
0.142666684141227 0
0.160953990850436 0
0.161934198410919 0
0.141389443986658 0
0.147310293695433 0
0.135112155164981 0
0.140369632080298 0
0.15361728577652 0
0.15132023371559 0
0.131904203148855 0
0.142330047201263 0
0.148904368617027 0
0.142141926558342 0
0.145201362277425 0
0.145498394871511 0
0.149508334891667 0
0.129636854347335 0
0.139349820173937 0
0.122310050359887 0
0.144290462322229 0
0.130844786896616 0
0.140973598354939 0
0.135230968202615 0
0.134359672593297 0
0.135112155164981 0
0.13658741704894 0
0.142934013475904 0
0.129181404369736 0
0.143122134118825 0
0.140587455982627 0
0.150151905512187 0
0.142250838509507 0
0.13284480636346 0
0.146706327420793 0
0.148637039282349 0
0.149884576177509 0
0.146033053540865 0
0.148557830590593 0
0.146637019815506 0
0.146894448063713 0
0.149953883782796 0
0.149132093605826 0
0.147122173052512 0
0.160795573466924 0
0.163330251603122 0
0.162498560339682 0
0.160953990850436 0
0.161399539741565 0
0.149508334891667 0
0.147349898041312 0
0.15879555400008 0
0.156379688901517 0
0.158003467082518 0
0.145914240503231 0
0.159439124620599 0
0.149429126199911 0
0.153320253182434 0
0.151201420677956 0
0.150340026155108 0
0.147577623030111 0
0.155656909589241 0
0.15132023371559 0
0.147993468661831 0
0.158003467082518 0
0.158340104022482 0
0.156191568258596 0
0.165330271069966 0
0.162310439696761 0
0.168845156766646 0
0.165746116701686 0
0.158983674643001 0
0.179003671484377 0
0.166617412311004 0
0.169369914349531 0
0.171488746854009 0
0.173825403260817 0
0.175865027073538 0
0.173033316343255 0
0.192370138218234 0
0.186785925449423 0
0.18372648973034 0
0.185310663565464 0
0.178023463923895 0
0.178924462792621 0
0.192488951255868 0
0.179528429067262 0
0.185498784208385 0
0.187122562389386 0
0.181983898511704 0
0.177835343280974 0
0.174320457584293 0
0.171785779448095 0
0.169142189360732 0
0.169033277409568 0
0.168577827431969 0
0.164538184152404 0
0.153171736885391 0
0.157666830142555 0
0.1654490841076 0
0.149161796865234 0
0.157092567127322 0
0.160152002846405 0
0.160686661515759 0
0.148072677353587 0
0.144330066668107 0
0.148260797996508 0
0.151924199990231 0
0.152379649967829 0
0.147844952364788 0
0.155656909589241 0
0.152864803204836 0
0.153280648836556 0
0.14965685118871 0
0.151132113072669 0
0.162726285328481 0
0.172657075057413 0
0.164914425438246 0
0.164993634130002 0
0.159934178944076 0
0.180855174654178 0
0.175033335810099 0
0.184815609241987 0
0.175567994479453 0
0.182627469132223 0
0.17583532381413 0
0.176924443325777 0
0.190528536134902 0
0.181350228977654 0
0.173904611952573 0
0.174320457584293 0
0.176884838979899 0
0.175716510776495 0
0.181726470263496 0
0.183191831060986 0
0.189310702499151 0
0.175607598825331 0
0.18538987225722 0
0.181954195252295 0
0.180439329022458 0
0.173944216298451 0
0.176855135720491 0
0.186409684163581 0
0.183122523455699 0
0.177607618292175 0
0.192716676244667 0
0.199360305265717 0
0.182370040884015 0
0.192756280590545 0
0.183082919109821 0
0.185122542922543 0
0.190409723097268 0
0.192825588195832 0
0.196231561941348 0
0.202192015996001 0
0.191736468684184 0
0.1849740266255 0
0.198904855288119 0
0.180894779000056 0
0.187726528664027 0
0.193469158816351 0
0.186785925449423 0
0.190677052431945 0
0.184478972302024 0
0.175072940155977 0
0.184597785339658 0
0.183162127801577 0
0.187726528664027 0
0.184251247313225 0
0.183795797335627 0
0.1849740266255 0
0.197508802095916 0
0.180251208379537 0
0.192785983849954 0
0.205706901692682 0
0.186825529795301 0
0.183498764741541 0
0.191578051300672 0
0.186142354828904 0
0.193469158816351 0
0.187538408021106 0
0.215637691421613 0
0.201439533424317 0
0.200191996529157 0
0.202271224687757 0
0.188330494938668 0
0.203518761582917 0
0.18829089059279 0
0.178023463923895 0
0.192112709970026 0
0.185686904851305 0
0.192261226267069 0
0.188261187333382 0
0.198300889013478 0
0.186142354828904 0
0.196568198881312 0
0.187082958043508 0
0.184706697290823 0
0.207895041802446 0
0.194340454425669 0
0.200528633469121 0
0.200083084577992 0
0.205211847369205 0
0.206805922290799 0
0.200795962803798 0
0.201776170364281 0
0.203172223556483 0
0.215944625102169 0
0.222518946517932 0
0.21923178581005 0
0.202954399654154 0
0.216132745745089 0
0.220627839002253 0
0.224667482281819 0
0.230746749374106 0
0.22504372356766 0
0.223687274721336 0
0.228063554940865 0
0.234033910081987 0
0.235657688262989 0
0.226023931128143 0
0.224558570330654 0
0.247212256172923 0
0.231578440637546 0
0.244004304156797 0
0.237053741455192 0
0.245588477991921 0
0.234756689394263 0
0.244380545442639 0
0.242271614024631 0
0.236528983872307 0
0.244915204111994 0
0.242311218370509 0
0.23792503706451 0
0.245746895375433 0
0.253677665637522 0
0.246687498590038 0
0.241895372738789 0
0.224142724698934 0
0.23542996327419 0
0.261113381576134 0
0.23584580890591 0
0.26470747596457 0
0.237964641410388 0
0.236984433849905 0
0.233994305736109 0
0.236865620812271 0
0.233132911213261 0
0.232598252543907 0
0.231885374318101 0
0.224370449687733 0
0.22504372356766 0
0.23626165453763 0
0.229994266802422 0
0.235657688262989 0
0.21072675253273 0
0.217192161997328 0
0.218172369557811 0
0.218776335832452 0
0.212657464394287 0
0.230330903742386 0
0.225311052902338 0
0.215261450135771 0
0.21673671201973 0
0.235925017597666 0
0.229350696181903 0
0.211934685082012 0
0.212657464394287 0
0.213112914371885 0
0.210241599295723 0
0.212994101334251 0
0.21155844379617 0
0.202192015996001 0
0.219796147738813 0
0.209706940626369 0
0.214617879515252 0
0.218172369557811 0
0.233202218818548 0
0.22296449540906 0
0.222063496540334 0
0.228033851681456 0
0.235241842631269 0
0.228103159286743 0
0.222855583457896 0
0.219835752084691 0
0.229122971193104 0
0.23750919143279 0
0.239697331542555 0
0.238984453316749 0
0.233053702521505 0
0.237321070789869 0
0.237736916421589 0
0.236113138240587 0
0.227875434297944 0
0.243133008547479 0
0.235360655668904 0
0.226667501748662 0
0.237548795778668 0
0.23542996327419 0
0.237845828372754 0
0.222518946517932 0
0.221340717228059 0
0.223231824743738 0
0.219112972772416 0
0.224103120353056 0
0.227043743034504 0
0.222895187803774 0
0.222400133480298 0
0.232261615603943 0
0.22545956919938 0
0.225954623522856 0
0.23233092320923 0
0.234073514427866 0
0.234568568751342 0
0.234905205691305 0
0.235697292608867 0
0.249479604974444 0
0.241479527107069 0
0.246043927969519 0
0.235657688262989 0
0.247251860518801 0
0.24083595648655 0
0.240073572828397 0
0.237657707729833 0
0.246123136661275 0
0.245895411672476 0
0.232598252543907 0
0.240231990211909 0
0.241132989080636 0
0.24000426522311 0
0.248271672425162 0
0.22277637476614 0
0.233321031856182 0
0.23169725367518 0
0.224746690973575 0
0.226816018045705 0
0.228410092967298 0
0.220291202062289 0
0.217419886986128 0
0.231162595005826 0
0.221340717228059 0
0.217944644569012 0
0.222548649777341 0
0.203558365928795 0
0.209409908032283 0
0.204994023466876 0
0.217756523926091 0
0.212350530713732 0
0.215340658827528 0
0.213112914371885 0
0.207637613554238 0
0.203439552891161 0
0.213340639360684 0
0.209865358009881 0
0.210885169916242 0
0.218736731486574 0
0.21322182632305 0
0.224855602924739 0
0.216132745745089 0
0.2024197409848 0
0.217380282640249 0
0.208390096125922 0
0.221984287848578 0
0.224815998578861 0
0.219716939047057 0
0.222736770420261 0
0.221499134611571 0
0.204875210429242 0
0.216281262042132 0
0.210538631889809 0
0.222588254123219 0
0.22421203230422 0
0.223568461683701 0
0.211865377476725 0
0.230677441768819 0
0.217835732617847 0
0.219756543392935 0
0.227311072369181 0
0.227231863677425 0
0.229014059241939 0
0.218320885854854 0
0.216815920711487 0
0.225499173545258 0
0.216627800068566 0
0.223914999710135 0
0.218736731486574 0
0.214508967564088 0
0.222895187803774 0
0.235776501300624 0
0.23252894493862 0
0.224855602924739 0
0.23128140804346 0
0.233845789439067 0
0.242420130321674 0
0.246875619232959 0
0.232825977532706 0
0.241439922761191 0
0.252509337434118 0
0.245776598634842 0
0.255073718829724 0
0.242192405332875 0
0.247667706150521 0
0.256657892664848 0
0.265232233547455 0
0.267608494300141 0
0.258093550202929 0
0.255568773153201 0
0.268103548623617 0
0.263945092306417 0
0.278262063341348 0
0.262360918471293 0
0.27384617877594 0
0.270479809376303 0
0.277737305758463 0
0.273885783121818 0
0.276598680814468 0
0.265568870487419 0
0.270667930019223 0
0.279509600236508 0
0.276489768863303 0
0.280192775202905 0
0.27157882997442 0
0.273885783121818 0
0.279133358950666 0
0.27739076773203 0
0.274826386336423 0
0.270559018068059 0
0.274559057001746 0
0.272935278820744 0
0.275054111325222 0
0.273727365738306 0
0.27157882997442 0
0.272222400594939 0
0.259796537075687 0
0.271311500639743 0
0.262172797828372 0
0.26410350968993 0
0.265648079179175 0
0.257608396965922 0
0.25578659705553 0
0.248806331094516 0
0.2516380418248 0
0.246390465995953 0
0.233321031856182 0
0.24083595648655 0
0.236449775180551 0
0.236222050191752 0
0.231429924340503 0
0.231618044983424 0
0.236865620812271 0
0.219152577118294 0
0.236073533894709 0
0.234974513296592 0
0.218360490200732 0
0.217905040223134 0
0.223271429089616 0
0.220548630310497 0
0.226598194143375 0
0.218320885854854 0
0.218885247783617 0
0.228330884275542 0
0.214588176255844 0
0.220172389024655 0
0.223122912792573 0
0.216508987030931 0
0.214806000158173 0
0.215944625102169 0
0.218469402151897 0
0.21405351758649 0
0.210350511246888 0
0.223311033435494 0
0.227726918000901 0
0.227875434297944 0
0.229469509219537 0
0.225419964853502 0
0.233618064450268 0
0.228291279929664 0
0.238717123982072 0
0.242984492250437 0
0.247974639831076 0
0.239469606553756 0
0.248123156128119 0
0.237469587086912 0
0.237548795778668 0
0.240073572828397 0
0.240489418460117 0
0.235806204560032 0
0.253261820005802 0
0.248954847391559 0
0.235390358928312 0
0.235172535025983 0
0.247182552913514 0
0.250271691892006 0
0.254766785149169 0
0.25661828831897 0
0.254430148209205 0
0.265083717250412 0
0.248994451737437 0
0.2537172699834 0
0.267875823634818 0
0.266776803036701 0
0.252162799407685 0
0.254806389495047 0
0.274450145050581 0
0.257073738296568 0
0.262291610866007 0
0.265608474833297 0
0.274905595028179 0
0.259865844680974 0
0.263756971663496 0
0.265836199822096 0
0.26036089900445 0
0.255489564461444 0
0.258133154548807 0
0.266024320465017 0
0.267351066051933 0
0.252578645039405 0
0.260440107696206 0
0.262964884745934 0
0.273469937490099 0
0.267994636672452 0
0.266856011728457 0
0.267271857360177 0
0.259608416432766 0
0.269390689864655 0
0.262479731508928 0
0.260885656587335 0
0.262509434768336 0
0.257529188274166 0
0.257796517608843 0
0.261836160888409 0
0.260855953327926 0
0.259232175146924 0
0.259380691443967 0
0.256242047033128 0
0.255756893796122 0
0.248618210451595 0
0.248499397413961 0
0.253786577588686 0
0.245895411672476 0
0.250271691892006 0
0.246499377947117 0
0.242232009678753 0
0.241024077129471 0
0.248647913711004 0
0.248618210451595 0
0.242835975953394 0
0.237429982741034 0
0.238647816376785 0
0.240192385866031 0
0.240717143448916 0
0.243212217239236 0
0.226746710440418 0
0.22961802551658 0
0.226746710440418 0
0.234073514427866 0
0.232033890615144 0
0.230330903742386 0
0.217647611974927 0
0.237736916421589 0
0.24291518464515 0
0.227875434297944 0
0.221756562859779 0
0.232865581878584 0
0.237360675135747 0
0.228291279929664 0
0.22504372356766 0
0.218360490200732 0
0.229014059241939 0
0.234370547021951 0
0.226786314786297 0
0.248499397413961 0
0.242835975953394 0
0.231845769972223 0
0.242647855310473 0
0.226895226737461 0
0.233994305736109 0
0.236380467575264 0
0.230598233077063 0
0.221835771551535 0
0.225726898534057 0
0.225766502879936 0
0.221083288979851 0
0.221687255254492 0
0.217004041354407 0
0.216964437008529 0
0.211330718807371 0
0.219419906452971 0
0.222518946517932 0
0.226667501748662 0
0.231311111302869 0
0.210766356878608 0
0.223004099754939 0
0.221419925919815 0
0.239281485910835 0
0.229083366847226 0
0.242687459656351 0
0.235885413251788 0
0.228063554940865 0
0.221608046562736 0
0.238717123982072 0
0.222667462814975 0
0.226558589797497 0
0.235697292608867 0
0.229766541813623 0
0.230330903742386 0
0.219489214058258 0
0.224667482281819 0
0.221419925919815 0
0.230707145028228 0
0.216845623970895 0
0.203746486571716 0
0.212162410070811 0
0.21197428942789 0
0.206350472313201 0
0.205063331072162 0
0.202192015996001 0
0.206617801647878 0
0.195469178283194 0
0.191508743695385 0
0.200835567149676 0
0.19950882156276 0
0.205597989741517 0
0.188597824273345 0
0.192340434958825 0
0.186855233054709 0
0.193617675113394 0
0.181726470263496 0
0.188974065559187 0
0.183389852790376 0
0.188894856867431 0
0.173300645677932 0
0.185647300505427 0
0.167369894882687 0
0.181538349620575 0
0.17001348497005 0
0.166538203619248 0
0.164993634130002 0
0.169142189360732 0
0.16918179370661 0
0.173033316343255 0
0.174053128249616 0
0.166161962333406 0
0.180132395341903 0
0.163251042911366 0
0.171072901222289 0
0.163409460294878 0
0.181459140928819 0
0.168013465503207 0
0.174884819513056 0
0.17292440439209 0
0.189993877465548 0
0.185271059219586 0
0.192637467552911 0
0.177379893303376 0
0.179795758401939 0
0.188518615581589 0
0.187271078686429 0
0.202607861627721 0
0.185459179862506 0
0.194795904403267 0
0.196449385843677 0
0.213112914371885 0
0.213370342620092 0
0.210845565570364 0
0.234528964405464 0
0.232142802566309 0
0.240796352140672 0
0.254162818874528 0
0.239469606553756 0
0.263915389047009 0
0.272519433189024 0
0.270598622413937 0
0.285440351031752 0
0.272450125583738 0
0.276182835182748 0
0.267390670397811 0
0.285331439080587 0
0.288163149810871 0
0.292390913733357 0
0.295638470095361 0
0.303569240357449 0
0.295489953798318 0
0.308143542306369 0
0.311806944300093 0
0.309391079201529 0
0.313084184454661 0
0.315311928910304 0
0.301905857830569 0
0.323628841544703 0
0.313658447469893 0
0.306103918493647 0
0.315242621305017 0
0.30250982410521 0
0.304440535966767 0
0.295638470095361 0
0.293519637590883 0
0.295678074441239 0
0.302856362131644 0
0.293975087568481 0
0.304668260955566 0
0.294539449497244 0
0.285707680366429 0
0.280529412142869 0
0.283440331564908 0
0.278608601367781 0
0.261756952196653 0
0.272450125583738 0
0.26949960181582 0
0.271658038666176 0
0.251895470073007 0
0.260816348982048 0
0.25952920774101 0
0.260549019647371 0
0.242340921629917 0
0.250766746215482 0
0.23834088269623 0
0.244915204111994 0
0.224934811616496 0
0.240340902163074 0
0.217796128271969 0
0.21530105448165 0
0.229875453764788 0
0.216657503327974 0
0.219944664035856 0
0.215825812064534 0
0.219301093415337 0
0.2105089286304 0
0.198795943336954 0
0.204043519165802 0
0.203518761582917 0
0.188974065559187 0
0.195132541343231 0
0.197399890144751 0
0.201667258413116 0
0.195053332651474 0
0.192597863207033 0
0.194033520745114 0
0.19785534012235 0
0.198716734645198 0
0.188597824273345 0
0.19037011875139 0
0.195053332651474 0
0.204231639808723 0
0.198191977062313 0
0.196419682584269 0
0.196756319524232 0
0.20782573419716 0
0.201894983401915 0
0.196528594535433 0
0.218172369557811 0
0.205063331072162 0
0.212657464394287 0
0.215409966432814 0
0.221380321573937 0
0.211865377476725 0
0.225311052902338 0
0.219716939047057 0
0.221647650908614 0
0.219043665167129 0
0.2258754148311 0
0.22296449540906 0
0.2279546429897 0
0.228974454896061 0
0.22920217988486 0
0.222251617183255 0
0.240687440189507 0
0.244687479123194 0
0.238865640279115 0
0.246043927969519 0
0.245974620364233 0
0.250014263643798 0
0.24249933901343 0
0.258093550202929 0
0.261905468493695 0
0.253746973242808 0
0.257113342642446 0
0.25330142435168 0
0.251826162467721 0
0.254806389495047 0
0.26327181842649 0
0.248083551782241 0
0.256925221999525 0
0.260093569669773 0
0.257756913262965 0
0.260321294658572 0
0.255945014439042 0
0.253786577588686 0
0.253034095017003 0
0.256737101356604 0
0.261004469624969 0
0.260697535944414 0
0.255638080758487 0
0.25288557871996 0
0.25330142435168 0
0.247974639831076 0
0.250311296237884 0
0.254281631912163 0
0.251291503798367 0
0.248083551782241 0
0.252390524396484 0
0.25122219619308 0
0.251895470073007 0
0.245776598634842 0
0.24125180211827 0
0.24083595648655 0
0.240529022805995 0
0.246499377947117 0
0.241360714069435 0
0.23086556241174 0
0.236528983872307 0
0.238647816376785 0
0.232142802566309 0
0.237776520767467 0
0.245439961694878 0
0.233618064450268 0
0.235390358928312 0
0.243707271562712 0
0.225994227868735 0
0.234449755713707 0
0.233618064450268 0
0.220211993370533 0
0.232489340592742 0
0.223122912792573 0
0.222103100886212 0
0.223914999710135 0
0.230519024385307 0
0.225004119221782 0
0.221459530265693 0
0.229766541813623 0
0.225419964853502 0
0.226974435429217 0
0.226974435429217 0
0.215152538184607 0
0.230489321125898 0
0.224667482281819 0
0.223122912792573 0
0.226439776759863 0
0.225954623522856 0
0.222548649777341 0
0.226023931128143 0
0.250915262512525 0
0.239628023937268 0
0.24831127677104 0
0.238231970745065 0
0.246083532315397 0
0.268182757315373 0
0.268598602947093 0
0.281509619703351 0
0.274370936358825 0
0.287252249855675 0
0.291519618124039 0
0.271271896293864 0
0.298242455836846 0
0.286123525998149 0
0.300589013330123 0
0.294767174486043 0
0.298965235149121 0
0.308143542306369 0
0.313054481195252 0
0.3203812851827 0
0.329213054313514 0
0.321658525337268 0
0.323212995912983 0
0.330955645532151 0
0.329252658659392 0
0.334470531228831 0
0.350332071753007 0
0.325589256665669 0
0.341985455859199 0
0.340995347212247 0
0.344282507920129 0
0.34466865029244 0
0.339223052734202 0
0.361094552745379 0
0.35629252580766 0
0.351391488005246 0
0.345114199183569 0
0.359847015850219 0
0.350787521730606 0
0.361550002722977 0
0.35610440516474 0
0.361926244008819 0
0.352827145543327 0
0.365510437310787 0
0.354520231329616 0
0.354896472615458 0
0.35568855953302 0
0.356975700774058 0
0.356074701905331 0
0.354252901994939 0
0.357886600729254 0
0.345945890447009 0
0.353233090088578 0
0.359054928932657 0
0.347609272973889 0
0.354480626983738 0
0.351044949978813 0
0.353648935720298 0
0.351955849934009 0
0.35610440516474 0
0.351233070621734 0
0.352708332505693 0
0.344213200314842 0
0.34738154798509 0
0.345341924172368 0
0.347233031688047 0
0.346361736078729 0
0.340133952689399 0
0.33220318242731 0
0.342658729739127 0
0.338351757124884 0
0.336510155041553 0
0.339034932091281 0
0.332876456307238 0
0.334846772514673 0
0.33824284517372 0
0.333371510630714 0
0.335411134443436 0
0.325213015379827 0
0.328312055444788 0
0.338133933222555 0
0.336124012669242 0
0.339114140783038 0
0.333708147570678 0
0.326876397906707 0
0.341797335216278 0
0.335490343135192 0
0.335104200762881 0
0.324569444759308 0
0.343232992754359 0
0.341193368941638 0
0.338698295151318 0
0.340886435261082 0
0.34466865029244 0
0.340737918964039 0
0.33325269759308 0
0.341530005881601 0
0.328836813027672 0
0.346401340424607 0
0.348668689226128 0
0.340619105926405 0
0.351995454279887 0
0.346213219781686 0
0.353124178137413 0
0.347688481665645 0
0.349272655500768 0
0.354559835675494 0
0.361243069042422 0
0.360787619064824 0
0.372767933692947 0
0.375035282494468 0
0.374352107528071 0
0.387718574261927 0
0.388174024239525 0
0.403203873500262 0
0.410312853585379 0
0.418916897727395 0
0.415976275045947 0
0.418204019501589 0
0.42503576916556 0
0.422996145352839 0
0.437649753327733 0
0.440491365144486 0
0.440451760798608 0
0.44622409421034 0
0.450342946181662 0
0.442679505254251 0
0.453105349306659 0
0.444035954100575 0
0.45597666438282 0
0.456917267597425 0
0.461521272805754 0
0.464055950941951 0
0.456085576333985 0
0.461075723914625 0
0.457481629526188 0
0.452570690637304 0
0.460956910876991 0
0.458085595800829 0
0.452798415626103 0
0.452273658043219 0
0.44663993984206 0
0.445778545319212 0
0.433540802442881 0
0.441847813990811 0
0.428699171159284 0
0.435461613217968 0
0.435352701266804 0
0.420243643314311 0
0.4300259167462 0
0.409095019949628 0
0.419936709633756 0
0.406530638554021 0
0.416085186997111 0
0.401807820308059 0
0.407550450460382 0
0.412609905646309 0
0.406005880971137 0
0.401659304011016 0
0.391461184947407 0
0.400263250818813 0
0.39493646629821 0
0.380926428943834 0
0.374203591231028 0
0.379530375751632 0
0.367173819837666 0
0.379411562713997 0
0.370767914226103 0
0.373787745599308 0
0.3571242170711 0
0.359995532147262 0
0.361777727711776 0
0.349916226121288 0
0.357807392037498 0
0.348708293572006 0
0.341530005881601 0
0.351421191264655 0
0.343341904705524 0
0.341490401535723 0
0.339223052734202 0
0.33220318242731 0
0.333292301938958 0
0.334391322537075 0
0.332995269344872 0
0.332688335664317 0
0.318371364629386 0
0.321321888397304 0
0.326916002252585 0
0.324302115424631 0
0.333104181296037 0
0.324272412165222 0
0.342549817787962 0
0.333411114976592 0
0.337599274553201 0
0.34300526776556 0
0.344025079671921 0
0.357094513811692 0
0.365817370991342 0
0.366114403585428 0
0.37831254211588 0
0.385263104817485 0
0.393609720711294 0
0.388550265525367 0
0.399540471506538 0
0.411401973097027 0
0.417223811941107 0
0.423303079033394 0
0.437273512041891 0
0.444412195386417 0
0.460313340256472 0
0.450303341835784 0
0.466659936683436 0
0.466204486705838 0
0.476214485126526 0
0.482075928316484 0
0.497977073186538 0
0.494759220083943 0
0.49835331447238 0
0.50499694349343 0
0.499373126378741 0
0.504848427196387 0
0.511838594243871 0
0.50333356096655 0
0.508175192250147 0
0.503561285955349 0
0.50749201728375 0
0.508095983558391 0
0.506620721674432 0
0.511798989897992 0
0.496125570016737 0
0.501897903428469 0
0.487244295453575 0
0.500620663273901 0
0.491630476759574 0
0.491254235473732 0
0.485927450953128 0
0.469303526770799 0
0.480937303372489 0
0.46990749304544 0
0.457630145823231 0
0.45827371644375 0
0.464768829167757 0
0.456689542608626 0
0.456234092631028 0
0.449214222324136 0
0.443887437803533 0
0.443243867183014 0
0.437016083793683 0
0.431045728652561 0
0.424778340917353 0
0.418273327106876 0
0.418847590122108 0
0.421788212803557 0
0.412233664360467 0
0.405174189707697 0
0.401847424653937 0
0.398708780243098 0
0.386025488475639 0
0.386253213464438 0
0.382659119076001 0
0.383114569053599 0
0.374233294490437 0
0.365629250348421 0
0.355579647581855 0
0.353233090088578 0
0.352411299911607 0
0.34405478293133 0
0.34840135989145 0
0.332500215021396 0
0.335411134443436 0
0.334351718191197 0
0.329668504291112 0
0.319321868930461 0
0.313688150729302 0
0.311163373679574 0
0.311539614965415 0
0.305381139181372 0
0.296321645061758 0
0.301113770913007 0
0.291747343112839 0
0.293707758233804 0
0.299113751446164 0
0.294885987523677 0
0.2966978863476 0
0.290499806217679 0
0.295371140760684 0
0.295183020117763 0
0.291331497481118 0
0.301192979604764 0
0.301796945879405 0
0.309806924833249 0
0.308589091197498 0
0.309123749866852 0
0.31871790265582 0
0.322490216600708 0
0.320638713430907 0
0.329440779302313 0
0.342133972156242 0
0.343114179716725 0
0.358975720240901 0
0.357094513811692 0
0.371104551166067 0
0.377975905175916 0
0.379867012691595 0
0.391768118627962 0
0.402372182236822 0
0.407441538509218 0
0.414312892519067 0
0.425303098500237 0
0.411936631766381 0
0.415441616376592 0
0.425006065906152 0
0.426471426703641 0
0.427491238610002 0
0.432332869893599 0
0.433798230691088 0
0.433798230691088 0
0.423451595330437 0
0.434629921954528 0
0.428699171159284 0
0.425639735440201 0
0.427649655993514 0
0.422243662781155 0
0.427303117967081 0
0.421372367171837 0
0.416916878260551 0
0.417520844535192 0
0.417372328238149 0
0.406718759196942 0
0.403847444120781 0
0.402302874631535 0
0.396976090110931 0
0.387906694904848 0
0.392976051177244 0
0.388966111157087 0
0.374045173847516 0
0.382807635373044 0
0.378391750807636 0
0.369748102319743 0
0.365282712321988 0
0.362153968997618 0
0.363738142832742 0
0.372163967418306 0
0.363015363520467 0
0.364421317799139 0
0.352104366231052 0
0.352411299911607 0
0.34654985672165 0
0.337143824575602 0
0.340777523309918 0
0.341530005881601 0
0.330460591208674 0
0.329024933670593 0
0.324569444759308 0
0.313579238778137 0
0.309004936829217 0
0.302965274082808 0
0.305153414192573 0
0.303272207763364 0
0.29794542324276 0
0.284875989102989 0
0.290579014909435 0
0.284757176065355 0
0.276786801457389 0
0.272865971215458 0
0.275054111325222 0
0.264212421641094 0
0.258172758894685 0
0.265232233547455 0
0.245707291029555 0
0.250162779940841 0
0.241548834712356 0
0.249746934309121 0
0.24498451171728 0
0.244192424799718 0
0.242984492250437 0
0.242311218370509 0
0.238984453316749 0
0.243251821585114 0
0.240301297817196 0
0.251449921181879 0
0.244835995420237 0
0.249598418012078 0
0.253489544994601 0
0.258400483883484 0
0.260053965323895 0
0.26202428153133 0
0.269271876827021 0
0.277846217709628 0
0.282905672895554 0
0.28819285307028 0
0.302252395857003 0
0.291895859409881 0
0.30043059594661 0
0.300886045924208 0
0.307381158648216 0
0.317807002700624 0
0.312787151860575 0
0.331520007460913 0
0.348520172929085 0
0.356906393168771 0
0.364757954739103 0
0.370876826177268 0
0.378164025818837 0
0.388550265525367 0
0.392520601199646 0
0.385114588520443 0
0.388174024239525 0
0.384431413554046 0
0.37374814125343 0
0.375144194445633 0
0.384926467877522 0
0.383451205993563 0
0.378956112736399 0
0.38205515280136 0
0.400411767115856 0
0.38806511228836 0
0.389758198074649 0
0.394669136963533 0
0.385946279783883 0
0.38787699164544 0
0.384025469008795 0
0.390748306721601 0
0.387649266656641 0
0.379263046416954 0
0.382807635373044 0
0.38330268969652 0
0.381530395218475 0
0.37790659757063 0
0.374084778193394 0
0.37333229562171 0
0.364985679727902 0
0.363589626535699 0
0.361738123365898 0
0.356144009510618 0
0.343302300359646 0
0.350371676098886 0
0.335708167037522 0
0.334579443179996 0
0.329747712982869 0
0.327896209813068 0
0.322420908995422 0
0.319589198265138 0
0.307797004279936 0
0.314183205052778 0
0.310183166119091 0
0.312034669288892 0
0.308103937960491 0
0.29752957761104 0
0.302628637142844 0
0.298618697122688 0
0.299489992732006 0
0.287173041163919 0
0.285856196663472 0
0.284945296708276 0
0.27199467560614 0
0.278380876378982 0
0.265380749844498 0
0.270291688733382 0
0.259796537075687 0
0.263875784701131 0
0.250875658166647 0
0.248083551782241 0
0.241628043404112 0
0.245558774732513 0
0.246350861650074 0
0.24166764774999 0
0.233924998130823 0
0.233241823164426 0
0.227915038643822 0
0.232598252543907 0
0.228825938599018 0
0.225499173545258 0
0.225390261594094 0
0.227618006049736 0
0.225122932259417 0
0.228895246204305 0
0.230895265671149 0
0.236152742586465 0
0.239132969613792 0
0.240529022805995 0
0.238420091387986 0
0.242192405332875 0
0.246836014887081 0
0.249855846260286 0
0.251331108144245 0
0.261232194613768 0
0.264331234678729 0
0.265687683525053 0
0.273123399463665 0
0.277430372077908 0
0.294093900606116 0
0.300282079649567 0
0.305945501110135 0
0.31705452012894 0
0.318975330904027 0
0.327252639192549 0
0.33408438885652 0
0.337935911493164 0
0.343718145991366 0
0.356747975785259 0
0.355846976916532 0
0.362866847223424 0
0.373104570632911 0
0.370084739259706 0
0.381371977834963 0
0.382619514730123 0
0.391570096898572 0
0.391500789293285 0
0.396520640133333 0
0.395540432572851 0
0.406530638554021 0
0.400372162769978 0
0.404758344075977 0
0.408609866712621 0
0.404302894098379 0
0.401807820308059 0
0.399055318269531 0
0.402035545296858 0
0.388738386168288 0
0.391352272996242 0
0.389381956788807 0
0.385233401558077 0
0.3828868440648 0
0.381718515861396 0
0.381827427812561 0
0.385074984174565 0
0.371629308748952 0
0.373064966287033 0
0.368421356732826 0
0.367173819837666 0
0.358827203943858 0
0.350213258715373 0
0.351767729291088 0
0.345876582841722 0
0.337935911493164 0
0.339569590760636 0
0.334242806240032 0
0.333183389987793 0
0.324302115424631 0
0.322153579660744 0
0.319094143941662 0
0.320529801479742 0
0.309915836784414 0
0.30417320663209 0
0.305499952219006 0
0.295529558144196 0
0.299638509029048 0
0.29212358439868 0
0.281252191455144 0
0.279816533917063 0
0.278380876378982 0
0.274222420061782 0
0.270598622413937 0
0.267271857360177 0
0.257945033905886 0
0.255756893796122 0
0.252390524396484 0
0.246162741007153 0
0.243439942228035 0
0.234786392653671 0
0.239132969613792 0
0.230182387445343 0
0.229954662456544 0
0.2300338711483 0
0.22319222039786 0
0.22504372356766 0
0.222291221529133 0
0.225419964853502 0
0.219984268381734 0
0.213677276300648 0
0.218132765211933 0
0.222855583457896 0
0.220172389024655 0
0.229350696181903 0
0.226063535474021 0
0.22545956919938 0
0.233845789439067 0
0.241509230366478 0
0.248202364819875 0
0.249222176726236 0
0.253638061291644 0
0.259865844680974 0
0.270103568090461 0
0.277885822055506 0
0.277014526446188 0
0.285252230388831 0
0.302856362131644 0
0.303688053395083 0
0.318450573321143 0
0.332123973735554 0
0.335559650740479 0
0.348856809869048 0
0.360183652790183 0
0.359847015850219 0
0.376579851983714 0
0.38205515280136 0
