14.1186372256935
14.1108673084954
14.1030973912973
14.0953274740992
14.0875575569011
14.0797876397029
14.0720177225048
14.0642478053067
14.0564778881086
14.0487079709105
14.0388682699067
14.0269587850972
14.0150493002877
14.0031398154781
13.9912303306686
13.9793208458591
13.9674113610496
13.95550187624
13.9435923914305
13.931682906621
13.9158251141578
13.8960190140409
13.876212913924
13.8564068138071
13.8366007136902
13.8167946135733
13.7969885134564
13.7771824133395
13.7573763132226
13.7375702131057
13.7233239286097
13.7146374597346
13.7059509908595
13.6972645219844
13.6885780531092
13.6798915842341
13.671205115359
13.6625186464839
13.6538321776088
13.6451457087337
