0.20249408164921007
0.1973676492023946
0.19224121675557918
0.18711478430876372
0.18198835186194828
0.17686191941513282
0.1717354869683174
0.16660905452150193
0.1614826220746865
0.15635618962787107
0.1512297571810556
0.14610332473424018
0.14097689228742472
0.13585045984060928
0.13072402739379382
0.1255975949469784
0.12047116250016295
0.1153447300533475
0.11021829760653205
0.10509186515971661
0.09996543271290116
0.09483900026608572
0.08971256781927028
0.08458613537245484
0.07945970292563939
0.07433327047882395
0.0692068380320085
0.06408040558519305
0.05895397313837761
0.05382754069156217
0.04870110824474672
0.04357467579793128
0.03844824335111583
0.03332181090430039
0.028195378457484946
0.0230689460106695
0.017942513563854054
0.012816081117038611
0.007689648670223166
0.002563216223407722
