0.251232732 0
0.251210825 0
0.251181616 0
0.251167012 0
0.251132935 0
0.251210825 0
0.25094551 0
0.250794598 0
0.250755652 0
0.249884384 0
0.24483298 0
0.23904539 0
0.234384173 0
0.230120498 0
0.226003509 0
0.222191922 0
0.216156674 0
0.2123819 0
0.208961191 0
0.205749426 0
0.202021806 0
0.198929701 0
0.194658242 0
0.191024468 0
0.188042253 0
0.183597404 0
0.203541015 0
0.196347102 0
0.1800131 0
0.174685683 0
0.16852464 0
0.163175844 0
0.157667443 0
0.15469061 0
0.150398679 0
0.145321064 0
0.141638391 0
0.138110453 0
0.134753686 0
0.132273927 0
0.129177308 0
0.125863963 0
0.122738684 0
0.118909325 0
0.11498324 0
0.111481561 0
0.108233635 0
0.104058666 0
0.099966368 0
0.097790659 0
0.093804415 0
0.090779735 0
0.088108285 0
0.085751015 0
0.083819448 0
0.081275052 0
0.078266789 0
0.075577394 0
0.072722533 0
0.070137929 0
0.066718744 0
0.063979317 0
0.061387641 0
0.058721362 0
0.056821224 0
0.054384053 0
0.052669601 0
0.049402328 0
0.048431737 0
0.046441928 0
0.043869709 0
0.042152822 0
0.040914479 0
0.038761709 0
0.037550888 0
0.036434429 0
0.035700552 0
0.033856045 0
0.032970915 0
0.031767396 0
0.031195468 0
0.030238223 0
0.028925044 0
0.028002656 0
0.02718268 0
0.026612494 0
0.026931097 0
0.026925964 0
0.027350194 0
0.026983211 0
0.026490916 0
0.026111158 0
0.025915346 0
0.024967836 0
0.024900907 0
0.025197906 0
0.025872228 0
0.027063098 0
0.028000661 0
0.029013751 0
0.029227173 0
0.030402478 0
0.031242799 0
0.030646283 0
0.030718651 0
0.030720606 0
0.030579908 0
0.03094428 0
0.031306218 0
0.031580102 0
0.033137564 0
0.034517814 0
0.034168352 0
0.035217828 0
0.033490408 0
0.03183807 0
0.031579664 0
0.031610224 0
0.030415039 0
0.030661099 0
0.030686098 0
0.030802279 0
0.030410351 0
0.03024405 0
0.029649699 0
0.028053472 0
0.027270611 0
0.026403942 0
0.025454389 0
0.024833742 0
0.023942695 0
0.022211595 0
0.021102917 0
0.0195588 0
0.01828604 0
0.017372608 0
0.016208815 0
0.014438413 0
0.012446027 0
0.010919784 0
0.009927286 0
0.008678905 0
0.007732567 0
0.006929805 0
0.00601177 0
0.005248079 0
0.003884637 0
0.00304476 0
0.002268153 0
0.001010819 0
-0.000300882 0
-0.000827469 0
-0.001039451 0
-0.001681526 0
-0.002447172 0
-0.003052735 0
-0.00387776 0
-0.004244087 0
-0.00538837 0
-0.006285884 0
-0.006965305 0
-0.007860083 0
-0.008714015 0
-0.009574413 0
-0.010133692 0
-0.010518141 0
-0.010677958 0
-0.011408621 0
-0.011597702 0
-0.011810591 0
-0.011341377 0
-0.011136965 0
-0.010802141 0
-0.010941668 0
-0.011139524 0
-0.011437216 0
-0.011283139 0
-0.010610629 0
-0.009193567 0
-0.008352552 0
-0.008677409 0
-0.009135023 0
-0.00864781 0
-0.006730843 0
-0.005450907 0
-0.004094608 0
-0.003434802 0
-0.003839983 0
-0.0019079 0
-0.001253566 0
-0.001073923 0
-0.001485323 0
-0.001213182 0
0.000279732 0
0.001619953 0
0.003828656 0
0.005410636 0
0.007271136 0
0.008961302 0
0.009299378 0
0.010621209 0
0.01162236 0
0.01304934 0
0.015125818 0
0.016134485 0
0.017920754 0
0.019586881 0
0.020291319 0
0.020863284 0
0.022384714 0
0.023034481 0
0.023689863 0
0.02382756 0
0.024808794 0
0.025533237 0
0.025386676 0
0.025597609 0
0.02584502 0
0.02592547 0
0.02495067 0
0.024045535 0
0.02347931 0
0.0230543 0
0.022683587 0
0.021835396 0
0.021331765 0
0.020506476 0
0.019395275 0
0.018481415 0
0.017134017 0
0.015641763 0
0.014512084 0
0.013482257 0
0.012161332 0
0.010900868 0
0.009738729 0
0.008332183 0
0.006793324 0
0.005772096 0
0.00435894 0
0.002674994 0
0.001367767 0
0.000173237 0
-0.001324935 0
-0.002831546 0
-0.004122037 0
-0.005140528 0
-0.006187608 0
-0.007400082 0
-0.008025118 0
-0.008791297 0
-0.00964196 0
-0.010418781 0
-0.011008087 0
-0.011694491 0
-0.012440362 0
-0.013051184 0
-0.013765803 0
-0.01469441 0
-0.015298534 0
-0.016236487 0
-0.016313546 0
-0.016177326 0
-0.016598286 0
-0.016630588 0
-0.016324582 0
-0.015889232 0
-0.015010321 0
-0.013734863 0
-0.012303053 0
-0.010721216 0
-0.009731757 0
-0.008311513 0
-0.006968076 0
-0.005573613 0
-0.004294814 0
-0.003267723 0
-0.002318648 0
-0.000509301 0
-0.000816213 0
0.000105 0
0.001047947 0
0.001273787 0
0.000773942 0
0.001273753 0
0.002699079 0
0.005341303 0
0.005866203 0
0.007905868 0
0.009247919 0
0.011025925 0
0.01346404 0
0.015052452 0
0.01780439 0
0.019255622 0
0.021864214 0
0.023467533 0
0.025115182 0
0.026544293 0
0.027666191 0
0.029210346 0
0.031528372 0
0.032810175 0
0.034558192 0
0.037084201 0
0.03858385 0
0.039460116 0
0.03999557 0
0.040999067 0
0.042647408 0
0.042698049 0
0.04355198 0
0.044319972 0
0.044316971 0
0.04437635 0
0.044069262 0
0.043191258 0
0.042079881 0
0.040733922 0
0.039403261 0
0.03764121 0
0.035756885 0
0.033933626 0
0.032222993 0
0.03054331 0
0.028477865 0
0.027011336 0
0.025057682 0
0.023740718 0
0.022289612 0
0.020520952 0
0.019079066 0
0.017876025 0
0.016223722 0
0.014661001 0
0.013301698 0
0.011920487 0
0.010439656 0
0.009159808 0
0.007882394 0
0.006716079 0
0.005371736 0
0.004275228 0
0.003298028 0
0.002159536 0
0.001349632 0
0.000362926 0
-0.000560813 0
-0.001210492 0
-0.001990742 0
-0.002745745 0
-0.003543639 0
-0.003745885 0
-0.004302339 0
-0.004878337 0
-0.005203852 0
-0.005553317 0
-0.005867657 0
-0.006085645 0
-0.006217479 0
-0.006215863 0
-0.006133797 0
-0.005753045 0
-0.004925321 0
-0.003869022 0
-0.002501849 0
-0.00130533 0
-0.000331222 0
0.001140956 0
0.002505606 0
0.003814449 0
0.004697359 0
0.005988169 0
0.007159742 0
0.00859397 0
0.009163589 0
0.010375157 0
0.011440803 0
0.012697997 0
0.013856796 0
0.01521171 0
0.016434828 0
0.017583802 0
0.019044859 0
0.02054925 0
0.022341168 0
0.023597972 0
0.024312591 0
0.025264011 0
0.026425672 0
0.028077195 0
0.029544684 0
0.031673117 0
0.033476639 0
0.035234908 0
0.037163743 0
0.038854034 0
0.040221848 0
0.041516569 0
0.042479236 0
0.043989155 0
0.044803872 0
0.045958319 0
0.046589273 0
0.047839824 0
0.048164025 0
0.047974734 0
0.047934139 0
0.047566898 0
0.047492097 0
0.047477879 0
0.046714797 0
0.045913247 0
0.044798781 0
0.043839366 0
0.043078975 0
0.041312488 0
0.040362683 0
0.039125478 0
0.038210996 0
0.037133785 0
0.036056271 0
0.035131537 0
0.034121095 0
0.032824955 0
0.032161578 0
0.031037691 0
0.029598063 0
0.028489989 0
0.027315377 0
0.025938946 0
0.024900378 0
0.023698546 0
0.022119231 0
0.021280508 0
0.019922254 0
0.019025734 0
0.017672952 0
0.016483593 0
0.015335063 0
0.014688422 0
0.013717832 0
0.012829219 0
0.011876804 0
0.01115579 0
0.010476901 0
0.009592162 0
0.008924609 0
0.007954854 0
0.007265092 0
0.00625648 0
0.005626487 0
0.005564762 0
0.005506823 0
0.005518389 0
0.00534061 0
0.005250813 0
0.005580928 0
0.005571583 0
0.005679643 0
0.00561744 0
0.006255301 0
0.006310202 0
0.007430392 0
0.007349854 0
0.00763699 0
0.007935072 0
0.008369038 0
0.009368926 0
0.010010644 0
0.010566439 0
0.011024142 0
0.012261347 0
0.013054159 0
0.013638382 0
0.01485194 0
0.015304988 0
0.016255661 0
0.017773004 0
0.017818952 0
0.019511552 0
0.020547296 0
0.021834963 0
0.022757564 0
0.023090684 0
0.023959824 0
0.025769385 0
0.027050584 0
0.028436184 0
0.029499307 0
0.030781804 0
0.032040651 0
0.032959043 0
0.034033858 0
0.035473612 0
0.03626973 0
0.037625907 0
0.038108114 0
0.038795265 0
0.039822179 0
0.040564923 0
0.041648568 0
0.041807517 0
0.042298729 0
0.042686662 0
0.042397607 0
0.042440161 0
0.041736365 0
0.041765095 0
0.041016135 0
0.040106274 0
0.039480671 0
0.038492652 0
0.037392929 0
0.036163328 0
0.035353264 0
0.033967399 0
0.03289932 0
0.031562048 0
0.030336711 0
0.029491433 0
0.028303123 0
0.027682174 0
0.026664127 0
0.02570958 0
0.024408127 0
0.023443933 0
0.022200507 0
0.020674814 0
0.019100225 0
0.01781947 0
0.016667457 0
0.015552862 0
0.01401736 0
0.012813183 0
0.011501478 0
0.01018247 0
0.009509836 0
0.00827485 0
0.00741088 0
0.006766976 0
0.006220098 0
0.005923402 0
0.005214168 0
0.004657323 0
0.004287692 0
0.004068017 0
0.003459154 0
0.002876672 0
0.00252369 0
0.002561196 0
0.002184565 0
0.001843967 0
0.001251056 0
0.001367715 0
0.001155947 0
0.000960222 0
0.000815827 0
0.000956135 0
0.000664965 0
0.001068761 0
0.000988915 0
0.00134442 0
0.001641293 0
0.002311918 0
0.002214731 0
0.002649389 0
0.002999031 0
0.003398173 0
0.003644321 0
0.004454473 0
0.005306058 0
0.006307067 0
0.007106878 0
0.007474465 0
0.008546808 0
0.008586412 0
0.009051098 0
0.009648486 0
0.010312858 0
0.011654695 0
0.012707566 0
0.013375279 0
0.014201084 0
0.015822135 0
0.016958725 0
0.017637915 0
0.018429732 0
0.018912895 0
0.019997535 0
0.021221877 0
0.022261797 0
0.023107201 0
0.025228755 0
0.026002148 0
0.026718064 0
0.027650313 0
0.029115848 0
0.029187736 0
0.029757355 0
0.030021805 0
0.030255605 0
0.029796128 0
0.030064308 0
0.029565067 0
0.029211908 0
0.028689409 0
0.027694389 0
0.026920056 0
0.025821932 0
0.024487237 0
0.023524855 0
0.022731138 0
0.021202229 0
0.0202781 0
0.019044856 0
0.017865677 0
0.016644373 0
0.015464893 0
0.014289445 0
0.013524937 0
0.012388648 0
0.011511211 0
0.011203339 0
0.010922082 0
0.009248086 0
0.008497951 0
0.007461817 0
0.006316715 0
0.00540385 0
0.004238974 0
0.003641531 0
0.002707061 0
0.001825448 0
0.001441994 0
0.000421211 0
-0.000413638 0
-0.001294949 0
-0.002062424 0
-0.002625346 0
-0.00324386 0
-0.003679035 0
-0.004241654 0
-0.005349728 0
-0.005681852 0
-0.006456933 0
-0.006803129 0
-0.007189408 0
-0.008534762 0
-0.007795538 0
-0.006854122 0
-0.006631178 0
-0.005380115 0
-0.004171639 0
-0.003454499 0
-0.002396281 0
-0.001699129 0
-0.000618186 0
0.000575685 0
0.001281045 0
0.00259879 0
0.003479282 0
0.003938105 0
0.004790773 0
0.005706853 0
0.0061685 0
0.006668702 0
0.007858007 0
0.00788887 0
0.008753318 0
0.009718294 0
0.010768731 0
0.012379831 0
0.013505157 0
0.014838379 0
0.015718997 0
0.017311531 0
0.01840422 0
0.019611738 0
0.021486843 0
0.022920343 0
0.023581803 0
0.024872596 0
0.026136366 0
0.028019822 0
0.02945462 0
0.030381825 0
0.031634117 0
0.03299081 0
0.034070938 0
0.03505761 0
0.036059009 0
0.037266011 0
0.037948294 0
0.038147237 0
0.038122329 0
0.038675426 0
0.038939485 0
0.039363093 0
0.039154027 0
0.039567773 0
0.038670599 0
0.037493288 0
0.036140027 0
0.034771948 0
0.033434374 0
0.031774076 0
0.030742508 0
0.029249896 0
0.027527786 0
0.025605598 0
0.023918009 0
0.022587826 0
0.020858111 0
0.019848147 0
0.018479409 0
0.01713615 0
0.015637231 0
0.014315878 0
0.012893767 0
0.011415458 0
0.010215544 0
0.00916802 0
0.007873353 0
0.006546209 0
0.005732058 0
0.004417919 0
0.003425295 0
0.002479134 0
0.001414571 0
0.000541255 0
-0.000493654 0
-0.001395184 0
-0.002230637 0
-0.00302997 0
-0.003743451 0
-0.004199147 0
-0.004572563 0
-0.005404676 0
-0.005665856 0
-0.005865366 0
-0.006300842 0
-0.006387512 0
-0.006481484 0
-0.006093039 0
-0.005977979 0
-0.005237546 0
-0.004022159 0
-0.002710793 0
-0.001619812 0
-0.000775529 0
0.000105 0
0.0011955 0
0.002099942 0
0.003057616 0
0.003802971 0
0.004852963 0
0.005787521 0
0.006361706 0
0.007250709 0
0.008144883 0
0.008888799 0
0.009599934 0
0.010504981 0
0.011092545 0
0.012067098 0
0.013428781 0
0.014650992 0
0.015598984 0
0.017103979 0
0.018814222 0
0.019891257 0
0.020952391 0
0.022201804 0
0.02383547 0
0.025557493 0
0.02659784 0
0.027717694 0
0.029251508 0
0.030348141 0
0.031881565 0
0.032877281 0
0.034593743 0
0.035632349 0
0.036911328 0
0.038293801 0
0.039153935 0
0.03987408 0
0.040752088 0
0.041752529 0
0.042190016 0
0.042776497 0
0.043377192 0
0.043482163 0
0.043735046 0
0.043384535 0
0.043039816 0
0.042353663 0
0.041555505 0
0.040715309 0
0.039867597 0
0.038467359 0
0.037289477 0
0.035889096 0
0.034375716 0
0.032783786 0
0.030759632 0
0.029341394 0
0.027962618 0
0.026733193 0
0.025475856 0
0.024455853 0
0.023257983 0
0.021775411 0
0.020827117 0
0.019557307 0
0.018511223 0
0.01752894 0
0.016144993 0
0.015281112 0
0.014428406 0
0.012996168 0
0.01204871 0
0.011165355 0
0.010277737 0
0.009657871 0
0.008519078 0
0.007920728 0
0.00698322 0
0.006477189 0
0.005683027 0
0.004813584 0
0.003808098 0
0.002874321 0
0.002111713 0
0.001355111 0
0.000785883 0
0.000358313 0
-0.000213439 0
-0.000361174 0
-0.000304888 0
-0.000273245 0
0.000350314 0
0.001195378 0
0.002018695 0
0.003107687 0
0.003398164 0
0.004789376 0
0.005589791 0
0.006439031 0
0.007254051 0
0.008112939 0
0.008822332 0
0.009766841 0
0.010929904 0
0.013054371 0
0.013950375 0
0.014419236 0
0.015460238 0
0.016383532 0
0.017580282 0
0.018875943 0
0.019773298 0
0.020734757 0
0.022032852 0
0.023376556 0
0.024864513 0
0.025687104 0
0.026518293 0
0.028245184 0
0.029610405 0
0.030354446 0
0.031856919 0
0.033344184 0
0.034571531 0
0.036235136 0
0.037949466 0
0.038811039 0
0.039659535 0
0.040991141 0
0.041984121 0
0.042976567 0
0.043966278 0
0.044463835 0
0.044895102 0
0.045080524 0
0.045380703 0
0.044986681 0
0.045105954 0
0.044683202 0
0.044523333 0
0.043960592 0
0.043256796 0
0.042205793 0
0.041464223 0
0.040443654 0
0.039364612 0
0.038461005 0
0.037740133 0
0.036600718 0
0.035262452 0
0.034374977 0
0.033536699 0
0.032530592 0
0.031568742 0
0.030238081 0
0.02941471 0
0.02829013 0
0.027760363 0
0.02699859 0
0.025677061 0
0.024604503 0
0.023338567 0
0.022271784 0
0.021398078 0
0.020888615 0
0.019948673 0
0.019040285 0
0.018310369 0
0.017436273 0
0.016530924 0
0.015894464 0
0.018238087 0
0.017183386 0
0.016464647 0
0.015482188 0
0.014832118 0
0.01389278 0
0.013089486 0
0.012410295 0
0.011625177 0
0.01144331 0
0.010415527 0
0.010431214 0
0.009868205 0
0.008884751 0
0.008205473 0
0.007365365 0
0.006939839 0
0.007194283 0
0.007053548 0
0.006969526 0
0.006921928 0
0.007237581 0
0.008231765 0
0.008729835 0
0.009460674 0
0.010335463 0
0.01143762 0
0.012227091 0
0.013016419 0
0.013437308 0
0.01418252 0
0.014875497 0
0.015521781 0
0.015703824 0
0.016587212 0
0.017453793 0
0.018005022 0
0.01867579 0
0.019629199 0
0.020373027 0
0.02147593 0
0.022662323 0
0.023270711 0
0.023833242 0
0.024305976 0
0.024682519 0
0.025287264 0
0.025762735 0
0.02707261 0
0.028705441 0
0.029816821 0
0.031057636 0
0.031962544 0
0.033406385 0
0.033801141 0
0.03437332 0
0.034768164 0
0.035747924 0
0.036827393 0
0.037177375 0
0.037714356 0
0.037945937 0
0.037563393 0
0.037032118 0
0.036703123 0
0.03604897 0
0.035463487 0
0.034984625 0
0.03453284 0
0.033803352 0
0.032998975 0
0.032312696 0
0.031332814 0
0.030312404 0
0.029255803 0
0.028156773 0
0.026980028 0
0.025676444 0
0.025043413 0
0.024544294 0
0.023463742 0
0.022639074 0
0.021774713 0
0.020558277 0
0.019653851 0
0.018572854 0
0.017527374 0
0.016309125 0
0.015257337 0
0.014254373 0
0.013323118 0
0.01193043 0
0.010800625 0
0.00963797 0
0.008447402 0
0.007594998 0
0.006902588 0
0.006159454 0
0.005435401 0
0.004752337 0
0.00386829 0
0.003133897 0
0.002308784 0
0.001687924 0
0.000881591 0
0.00022978 0
-0.000393212 0
-0.000847469 0
-0.001257698 0
-0.001840625 0
-0.002588876 0
-0.002208035 0
-0.002036777 0
-0.001230713 0
-0.000605022 0
0.000171532 0
0.000502394 0
0.001179024 0
0.001937242 0
0.002828465 0
0.004016029 0
0.004972796 0
0.005404025 0
0.006538127 0
0.006487402 0
0.006444369 0
0.007349505 0
0.00771352 0
0.008730056 0
0.009508653 0
0.010416739 0
0.011071765 0
0.011618961 0
0.012539217 0
0.013592692 0
0.014650947 0
0.015838779 0
0.016613557 0
0.017308489 0
0.018494579 0
0.020430145 0
0.021049621 0
0.022033112 0
0.022718912 0
0.023255591 0
0.024517565 0
0.025130821 0
0.025808022 0
0.026573668 0
0.027630626 0
0.027700471 0
0.027830778 0
0.028009909 0
0.028367973 0
0.028926417 0
0.028888911 0
0.028114917 0
0.028643547 0
0.028402003 0
0.029065985 0
0.029235467 0
0.028699963 0
0.02760685 0
0.026732451 0
0.026010442 0
0.025244406 0
0.024690298 0
0.023841893 0
0.023268845 0
0.022305166 0
0.021345449 0
0.020064375 0
0.019262911 0
0.018533688 0
0.017356037 0
0.016116788 0
0.015570372 0
0.014443359 0
0.013351631 0
0.012775402 0
0.011900701 0
0.011357555 0
0.010662623 0
0.009620323 0
0.008754524 0
0.008409322 0
0.007231974 0
0.006409597 0
0.00562661 0
0.005064684 0
0.004356977 0
0.003823869 0
0.003030311 0
0.00208033 0
0.001119778 0
0.000976697 0
-0.000134806 0
-0.000459024 0
-0.000668875 0
-0.000903368 0
-0.001496635 0
-0.001808541 0
-0.002220902 0
-0.00265851 0
-0.002964339 0
-0.0031558 0
-0.003329315 0
-0.003422985 0
-0.00366144 0
-0.003927275 0
-0.00374628 0
-0.003532132 0
-0.003788922 0
-0.003640708 0
-0.00338717 0
-0.003481834 0
-0.003391862 0
-0.003357092 0
-0.003695772 0
-0.00372047 0
-0.003774447 0
-0.003568205 0
-0.003512612 0
-0.002888751 0
-0.002476125 0
-0.00171183 0
-0.000801134 0
-0.000105 0
0.00022409 0
0.001410658 0
0.00263326 0
0.003227308 0
0.003162759 0
0.003978169 0
0.004586129 0
0.004835013 0
0.005487001 0
0.006040664 0
0.006686558 0
0.00751071 0
0.008596361 0
0.008859761 0
0.009746117 0
0.010374972 0
0.012267594 0
0.012301192 0
0.012103604 0
0.013344986 0
0.013758858 0
0.014553108 0
0.014806772 0
0.015516611 0
0.015542819 0
0.015509577 0
0.015683999 0
0.016355068 0
0.016621507 0
0.016512452 0
0.01620037 0
0.015679701 0
0.015678564 0
0.014833197 0
0.013948068 0
0.01304446 0
0.012276594 0
0.011105322 0
0.010686884 0
0.009707552 0
0.008307704 0
0.007131048 0
0.006126557 0
0.005047692 0
0.003949052 0
0.00292022 0
0.002091464 0
0.00111366 0
-0.000134936 0
-0.001255394 0
-0.002595313 0
-0.003307107 0
-0.004771202 0
-0.005651128 0
-0.006343449 0
-0.00783423 0
-0.009196573 0
-0.010321206 0
-0.011103714 0
-0.012150936 0
-0.012857862 0
-0.013610343 0
-0.014277577 0
-0.015249821 0
-0.015860554 0
-0.016437299 0
-0.017182176 0
-0.018087349 0
-0.018633143 0
-0.019227531 0
-0.019471513 0
-0.019646984 0
-0.019942455 0
-0.020069421 0
-0.020040124 0
-0.019632899 0
-0.01908462 0
-0.018161451 0
-0.017188783 0
-0.016442735 0
-0.015198655 0
-0.013861438 0
-0.01270216 0
-0.011954123 0
-0.010683445 0
-0.010049935 0
-0.009587898 0
-0.008936817 0
-0.008364071 0
-0.00767232 0
-0.006428114 0
-0.005725792 0
-0.004753816 0
-0.003934922 0
-0.003178232 0
-0.003026837 0
-0.002854761 0
-0.001844175 0
-0.000391168 0
0.001072927 0
0.002307753 0
0.00360654 0
0.004264747 0
0.004811322 0
0.005942742 0
0.007336425 0
0.008068901 0
0.009095689 0
0.010007258 0
0.010905821 0
0.012183839 0
0.013040204 0
0.014151531 0
0.014735276 0
0.016275788 0
0.018063744 0
0.018674868 0
0.01871856 0
0.019551491 0
0.020628828 0
0.02222067 0
0.022801074 0
0.023234117 0
0.024033147 0
0.024919628 0
0.025346203 0
0.025285956 0
0.025168906 0
0.02503034 0
0.025233669 0
0.024638928 0
0.024470192 0
0.023940177 0
0.023485832 0
0.02317757 0
0.022358374 0
0.021288162 0
0.020281149 0
0.019113306 0
0.018054358 0
0.016948718 0
0.015912886 0
0.015310806 0
0.014262501 0
0.013206592 0
0.012144979 0
0.011150971 0
0.009850211 0
0.008866632 0
0.007294476 0
0.005935173 0
0.004339067 0
0.002794522 0
0.001253708 0
-0.000356007 0
-0.002127618 0
-0.003515136 0
-0.005012615 0
-0.006258777 0
-0.007419087 0
-0.008576358 0
-0.009566031 0
-0.010880258 0
-0.011634124 0
-0.012526699 0
-0.013341933 0
-0.013816195 0
-0.01443471 0
-0.015203873 0
-0.015287202 0
-0.015267729 0
-0.015062872 0
-0.014354687 0
-0.013478459 0
-0.012938795 0
-0.012036573 0
-0.011019344 0
-0.009731413 0
-0.008592833 0
-0.007433644 0
-0.006159322 0
-0.004926985 0
-0.003844603 0
-0.002552798 0
-0.001592389 0
-0.000719501 0
0.000328359 0
0.000991523 0
0.001721526 0
0.002432057 0
0.003188748 0
0.003759895 0
0.004398184 0
0.005128099 0
0.006178234 0
0.007202198 0
0.008370947 0
0.009336368 0
0.010411359 0
0.011442626 0
0.01245815 0
0.013725224 0
0.014909786 0
0.016153513 0
0.017017483 0
0.018346529 0
0.019791684 0
0.021154026 0
0.022586176 0
0.024015589 0
0.025358459 0
0.026913185 0
0.028922646 0
0.030147417 0
0.031529978 0
0.032970639 0
0.034203245 0
0.035500949 0
0.036224523 0
0.03704985 0
0.037804463 0
0.038550032 0
0.038837294 0
0.038788827 0
0.038652606 0
0.038379898 0
0.038111151 0
0.037554965 0
0.037257185 0
0.036764588 0
0.036405298 0
0.035620393 0
0.03491473 0
0.033893414 0
0.033097955 0
0.03210798 0
0.030914588 0
0.029793437 0
0.028991972 0
0.027978651 0
0.027236955 0
0.026247282 0
0.025415703 0
0.024168849 0
0.023135148 0
0.021907767 0
0.020531727 0
0.019479637 0
0.018232267 0
0.016788551 0
0.015506357 0
0.014483388 0
0.012880513 0
0.0115006 0
0.009998252 0
0.009174063 0
0.00796372 0
0.006700218 0
0.005781649 0
0.00447746 0
0.003730595 0
0.002777345 0
0.001902946 0
0.001307777 0
0.000996778 0
0.000547604 0
-0.000938058 0
-0.000641789 0
-0.000167972 0
0.000105 0
0.000144412 0
0.000470104 0
0.000685301 0
0.001136305 0
0.001721524 0
0.002748702 0
0.004219583 0
0.005681723 0
0.006395078 0
0.007670235 0
0.007952805 0
0.009231302 0
0.010255657 0
0.011282143 0
0.012272811 0
0.013475335 0
0.013748774 0
0.014615568 0
0.015414687 0
0.01547323 0
0.015324714 0
0.01634603 0
0.017215863 0
0.017392417 0
0.017466312 0
0.018034492 0
0.018594072 0
0.018845214 0
0.019548354 0
0.021138774 0
0.022489424 0
0.023106801 0
0.023436492 0
0.024056748 0
0.02425139 0
0.024155768 0
0.024397866 0
0.024251305 0
0.024216003 0
0.023821855 0
0.023640168 0
0.023616272 0
0.023941342 0
0.024467538 0
0.024245999 0
0.024710295 0
0.024672096 0
0.024981353 0
0.025365286 0
0.025602 0
0.025451121 0
0.025406401 0
0.025066407 0
0.024727248 0
0.025075149 0
0.024841776 0
0.024554337 0
0.024003108 0
0.023910273 0
0.022888264 0
0.02241887 0
0.021877768 0
0.021256517 0
0.020301135 0
0.019549703 0
0.01876215 0
0.017989806 0
0.017130012 0
0.016358503 0
0.015356962 0
0.014664162 0
0.01371722 0
0.013071414 0
0.012007065 0
0.011025832 0
0.009780879 0
0.008794778 0
0.008024868 0
0.007525144 0
0.006778279 0
0.00573788 0
0.005008267 0
0.004539406 0
0.003619754 0
0.003105036 0
0.002521115 0
0.002252242 0
0.001571134 0
0.001173591 0
0.001333371 0
0.001167602 0
0.000683516 0
0.00045828 0
0.000397604 0
0.000482016 0
0.000589242 0
0.000461797 0
0.000736247 0
0.000676869 0
0.000569732 0
5e-06 0
0.000186491 0
0.000398738 0
0.000339964 0
5e-06 0
-0.000305628 0
-5e-06 0
-5.99999999999999e-06 0
0.000136509 0
4.99999999999999e-06 0
0.000137504 0
0.000324718 0
0.001043243 0
0.001442083 0
0.001578874 0
0.002755794 0
0.00306331 0
0.003297287 0
0.003680918 0
0.004065846 0
0.004172379 0
0.004716394 0
0.004261571 0
0.004672581 0
0.004637597 0
0.004381021 0
0.004239576 0
0.004353108 0
0.003858824 0
0.003542176 0
0.002823331 0
0.002346991 0
0.001832931 0
0.001697492 0
0.001190806 0
0.001182207 0
0.001347674 0
0.001763552 0
0.001652151 0
0.001691398 0
0.000638582 0
0.000516005 0
0.000488181 0
0.000692736 0
-0.000287982 0
-0.000374953 0
-5e-06 0
-0.001154688 0
-0.002297355 0
-0.002817155 0
-0.003772537 0
-0.003940492 0
-0.00508394 0
-0.005772564 0
-0.006090173 0
-0.006809748 0
-0.007681712 0
-0.008503254 0
-0.009416119 0
-0.010162292 0
-0.011291794 0
-0.012770796 0
-0.013685705 0
-0.01524425 0
-0.016301208 0
-0.017612913 0
-0.018807053 0
-0.020250235 0
-0.02140438 0
-0.022228801 0
-0.023572451 0
-0.024569036 0
-0.025482505 0
-0.02645331 0
-0.027343664 0
-0.028176684 0
-0.029177302 0
-0.030115255 0
-0.031116477 0
-0.032007435 0
-0.032976339 0
-0.0338746 0
-0.03456374 0
-0.035499952 0
-0.035911923 0
-0.036361613 0
-0.036713211 0
-0.036877594 0
-0.036747539 0
-0.03675589 0
-0.036507522 0
-0.035747617 0
-0.035174091 0
-0.03462885 0
-0.03377428 0
-0.033200007 0
-0.032234553 0
-0.031426214 0
-0.030766533 0
-0.029378289 0
-0.028443945 0
-0.026928558 0
-0.026558537 0
-0.026174515 0
-0.025441297 0
-0.025499236 0
-0.024181492 0
-0.023967289 0
-0.022112832 0
-0.02117806 0
-0.019523838 0
-0.017704755 0
-0.016354621 0
-0.017110883 0
-0.01582448 0
-0.014778911 0
-0.013390915 0
-0.012518043 0
-0.011141311 0
-0.009692034 0
-0.008394241 0
-0.006974388 0
-0.005901528 0
-0.004618856 0
-0.003726672 0
-0.00306969 0
-0.001481634 0
-5.00000000000001e-06 0
0.001423226 0
0.002522773 0
0.003579731 0
0.005059425 0
0.006116471 0
0.006727293 0
0.007383582 0
0.008315404 0
0.00924561 0
0.009742988 0
0.010685666 0
0.011132709 0
0.011090939 0
0.010974582 0
0.010659676 0
0.009667002 0
0.008869234 0
0.00828128 0
0.007603298 0
0.006393169 0
0.005118634 0
0.004206071 0
0.002669948 0
0.001532754 0
0.000339664 0
-0.0007478 0
-0.001878687 0
-0.003366519 0
-0.004802718 0
-0.005839155 0
-0.00697308 0
-0.008064418 0
-0.009428678 0
-0.010682142 0
-0.012074083 0
-0.013234091 0
-0.014376153 0
-0.015489398 0
-0.01651162 0
-0.017191343 0
-0.018169841 0
-0.019268871 0
-0.020278016 0
-0.020905042 0
-0.021606974 0
-0.02255635 0
-0.023088854 0
-0.024151763 0
-0.024658487 0
-0.025483457 0
-0.026364163 0
-0.027037881 0
-0.02791928 0
-0.028287383 0
-0.028683398 0
-0.029444654 0
-0.029398407 0
-0.029234682 0
-0.028450986 0
-0.027401296 0
-0.026430919 0
-0.024941401 0
-0.023620689 0
-0.021857644 0
-0.020590092 0
-0.219385683 0
-0.219465706 0
-0.219560635 0
-0.027503181 0
-0.219728586 0
-0.219784268 0
-0.219874933 0
-0.219925445 0
-0.220003335 0
-0.220076358 0
-0.22016155 0
-0.220258914 0
-0.220346541 0
-0.220475547 0
-0.220624026 0
-0.220772504 0
-0.220980308 0
-0.221093803 0
0.00150437599999995 0
-0.22125415 0
-0.221437613 0
-0.221570883 0
-0.221745746 0
-0.221921088 0
-0.222140457 0
-0.222315409 0
0.012828136 0
-0.22272007 0
-0.222942478 0
0.010390708 0
0.017266067 0
0.018747289 0
-0.223598987 0
-0.223776373 0
-0.00136718300000002 0
0.014033007 0
-0.224168046 0
-0.224325959 0
-0.224467135 0
0.024802186 0
0.025118356 0
0.025271404 0
0.02592238 0
0.026397033 0
0.026508345 0
0.026193439 0
0.026135713 0
0.025790851 0
0.025354896 0
0.024917804 0
0.024366877 0
0.023902493 0
0.023174924 0
0.022428272 0
0.021405126 0
0.020624787 0
0.019756998 0
0.019251181 0
0.018187277 0
0.01724451 0
0.016860968 0
0.015828619 0
0.015564081 0
0.015422813 0
0.014303101 0
0.013744213 0
0.012631237 0
0.010888126 0
0.010609215 0
0.009514877 0
0.007953595 0
0.006893813 0
0.005098377 0
0.004233413 0
0.004566743 0
0.002340132 0
0.002188913 0
0.001107224 0
-0.000488223 0
-0.000841117 0
-0.002044032 0
-0.002399058 0
-0.003360001 0
-0.003485528 0
-0.002681327 0
-0.001416993 0
-0.002128875 0
-0.003481658 0
-0.005346812 0
-0.005503558 0
-0.006255292 0
-0.006508955 0
-0.006308098 0
-0.006276065 0
-0.007430386 0
-0.007901077 0
-0.007147072 0
-0.006501606 0
-0.00605787 0
-0.007343367 0
-0.007176977 0
-0.00673189 0
-0.006876763 0
-0.006843291 0
-0.008162386 0
-0.008579615 0
-0.010537265 0
-0.00830266 0
-0.007428689 0
-0.008929471 0
-0.008042122 0
-0.008969466 0
-0.009066866 0
-0.009228212 0
-0.010537533 0
-0.010704742 0
-0.007586517 0
-0.007312936 0
-0.004817365 0
-0.006230252 0
-0.005817198 0
-0.005006354 0
-0.004354882 0
-0.00551416 0
-0.006094989 0
-0.005476298 0
-0.006580889 0
-0.008339687 0
-0.008153736 0
-0.009007542 0
-0.008305345 0
-0.009321311 0
-0.004733906 0
-0.007834097 0
-0.008357293 0
-0.006456621 0
-0.007289339 0
-0.009538036 0
-0.005370719 0
-0.008203338 0
-0.009986426 0
-0.010642715 0
-0.010828011 0
-0.011799898 0
-0.012872544 0
-0.01422815 0
-0.014555798 0
-0.014782384 0
-0.015491619 0
-0.017078022 0
-0.017717146 0
-0.017963508 0
-0.019042851 0
-0.019546696 0
-0.020045903 0
-0.020903956 0
-0.02171585 0
-0.022569567 0
-0.023435224 0
-0.023901349 0
-0.025009511 0
-0.025342026 0
-0.026192475 0
-0.027210219 0
-0.027851778 0
-0.028579952 0
-0.029473823 0
-0.029929608 0
-0.030741199 0
-0.030892808 0
-0.031427603 0
-0.032011524 0
-0.032455831 0
-0.033036483 0
-0.032987802 0
-0.033081471 0
-0.033427987 0
-0.033614881 0
-0.03366209 0
-0.033827166 0
-0.03370077 0
-0.033510572 0
-0.033462886 0
-0.03329193 0
-0.033166226 0
-0.033066606 0
-0.032498552 0
-0.032348986 0
-0.031192889 0
-0.031239049 0
-0.030411468 0
-0.029551195 0
-0.028155204 0
-0.028756466 0
-0.027737852 0
-0.028493191 0
-0.027521732 0
-0.027268815 0
-0.026790041 0
-0.025936235 0
-0.023583531 0
-0.023118401 0
-0.021574674 0
-0.020490995 0
-0.019570349 0
-0.018066297 0
-0.01847505 0
-0.015209518 0
-0.016613768 0
-0.014803338 0
-0.014367631 0
-0.013507837 0
-0.012181137 0
-0.009600709 0
-0.009125628 0
-0.005817987 0
-0.005346637 0
-0.004707744 0
-0.002984407 0
-0.001634059 0
-0.000220601 0
0.000550215 0
0.001958893 0
0.003232131 0
0.004161645 0
0.006553776 0
0.007910734 0
0.008869154 0
0.009723388 0
0.011070076 0
0.012100524 0
0.013675416 0
0.013965414 0
0.014817 0
0.015248301 0
0.015403871 0
0.015606508 0
0.015743601 0
0.015542529 0
0.015163981 0
0.014637004 0
0.013853236 0
0.013119359 0
0.011887324 0
0.011270941 0
0.010041339 0
0.008888848 0
0.008000839 0
0.007065375 0
0.00601668 0
0.005227901 0
0.004089322 0
0.003333626 0
0.002232464 0
0.000960967 0
5e-06 0
-0.001387351 0
-0.002739831 0
-0.004085009 0
-0.005184945 0
-0.006171882 0
-0.007537439 0
-0.008696238 0
-0.009930317 0
-0.011233369 0
-0.012041834 0
-0.013266869 0
-0.014324608 0
-0.015627358 0
-0.01682114 0
-0.017796297 0
-0.018519603 0
-0.018961777 0
-0.019821055 0
-0.020231071 0
-0.020139659 0
-0.020601696 0
-0.020442306 0
-0.020695454 0
-0.020486031 0
-0.020081027 0
-0.019509188 0
-0.018994079 0
-0.017966598 0
-0.016822315 0
-0.015348307 0
-0.014020915 0
-0.012259469 0
-0.010923939 0
-0.009552679 0
-0.008344984 0
-0.006225296 0
-0.003608747 0
-0.002900134 0
-0.001348803 0
-0.000326883 0
0.000827439 0
0.001907387 0
0.003697349 0
0.00489561 0
0.005526207 0
0.006865912 0
0.008956391 0
0.010475084 0
0.012426162 0
0.01415458 0
0.015347884 0
0.017260335 0
0.018647925 0
0.021510835 0
0.022673634 0
0.025101105 0
0.026644139 0
0.028433091 0
0.030823233 0
0.032989952 0
0.034925733 0
0.036637717 0
0.038810299 0
0.040926826 0
0.042903205 0
0.04468704 0
0.047062045 0
0.048900034 0
0.050608447 0
0.051715048 0
0.053495488 0
0.054160376 0
0.054925417 0
0.055045988 0
0.055312871 0
0.055812292 0
0.056288669 0
0.056792657 0
0.057259919 0
0.057263171 0
0.057112221 0
0.056549425 0
0.055897136 0
0.055239374 0
0.054560699 0
0.053412988 0
0.05291522 0
0.052553798 0
0.052045689 0
0.051611421 0
0.051161945 0
0.050114156 0
0.049586965 0
0.049307219 0
0.049133401 0
0.048611594 0
0.048256782 0
0.047365257 0
0.046900269 0
0.045823057 0
0.044252858 0
0.043665986 0
0.046916129 0
0.052304434 0
0.047137451 0
0.046093542 0
0.038523818 0
0.048129606 0
0.040883702 0
0.036685527 0
0.03539308 0
0.035137407 0
0.034093063 0
0.032210782 0
0.032637266 0
0.030230051 0
0.030312205 0
0.02905439 0
0.027735508 0
0.027322454 0
0.026899966 0
0.027524575 0
0.026970521 0
0.026552209 0
0.027003372 0
0.026784444 0
0.026908016 0
0.026877367 0
0.026856598 0
0.02744425 0
0.028377067 0
0.029124499 0
0.029344741 0
0.028552925 0
0.028625557 0
0.028549672 0
0.028413096 0
0.028278403 0
0.030792755 0
0.032628184 0
0.033299858 0
0.033169111 0
0.035465973 0
0.035523522 0
0.036015587 0
0.036935239 0
0.038436021 0
0.038152972 0
0.038217609 0
0.03896769 0
0.039895336 0
0.039237397 0
0.039408089 0
0.040401492 0
0.041639445 0
0.04356666 0
0.044718069 0
0.045197804 0
0.045966186 0
0.04685654 0
0.04782356 0
0.04822153 0
0.049026121 0
0.050138673 0
0.051580647 0
0.05163619 0
0.052618951 0
0.053986338 0
0.054440292 0
0.054753423 0
0.054552956 0
0.054407176 0
0.053753803 0
0.052878536 0
0.052108752 0
0.050953133 0
0.049793037 0
0.048306948 0
0.047245033 0
0.045839784 0
0.044872853 0
0.043586005 0
0.042247827 0
0.041038088 0
0.039906597 0
0.038772441 0
0.037274873 0
0.035962778 0
0.034834627 0
0.034068289 0
0.032945912 0
0.03210003 0
0.030875297 0
0.030106524 0
0.029123159 0
0.028348381 0
0.026913621 0
0.025522284 0
0.024538616 0
0.02326385 0
0.022143606 0
0.020946482 0
0.020043265 0
0.019101795 0
0.018318418 0
0.017065169 0
0.016216852 0
0.0151293 0
0.014502648 0
0.013596002 0
0.012740685 0
0.01177427 0
0.010962981 0
0.010108269 0
0.009639018 0
0.009632106 0
0.009934149 0
0.009940759 0
0.010139824 0
0.011195519 0
0.012103781 0
0.013238718 0
0.013299696 0
0.01391526 0
0.015756553 0
0.016493468 0
0.017573114 0
0.019000429 0
0.017918227 0
0.018971489 0
0.02010703 0
0.020631787 0
0.021334109 0
0.022144563 0
0.023267543 0
0.023836861 0
0.023945135 0
0.024814754 0
0.02592869 0
0.026931138 0
0.027667663 0
0.029128808 0
0.029602449 0
0.030802237 0
0.031309263 0
0.033257994 0
0.03405937 0
0.035723063 0
0.036800577 0
0.038597666 0
0.040065634 0
0.041632228 0
0.042741725 0
0.044674165 0
0.046177561 0
0.047865897 0
0.049457046 0
0.051179673 0
0.052670064 0
0.054454982 0
0.055603566 0
0.056781876 0
0.057855873 0
0.059087429 0
0.059990861 0
0.061035737 0
0.061555537 0
0.062170623 0
0.062239952 0
0.06200093 0
0.061686628 0
0.061014173 0
0.060445905 0
0.059286023 0
0.058493212 0
0.057725346 0
-0.168375859 0
0.055474126 0
0.054392437 0
-0.228231214 0
0.0521319589999999 0
0.050844809 0
0.049671725 0
0.048385481 0
0.047503868 0
0.046297399 0
0.044901886 0
0.043778994 0
0.042406525 0
0.041453061 0
0.040058241 0
0.038550421 0
0.036635233 0
0.035528775 0
0.03405251 0
0.032533817 0
0.031317166 0
0.029619006 0
0.028307905 0
0.027092694 0
0.025548363 0
0.024202581 0
0.022900826 0
0.021611846 0
0.020444838 0
0.019469077 0
0.018290201 0
0.017120067 0
0.016521931 0
0.015711779 0
0.015203973 0
0.014647342 0
0.014296706 0
0.01457471 0
0.015196885 0
0.016226195 0
0.016999622 0
0.018019499 0
0.019135479 0
0.019986104 0
0.021113739 0
0.022267527 0
0.023579711 0
0.024972878 0
0.025872524 0
0.02692296 0
0.027709997 0
0.027963359 0
0.028966889 0
0.029802733 0
0.030942148 0
0.031528503 0
0.032634836 0
0.033497064 0
0.034712363 0
0.036171678 0
0.037625734 0
0.038704901 0
0.039850695 0
0.040876489 0
0.042155502 0
0.043175735 0
0.044425539 0
0.045970441 0
0.047260415 0
0.048890812 0
0.049772781 0
0.051905814 0
0.053396595 0
0.05482114 0
0.055760604 0
0.057163633 0
0.058339294 0
0.059538818 0
0.060359969 0
0.061659806 0
0.061838848 0
0.061717446 0
0.061373847 0
0.061411533 0
0.061908822 0
0.062750369 0
0.063512746 0
0.064175217 0
0.064080678 0
0.063546915 0
0.063083048 0
0.062499873 0
0.062014187 0
0.061899215 0
0.061370106 0
0.061091107 0
0.061198723 0
0.060398005 0
0.059306881 0
0.058919696 0
0.057435205 0
0.056984164 0
0.055087756 0
0.054294819 0
0.05304896 0
0.051750634 0
0.050627742 0
0.049397322 0
0.047871931 0
0.047287581 0
0.045969179 0
0.044446452 0
0.042980225 0
0.041784487 0
0.040939688 0
0.039254604 0
0.038539079 0
0.036416299 0
0.035359039 0
0.034063982 0
0.032774397 0
0.031566489 0
0.03018041 0
0.029036002 0
0.027596159 0
0.026447487 0
0.025023386 0
0.023769923 0
0.022372278 0
0.021403517 0
0.020729497 0
0.019811071 0
0.01939354 0
0.019352727 0
0.01943426 0
0.01917747 0
0.018263912 0
0.01667202 0
0.016050983 0
0.016310774 0
0.016080758 0
0.016129742 0
0.016217583 0
0.015421947 0
0.015366228 0
0.015170806 0
0.01499546 0
0.015031971 0
0.014054435 0
0.014258154 0
0.014641873 0
0.01480917 0
0.014865758 0
0.014850247 0
0.015150763 0
0.015264207 0
0.016186293 0
0.016352506 0
0.016763516 0
0.016585258 0
0.017043867 0
0.017448712 0
0.017753705 0
0.017839204 0
0.0190569 0
0.019469563 0
0.020123363 0
0.021131212 0
0.021891688 0
0.022840976 0
0.023418414 0
0.024524658 0
0.025554094 0
0.026193433 0
0.027328495 0
0.027537955 0
0.028354024 0
0.029147582 0
0.02933796 0
0.030118601 0
0.030673011 0
0.030372923 0
0.030643626 0
0.030518137 0
0.030175851 0
0.029813346 0
0.029269331 0
0.028279784 0
0.027413434 0
0.026517129 0
0.025611477 0
0.024164849 0
0.023522384 0
0.022256359 0
0.020970951 0
0.019800673 0
0.018752369 0
0.01750491 0
0.016341331 0
0.014838291 0
0.013537229 0
0.01198659 0
0.010379452 0
0.009155197 0
0.00729674 0
0.005572195 0
0.004228403 0
0.002395726 0
0.000559781 0
-0.001268561 0
-0.003428721 0
-0.005155096 0
-0.00763681 0
-0.00941542 0
-0.011078597 0
-0.012608626 0
-0.016219057 0
-0.017934559 0
-0.019518884 0
-0.02089766 0
-0.022419481 0
-0.023753697 0
-0.02509788 0
-0.026332261 0
-0.027818351 0
-0.028721958 0
-0.029869972 0
-0.030542339 0
-0.030940574 0
-0.030766366 0
-0.029992939 0
-0.029052162 0
-0.027953186 0
-0.027137633 0
-0.026064295 0
-0.025577917 0
-0.024780451 0
-0.024003365 0
-0.022903252 0
-0.022119396 0
-0.021806089 0
-0.021609672 0
-0.021363826 0
-0.02154443 0
-0.020502345 0
-0.019747858 0
-0.018921662 0
-0.018616669 0
-0.017771995 0
-0.017039645 0
-0.015089688 0
-0.014481905 0
-0.013357325 0
-0.013430347 0
-0.011815285 0
-0.01091603 0
-0.008916875 0
-0.007764774 0
-0.006724376 0
-0.00578095 0
-0.004544046 0
-0.003126023 0
-0.001767164 0
-0.000543816 0
0.000823785 0
0.00271806 0
0.003935013 0
0.005729365 0
0.006100347 0
0.006814575 0
0.007769638 0
0.008254455 0
0.008736233 0
0.009147369 0
0.010096141 0
0.010847271 0
0.010938418 0
0.012012201 0
0.012300156 0
0.012314886 0
0.012540869 0
0.012388995 0
0.012427159 0
0.012381 0
0.012169676 0
0.011706502 0
0.011302794 0
0.010660845 0
0.009913198 0
0.00944098 0
0.009152635 0
0.008689762 0
0.008847943 0
0.00860423 0
0.008707279 0
0.008269885 0
0.007863441 0
0.00732742 0
0.006721289 0
0.006017066 0
0.005498084 0
0.004628163 0
0.004303554 0
0.003775457 0
0.003132459 0
0.002067116 0
0.001165728 0
0.000432241 0
-0.000494091 0
-0.001514715 0
-0.002758832 0
-0.003807742 0
-0.004514151 0
-0.005735225 0
-0.006712425 0
-0.007903082 0
-0.008889183 0
-0.009550731 0
-0.010323767 0
-0.010786853 0
-0.011374808 0
-0.011871669 0
-0.012052878 0
-0.01180634 0
-0.011473346 0
-0.011161264 0
-0.010649496 0
-0.010342975 0
-0.009326883 0
-0.008464567 0
-0.007740036 0
-0.007118394 0
-0.00614832 0
-0.004511582 0
-0.004142555 0
-0.00251829 0
-2.04999999999997e-05 0
0.001378107 0
0.00298107 0
0.00377676 0
0.004982713 0
0.005572712 0
0.007236971 0
0.008351512 0
0.009488191 0
0.010002909 0
0.010862099 0
0.012436243 0
0.013681801 0
0.015481109 0
0.016257096 0
0.017620219 0
0.018563128 0
0.019397444 0
0.021012809 0
0.021944882 0
0.022797941 0
0.023650735 0
0.024610897 0
0.02587614 0
0.027048532 0
0.028424875 0
0.029676118 0
0.03096318 0
0.031867056 0
0.033553952 0
0.035079558 0
0.036198488 0
0.037661286 0
0.038759838 0
0.040118306 0
0.041122194 0
0.04176084 0
0.042738946 0
0.043494554 0
0.043573833 0
0.04362886 0
0.043551573 0
0.043618166 0
0.043513287 0
0.043476775 0
0.043299743 0
0.042883029 0
0.04231963 0
0.041809087 0
0.041168133 0
0.040300041 0
0.039497884 0
0.038927661 0
0.038116762 0
0.037207237 0
0.036308888 0
0.035740797 0
0.03484458 0
0.033989956 0
0.032951991 0
0.032166269 0
0.031098882 0
0.030412779 0
0.029154448 0
0.028394665 0
0.027297553 0
0.02593999 0
0.024726076 0
0.023373382 0
0.022432693 0
0.021307065 0
0.020164095 0
0.019057549 0
0.017966514 0
0.017037605 0
0.015846344 0
0.015049748 0
0.014071553 0
0.013565966 0
0.01250853 0
0.012020196 0
0.011398022 0
0.010898122 0
0.011013182 0
0.011242984 0
0.011692851 0
0.012722162 0
0.01332616 0
0.014291669 0
0.015459067 0
0.016451867 0
0.017575628 0
0.018602807 0
0.020509039 0
0.021702129 0
0.023546371 0
0.024559693 0
0.025936728 0
0.027396735 0
0.028121178 0
0.029359521 0
0.030385084 0
0.032249458 0
0.033714476 0
0.033209141 0
0.03510068 0
0.037920772 0
0.038525039 0
0.040243578 0
0.042098518 0
0.043762601 0
0.045802497 0
0.04731897 0
0.049127306 0
0.050338094 0
0.052144263 0
0.053431502 0
0.054255087 0
-0.230524028 0
0.056073125 0
0.057007205 0
0.05874431 0
0.059387292 0
0.061608341 0
0.060987182 0
0.061797246 0
-0.231042585 0
0.063146423 0
0.063580603 0
0.063550701 0
0.063798448 0
0.062636043 0
-0.231736943 0
0.062071347 0
0.0617244410000001 0
0.060463108 0
0.059583753 0
0.059008573 0
0.058711486 0
0.05787312 0
0.057525698 0
0.056389251 0
0.055501242 0
0.054684178 0
0.053852901 0
0.053304886 0
0.052498855 0
0.051441507 0
0.050637394 0
0.049400277 0
0.048703213 0
0.048140896 0
0.047379728 0
0.046780988 0
0.045773672 0
0.044987114 0
0.044759621 0
0.044078903 0
0.042992648 0
0.042118337 0
0.040745566 0
0.039758718 0
0.03848626 0
0.036719216 0
0.035267984 0
0.033474714 0
0.031334379 0
0.029608483 0
0.027849736 0
0.026028785 0
0.02404784 0
0.022123093 0
0.020074472 0
0.018367356 0
0.016604647 0
0.015009679 0
0.013775902 0
0.012816184 0
0.01195639 0
0.010707404 0
0.00982183 0
0.008765228 0
0.008368076 0
0.008196692 0
0.007319859 0
0.007146734 0
0.006880509 0
0.006936581 0
0.00594865 0
0.00494702 0
0.005562157 0
0.005489613 0
0.005153971 0
0.005206296 0
0.005532982 0
0.005210346 0
0.005874361 0
0.00504017 0
0.005532466 0
0.006004454 0
0.005739668 0
0.006356228 0
0.005375334 0
0.005918657 0
0.007512895 0
0.00847231 0
0.00809298 0
0.00967352 0
0.010221623 0
0.009898722 0
0.011148098 0
0.011915876 0
0.012102255 0
0.012825703 0
0.013936904 0
0.014497693 0
0.015423724 0
0.015871513 0
0.016477555 0
0.015633364 0
0.017979512 0
0.018823565 0
0.019233404 0
0.019621424 0
0.020280021 0
0.020559679 0
0.021666616 0
0.021541127 0
0.021510835 0
0.0219873 0
0.022021734 0
0.021733514 0
0.021536778 0
0.020646604 0
0.020177868 0
0.019687012 0
0.018700432 0
0.017761308 0
0.01703587 0
0.016262834 0
0.015132161 0
0.014453877 0
0.014015131 0
0.012832524 0
0.011790829 0
0.010907991 0
0.009754895 0
0.008784304 0
0.007911735 0
0.006912628 0
0.005883708 0
0.005067941 0
0.004008301 0
0.003055655 0
0.002105674 0
0.000849386 0
-0.000178842 0
-0.001495503 0
-0.002358336 0
-0.003487926 0
-0.004813933 0
-0.00647727 0
-0.007982051 0
-0.009360828 0
-0.01065489 0
-0.01217488 0
-0.013391228 0
-0.015029922 0
-0.016816066 0
-0.018281457 0
-0.019749514 0
-0.020874236 0
-0.022118958 0
-0.02316179 0
-0.0238927 0
-0.024358221 0
-0.024473193 0
-0.024245825 0
-0.023660074 0
-0.023174388 0
-0.022805807 0
-0.022538143 0
-0.022134435 0
-0.021555986 0
-0.019974451 0
-0.019655155 0
-0.018408213 0
-0.017075722 0
-0.015125462 0
-0.012936962 0
-0.01181208 0
-0.010784759 0
-0.009960091 0
-0.008902956 0
-0.007785679 0
-0.00712678 0
-0.006625885 0
-0.006273897 0
-0.005931041 0
-0.004399397 0
-0.003577553 0
-0.001653926 0
-0.000406468 0
0.000433249 0
0.001776295 0
0.002861627 0
0.00350523 0
0.004850533 0
0.00676659 0
0.008395761 0
0.010422047 0
0.011293533 0
0.012312024 0
0.014142711 0
0.016032332 0
0.016948379 0
0.018775495 0
0.020456314 0
0.021210004 0
0.02267623 0
0.02357776 0
0.0246624 0
0.026050824 0
0.027927759 0
0.028587086 0
0.029181172 0
0.029567895 0
0.029798427 0
0.031013424 0
0.03088838 0
0.03058433 0
0.028149774 0
0.028149383 0
0.027938059 0
0.027439599 0
0.02686115 0
0.026159663 0
0.025495291 0
0.024703172 0
0.023946339 0
0.023107759 0
0.022170855 0
0.021344748 0
0.020774222 0
0.020041873 0
0.019270133 0
0.018540218 0
0.017910527 0
0.017387903 0
0.016604295 0
0.015741374 0
0.015096777 0
0.014475224 0
0.01359482 0
0.012739591 0
0.011700721 0
0.010462164 0
0.009255162 0
0.008112193 0
0.006770976 0
0.00574671 0
0.004598038 0
0.003395602 0
0.002591703 0
0.001332679 0
0.000527483 0
-0.000249124 0
-0.001048243 0
-0.001590341 0
-0.002058295 0
-0.002148092 0
-0.002066949 0
-0.001929466 0
-0.000842127 0
-4.9999999999999e-06 0
0.000954748 0
0.001940333 0
0.0028901 0
0.004061762 0
0.00535282 0
0.006360224 0
0.007916512 0
0.00879791 0
0.010310473 0
0.010964806 0
0.011958298 0
0.013228587 0
0.014005656 0
0.01426593 0
0.015280636 0
0.016246056 0
0.016988142 0
0.017586278 0
-0.006286346 0
0.020285623 0
0.021182977 0
0.022129832 0
0.02323007 0
0.024437073 0
0.025930678 0
0.027011675 0
0.028075101 0
0.028941114 0
0.030677653 0
0.031579964 0
0.032916916 0
0.034492643 0
0.035627617 0
0.037224629 0
0.038422713 0
0.039962621 0
0.041008315 0
0.042802579 0
0.043760823 0
0.045334631 0
0.046522765 0
0.047595839 0
0.049074148 0
0.049913777 0
0.050397901 0
0.0509723 0
0.051542133 0
0.051837302 0
0.052024037 0
0.05158707 0
0.051440207 0
0.051085219 0
0.050397467 0
0.050030094 0
0.049487677 0
0.048887854 0
0.048017933 0
0.04736877 0
0.046440608 0
0.045403479 0
0.0445738 0
0.043708231 0
0.042457806 0
0.041586232 0
0.040725833 0
0.039516699 0
0.038728542 0
0.037630205 0
0.035087337 0
0.035696414 0
0.034703702 0
0.033519442 0
0.032290621 0
0.03094523 0
0.029978689 0
0.028944242 0
0.027507526 0
0.025951805 0
0.024478062 0
0.023331912 0
0.0219644 0
0.020485256 0
0.019279567 0
0.017765138 0
0.016124703 0
0.014821597 0
0.013248535 0
0.012068006 0
0.010962756 0
0.009734771 0
0.008950949 0
0.008251149 0
0.007954062 0
0.008097639 0
0.008337781 0
0.009469449 0
0.010433128 0
0.011396202 0
0.012549387 0
0.013525236 0
0.014560107 0
0.015453072 0
0.016586482 0
0.017289408 0
0.018164197 0
0.018977921 0
0.019940462 0
0.020484389 0
0.021310585 0
0.021858084 0
0.022449912 0
0.02328819 0
0.024215446 0
0.024564466 0
0.025794068 0
0.02669112 0
0.027391524 0
0.028452604 0
0.029724546 0
0.030548823 0
0.031596133 0
0.032735229 0
0.033854781 0
0.03501836 0
0.036579944 0
0.037216546 0
0.038048428 0
0.038979771 0
0.039728076 0
0.040641546 0
0.041964817 0
0.042858512 0
0.043766119 0
0.044631528 0
0.045980651 0
0.046973719 0
0.048211138 0
0.049043767 0
0.049985363 0
0.050791003 0
0.051252776 0
0.051735461 0
0.052151607 0
0.052612776 0
0.052645594 0
0.052490895 0
0.051932099 0
0.051298023 0
0.050578326 0
0.049976887 0
0.049261311 0
0.048552131 0
0.047917787 0
0.047264591 0
0.046512236 0
0.045507266 0
0.044712713 0
0.043781814 0
0.043115399 0
0.042138198 0
0.041301146 0
0.040376412 0
0.039544299 0
0.038380028 0
0.037587003 0
0.036667439 0
0.035831293 0
0.034927472 0
0.03421376 0
0.033324543 0
0.032318524 0
0.031170686 0
0.030122168 0
0.028791682 0
0.027525302 0
0.026128668 0
0.024909672 0
0.023222776 0
0.02174333 0
0.020279323 0
0.018835696 0
0.017362255 0
0.016002347 0
0.014761746 0
0.013653459 0
0.004384444 0
0.011537465 0
0.010755989 0
0.010879044 0
0.010872736 0
0.011394241 0
0.011858322 0
0.012891204 0
0.014042256 0
-0.227186993 0
-0.22727462 0
-0.227321703 0
-0.227386588 0
-0.227477484 0
-0.227559408 0
-0.227652738 0
-0.227741964 0
-0.227819854 0
-0.227913184 0
-0.228004844 0
-0.228122515 0
-0.228202005 0
-0.228313972 0
-0.228396731 0
-0.228484358 0
-0.228561946 0
-0.228696123 0
-0.22879075 0
-0.228976042 0
-0.229139125 0
-0.229282736 0
-0.22941661 0
-0.229548051 0
-0.229677057 0
-0.229844706 0
-0.230047037 0
0.043438652 0
-0.23038294 0
-0.230572798 0
-0.230821074 0
-0.230961949 0
-0.231163977 0
-0.23135627 0
-0.231555562 0
0.052999886 0
0.054250828 0
0.055166643 0
0.055550844 0
0.056101507 0
0.056490043 0
0.057127854 0
0.057394347 0
0.057419863 0
0.057469719 0
0.057299812 0
0.056594489 0
0.056093418 0
0.055215023 0
0.054516398 0
0.054086129 0
0.053620965 0
0.052870263 0
0.05201843 0
0.051014668 0
0.050260412 0
0.049443348 0
0.048442109 0
0.047528551 0
0.04673096 0
0.046046067 0
0.045330756 0
0.044399022 0
0.043498239 0
0.042790835 0
0.041789222 0
0.040959845 0
0.039963403 0
0.038908791 0
0.03810642 0
0.036906418 0
0.036035536 0
0.034951198 0
0.033685653 0
0.032500255 0
0.031431127 0
0.03001463 0
0.029143447 0
-0.230127059 0
0.026758047 0
0.026099324 0
0.024966695 0
0.023855281 0
0.022913899 0
0.021939968 0
0.021100251 0
0.020276577 0
0.019363624 0
0.018939625 0
0.018343231 0
0.017954128 0
0.017962727 0
0.018332836 0
0.01857655 0
0.019223065 0
0.02015748 0
0.021297285 0
0.022649854 0
0.023656511 0
0.025034024 0
0.026211692 0
0.027805699 0
0.028989834 0
0.029791387 0
0.030685258 0
0.031568789 0
