13.647 11.729
13.66 11.734
13.66 11.734
13.667 11.734
13.68 11.734
13.673 11.734
13.653 11.734
13.607 11.71
13.56 11.71
13.507 11.71
13.467 11.71
13.42 11.71
13.38 11.71
13.34 11.71
13.31 11.71
13.27 11.71
13.243 11.686
13.21 11.686
13.177 11.686
13.137 11.686
13.097 11.686
13.057 11.686
13.023 11.686
12.99 11.686
12.95 11.686
12.91 11.686
12.863 11.662
12.817 11.686
12.763 11.662
12.723 11.662
12.677 11.662
12.63 11.662
12.59 11.662
12.557 11.662
12.51 11.662
12.467 11.662
12.427 11.662
12.387 11.662
12.347 11.662
12.313 11.662
12.273 11.662
12.233 11.662
12.187 11.662
12.147 11.662
12.1 11.662
12.06 11.637
12.02 11.637
11.987 11.662
11.953 11.637
11.913 11.637
11.88 11.637
11.853 11.637
11.833 11.637
11.887 11.637
11.913 11.637
11.88 11.637
11.82 11.637
11.773 11.613
11.747 11.613
11.727 11.613
11.733 11.613
11.74 11.613
11.753 11.613
11.767 11.613
11.78 11.589
11.813 11.613
11.86 11.613
11.913 11.589
11.947 11.589
12 11.589
12.033 11.589
12.087 11.589
12.153 11.589
12.2 11.565
12.22 11.565
12.247 11.565
12.307 11.565
12.387 11.565
12.46 11.565
12.523 11.565
12.583 11.54
12.643 11.54
12.697 11.54
12.73 11.54
12.77 11.54
12.83 11.516
12.91 11.516
12.977 11.516
13.03 11.516
13.103 11.516
13.177 11.516
13.223 11.492
13.25 11.492
13.297 11.492
13.34 11.492
13.34 11.492
13.36 11.492
13.4 11.467
13.427 11.467
13.433 11.467
13.453 11.467
13.48 11.467
13.493 11.443
13.487 11.443
13.473 11.443
13.46 11.443
13.44 11.443
13.413 11.443
13.387 11.443
13.36 11.443
13.333 11.419
13.303 11.443
13.263 11.443
13.223 11.419
13.17 11.419
13.11 11.419
13.063 11.419
13.017 11.419
12.963 11.419
12.91 11.419
12.857 11.419
12.803 11.419
12.743 11.419
12.69 11.419
12.63 11.419
12.577 11.419
12.51 11.419
12.447 11.419
12.373 11.419
12.307 11.419
12.247 11.419
12.18 11.419
12.12 11.419
12.047 11.419
11.98 11.419
11.927 11.419
11.867 11.419
11.8 11.419
11.74 11.419
11.68 11.419
11.617 11.419
11.557 11.419
11.497 11.419
11.437 11.419
11.383 11.419
11.343 11.419
11.31 11.419
11.297 11.419
11.303 11.419
11.363 11.419
11.417 11.419
11.417 11.419
11.403 11.419
11.41 11.419
11.437 11.419
11.477 11.419
11.517 11.419
11.57 11.419
11.637 11.419
11.72 11.419
11.8 11.419
11.893 11.419
11.987 11.419
12.08 11.419
12.18 11.419
12.273 11.419
12.353 11.419
12.44 11.394
12.53 11.394
12.623 11.394
12.683 11.394
12.743 11.394
12.797 11.394
12.85 11.394
12.903 11.394
12.963 11.394
13.017 11.37
13.077 11.37
13.123 11.37
13.203 11.37
13.263 11.37
13.34 11.37
13.407 11.37
13.447 11.37
13.507 11.346
13.567 11.346
13.66 11.346
13.753 11.346
13.827 11.346
13.907 11.321
13.973 11.346
14.047 11.346
14.113 11.321
14.183 11.321
14.243 11.321
14.297 11.321
14.337 11.321
14.37 11.321
14.403 11.321
14.423 11.321
14.43 11.321
14.423 11.321
14.397 11.321
14.357 11.321
14.303 11.321
14.243 11.321
14.19 11.321
14.127 11.321
14.073 11.321
14.027 11.321
13.987 11.321
13.94 11.321
13.887 11.321
13.84 11.321
13.793 11.321
13.733 11.321
13.667 11.346
13.587 11.321
13.513 11.346
13.44 11.346
13.367 11.346
13.29 11.346
13.21 11.346
13.137 11.346
13.063 11.346
12.997 11.346
12.923 11.346
12.857 11.37
12.79 11.37
12.723 11.37
12.657 11.37
12.597 11.37
12.543 11.37
12.48 11.394
12.42 11.394
12.367 11.394
12.313 11.394
12.26 11.394
12.22 11.394
12.187 11.394
12.153 11.419
12.12 11.419
12.087 11.419
12.073 11.419
12.08 11.419
12.14 11.443
12.18 11.419
12.187 11.443
12.187 11.443
12.2 11.443
12.233 11.443
12.28 11.443
12.34 11.443
12.407 11.443
12.467 11.443
12.543 11.443
12.63 11.467
12.73 11.443
12.817 11.443
12.917 11.443
13.017 11.443
13.13 11.443
13.25 11.443
13.367 11.443
13.473 11.443
13.58 11.443
13.687 11.443
13.793 11.443
13.873 11.443
13.947 11.467
14.013 11.467
14.067 11.443
14.107 11.443
14.153 11.443
14.203 11.443
14.25 11.443
14.303 11.443
14.343 11.443
14.39 11.443
14.45 11.443
14.537 11.443
14.61 11.443
14.683 11.443
14.75 11.443
14.837 11.443
14.897 11.443
14.963 11.443
15.06 11.443
15.14 11.443
15.167 11.443
15.193 11.443
15.227 11.443
15.26 11.443
15.287 11.443
15.307 11.443
15.333 11.443
15.353 11.443
15.373 11.443
15.373 11.443
15.373 11.443
15.367 11.443
15.36 11.443
15.353 11.443
15.333 11.443
15.32 11.443
15.293 11.443
15.26 11.443
15.227 11.443
15.187 11.467
15.14 11.443
15.087 11.467
15.033 11.467
14.977 11.467
14.91 11.467
14.85 11.467
14.797 11.492
14.737 11.492
14.67 11.492
14.61 11.492
14.55 11.492
14.497 11.492
14.437 11.516
14.383 11.516
14.337 11.516
14.283 11.516
14.23 11.54
14.177 11.54
14.12 11.54
14.073 11.54
14.027 11.54
13.967 11.54
13.92 11.565
13.873 11.565
13.827 11.565
13.787 11.565
13.753 11.589
13.727 11.589
13.707 11.589
13.693 11.589
13.687 11.589
13.68 11.589
13.693 11.613
13.707 11.613
13.7 11.613
13.693 11.613
13.7 11.613
13.707 11.637
13.727 11.637
13.747 11.637
13.78 11.637
13.82 11.637
13.88 11.637
13.94 11.662
14 11.662
14.073 11.662
14.147 11.662
14.23 11.662
14.303 11.662
14.377 11.662
14.45 11.662
14.517 11.662
14.597 11.662
14.67 11.662
14.737 11.686
14.81 11.686
14.883 11.686
14.97 11.686
15.033 11.686
15.087 11.686
15.16 11.686
15.227 11.686
15.293 11.71
15.36 11.71
15.433 11.71
15.5 11.71
15.553 11.71
15.627 11.71
15.687 11.71
15.753 11.71
15.813 11.71
15.857 11.734
15.903 11.734
15.943 11.734
15.99 11.734
16.03 11.734
16.07 11.734
16.11 11.734
16.15 11.734
16.177 11.734
16.177 11.734
16.183 11.71
16.19 11.734
16.183 11.734
16.17 11.71
16.143 11.734
16.123 11.734
16.103 11.734
16.063 11.734
16.023 11.734
15.977 11.734
15.923 11.734
15.863 11.734
15.807 11.734
15.753 11.734
15.72 11.759
15.693 11.759
15.667 11.759
15.627 11.759
15.587 11.759
15.54 11.783
15.487 11.783
15.427 11.783
15.353 11.783
15.287 11.783
15.213 11.807
15.14 11.807
15.08 11.807
15.007 11.807
14.937 11.807
14.863 11.832
14.803 11.832
14.737 11.832
14.683 11.832
14.643 11.856
14.603 11.832
14.563 11.856
14.53 11.856
14.503 11.856
14.477 11.856
14.463 11.88
14.437 11.88
14.41 11.88
14.397 11.88
14.377 11.88
14.363 11.904
14.35 11.904
14.337 11.904
14.33 11.904
14.323 11.929
14.317 11.929
14.31 11.929
14.31 11.929
14.31 11.929
14.317 11.929
14.33 11.953
14.343 11.953
14.357 11.953
14.377 11.953
14.397 11.953
14.417 11.977
14.437 11.977
14.47 11.977
14.49 11.977
14.517 11.977
14.557 11.977
14.603 11.977
14.643 11.977
14.683 11.977
14.723 12.001
14.77 12.001
14.817 12.001
14.87 12.001
14.917 12.001
14.983 12.001
15.067 12.001
15.133 12.001
15.193 12.001
15.247 12.001
15.32 12.025
15.4 12.025
15.46 12.025
15.507 12.025
15.547 12.025
15.607 12.025
15.66 12.025
15.707 12.025
15.753 12.025
15.8 12.05
15.837 12.025
15.87 12.025
15.917 12.025
15.95 12.05
15.97 12.025
15.983 12.05
15.997 12.025
16.003 12.025
16.003 12.025
16.017 12.025
16.023 12.025
16.003 12.025
15.97 12.025
15.937 12.025
15.897 12.025
15.857 12.025
15.8 12.025
15.747 12.025
15.687 12.025
15.64 12.025
15.587 12.025
15.533 12.025
15.487 12.025
15.44 12.025
15.387 12.025
15.327 12.05
15.267 12.05
15.22 12.05
15.167 12.05
15.12 12.05
15.073 12.05
15.033 12.05
14.99 12.05
14.95 12.05
14.903 12.05
14.863 12.05
14.817 12.074
14.777 12.074
14.737 12.074
14.69 12.074
14.643 12.074
14.597 12.074
14.55 12.074
14.483 12.074
14.417 12.074
14.357 12.098
14.297 12.098
14.243 12.098
14.203 12.098
14.16 12.098
14.12 12.098
14.073 12.098
14.047 12.122
14.04 12.122
14.047 12.122
14.093 12.122
14.1 12.122
14.08 12.122
14.067 12.122
14.073 12.122
14.087 12.147
14.107 12.147
14.147 12.147
14.177 12.147
14.23 12.147
14.29 12.147
14.357 12.147
14.423 12.147
14.497 12.147
14.577 12.147
14.657 12.171
14.743 12.171
14.83 12.147
14.917 12.171
14.99 12.171
15.073 12.171
15.147 12.171
15.213 12.171
15.28 12.171
15.353 12.147
15.413 12.171
15.48 12.171
15.527 12.171
15.593 12.171
15.66 12.171
15.72 12.171
15.773 12.171
15.827 12.171
15.87 12.171
15.93 12.171
15.997 12.195
16.07 12.195
16.143 12.195
16.203 12.195
16.257 12.171
16.31 12.195
16.357 12.195
16.41 12.195
16.457 12.195
16.503 12.171
16.543 12.171
16.583 12.171
16.617 12.195
16.657 12.171
16.693 12.171
16.72 12.171
16.733 12.195
16.727 12.195
16.713 12.171
16.687 12.171
16.65 12.171
16.61 12.171
16.557 12.171
16.497 12.171
16.443 12.171
16.39 12.171
16.337 12.171
16.277 12.171
16.21 12.171
16.15 12.171
16.083 12.195
16.023 12.195
15.957 12.195
15.91 12.195
15.85 12.195
15.78 12.195
15.72 12.195
15.66 12.219
15.6 12.219
15.547 12.219
15.493 12.219
15.433 12.219
15.367 12.219
15.293 12.219
15.227 12.243
15.16 12.243
15.093 12.243
15.02 12.243
14.957 12.243
14.883 12.243
14.817 12.243
14.757 12.243
14.697 12.243
14.637 12.243
14.59 12.243
14.55 12.243
14.51 12.268
14.477 12.243
14.443 12.268
14.423 12.268
14.41 12.268
14.45 12.268
14.49 12.268
14.477 12.268
14.457 12.268
14.457 12.268
14.483 12.268
14.51 12.268
14.543 12.292
14.59 12.292
14.643 12.292
14.703 12.292
14.777 12.292
14.863 12.292
14.957 12.316
15.047 12.292
15.14 12.292
15.233 12.316
15.347 12.316
15.44 12.316
15.547 12.316
15.627 12.316
15.693 12.316
15.787 12.316
15.877 12.316
15.957 12.316
16.05 12.316
16.137 12.316
16.217 12.316
16.283 12.316
16.35 12.316
16.417 12.34
16.49 12.316
16.55 12.34
16.61 12.34
16.68 12.34
16.74 12.34
16.813 12.34
16.88 12.34
16.953 12.34
17.007 12.34
17.053 12.34
17.093 12.364
17.14 12.34
17.193 12.34
17.24 12.34
17.28 12.34
17.313 12.34
17.353 12.34
17.373 12.34
17.4 12.34
17.42 12.34
17.433 12.34
17.427 12.34
17.4 12.34
17.367 12.34
17.333 12.34
17.293 12.34
17.253 12.364
17.213 12.364
17.167 12.34
17.127 12.364
17.067 12.364
17.007 12.364
16.96 12.34
16.927 12.364
16.887 12.364
16.827 12.364
16.76 12.364
16.7 12.364
16.63 12.364
16.563 12.364
16.517 12.389
16.457 12.389
16.403 12.389
16.35 12.389
16.283 12.389
16.223 12.389
16.157 12.389
16.09 12.413
16.017 12.413
15.957 12.413
15.897 12.413
15.827 12.413
15.76 12.413
15.693 12.437
15.633 12.437
15.573 12.437
15.507 12.437
15.453 12.461
15.4 12.461
15.347 12.461
15.313 12.461
15.273 12.461
15.253 12.485
15.253 12.485
15.253 12.485
15.287 12.485
15.313 12.485
15.3 12.485
15.28 12.509
15.287 12.509
15.3 12.509
15.327 12.509
15.353 12.509
15.393 12.534
15.44 12.534
15.5 12.534
15.573 12.534
15.667 12.534
15.767 12.558
15.87 12.558
15.97 12.558
16.077 12.558
16.19 12.558
16.323 12.558
16.43 12.558
16.543 12.558
16.65 12.582
16.773 12.582
16.887 12.582
16.993 12.582
17.107 12.582
17.2 12.582
17.3 12.582
17.407 12.582
17.503 12.582
17.57 12.582
17.65 12.606
17.71 12.606
17.797 12.606
17.883 12.606
17.957 12.606
18.03 12.63
18.083 12.63
18.123 12.63
18.143 12.63
18.203 12.63
18.25 12.63
18.303 12.63
18.347 12.63
18.373 12.63
18.38 12.63
18.393 12.63
18.387 12.63
18.373 12.63
18.367 12.63
18.353 12.63
18.347 12.63
18.353 12.63
18.353 12.63
18.353 12.63
18.34 12.63
18.31 12.63
18.263 12.63
18.21 12.63
18.17 12.63
18.137 12.654
18.103 12.654
18.083 12.654
18.057 12.654
18.037 12.654
18.017 12.654
17.997 12.654
17.977 12.654
17.95 12.654
17.917 12.678
17.89 12.678
17.857 12.678
17.823 12.678
17.783 12.678
17.75 12.678
17.71 12.678
17.67 12.703
17.63 12.703
17.59 12.703
17.543 12.703
17.493 12.727
17.447 12.727
17.4 12.727
17.353 12.727
17.313 12.751
17.267 12.751
17.213 12.751
17.153 12.775
17.107 12.775
17.06 12.775
17.013 12.799
16.98 12.799
16.953 12.799
16.927 12.799
16.9 12.823
16.873 12.823
16.853 12.823
16.86 12.823
16.833 12.823
16.813 12.847
16.8 12.847
16.8 12.847
16.827 12.847
16.847 12.871
16.853 12.871
16.88 12.871
16.907 12.871
16.947 12.871
17 12.871
17.067 12.896
17.14 12.896
17.213 12.896
17.287 12.92
17.387 12.92
17.467 12.92
17.563 12.92
17.657 12.92
17.743 12.944
17.843 12.944
17.943 12.944
18.03 12.944
18.11 12.944
18.183 12.944
18.27 12.968
18.34 12.968
18.387 12.968
18.407 12.968
18.447 12.992
18.54 12.992
18.593 12.992
18.647 13.016
18.68 13.016
18.727 13.016
18.773 13.016
18.8 13.016
18.813 13.016
18.833 13.04
18.873 13.04
18.933 13.04
18.973 13.04
19.027 13.016
19.047 13.016
19.053 13.04
19.06 13.04
19.053 13.04
19.047 13.016
19.04 13.016
19.053 13.016
19.04 13.04
19.02 13.04
18.993 13.04
18.967 13.04
18.933 13.04
18.893 13.04
18.847 13.04
18.807 13.04
18.773 13.04
18.74 13.04
18.713 13.04
18.68 13.04
18.653 13.04
18.62 13.064
18.587 13.04
18.54 13.064
18.493 13.064
18.447 13.064
18.4 13.064
18.347 13.064
18.283 13.064
18.217 13.088
18.15 13.088
18.083 13.088
18.023 13.088
17.957 13.088
17.897 13.088
17.83 13.112
17.777 13.088
17.717 13.112
17.65 13.112
17.59 13.112
17.53 13.112
17.46 13.112
17.393 13.137
17.333 13.137
17.267 13.137
17.193 13.137
17.14 13.137
17.087 13.161
17.047 13.161
17.007 13.161
16.973 13.161
16.953 13.161
16.967 13.161
16.973 13.185
16.947 13.185
16.927 13.185
16.913 13.185
16.92 13.185
16.927 13.185
16.947 13.209
16.98 13.209
17.02 13.209
17.087 13.209
17.153 13.209
17.22 13.233
17.287 13.209
17.373 13.233
17.473 13.233
17.577 13.233
17.683 13.233
17.77 13.233
17.85 13.257
17.91 13.257
17.977 13.257
18.043 13.257
18.11 13.281
18.177 13.281
18.237 13.281
18.277 13.281
18.323 13.281
18.413 13.281
18.493 13.281
18.54 13.305
18.6 13.305
18.62 13.305
18.613 13.305
18.64 13.305
18.66 13.305
18.693 13.305
18.74 13.329
18.807 13.329
18.833 13.329
18.833 13.305
18.827 13.329
18.84 13.329
18.833 13.329
18.813 13.305
18.813 13.305
18.827 13.329
18.867 13.305
18.913 13.305
18.933 13.305
18.92 13.305
18.893 13.305
18.84 13.305
18.78 13.305
18.72 13.305
18.68 13.305
18.647 13.305
18.593 13.305
18.54 13.305
18.493 13.305
18.433 13.281
18.38 13.305
18.323 13.305
18.27 13.305
18.223 13.305
18.177 13.305
18.137 13.305
18.097 13.305
18.05 13.305
18.003 13.305
17.957 13.305
17.91 13.305
17.863 13.305
17.817 13.329
17.763 13.329
17.71 13.305
17.657 13.329
17.61 13.329
17.563 13.329
17.517 13.329
17.467 13.329
17.42 13.329
17.373 13.329
17.327 13.329
17.28 13.329
17.227 13.329
17.187 13.329
17.147 13.329
17.107 13.353
17.067 13.353
17.033 13.353
17 13.353
16.967 13.353
16.94 13.377
16.913 13.353
16.887 13.353
16.86 13.377
16.84 13.377
16.827 13.377
16.82 13.377
16.807 13.377
16.8 13.377
16.8 13.377
16.793 13.377
16.78 13.377
16.767 13.401
16.747 13.377
16.727 13.401
16.72 13.401
16.72 13.401
16.713 13.401
16.713 13.401
16.7 13.401
16.707 13.401
16.74 13.401
16.767 13.401
16.78 13.401
16.8 13.401
16.84 13.401
16.88 13.401
16.927 13.401
16.96 13.401
17.027 13.401
17.12 13.401
17.193 13.401
17.227 13.401
17.233 13.425
17.253 13.425
17.32 13.425
17.353 13.425
17.38 13.425
17.413 13.425
17.433 13.449
17.473 13.425
17.48 13.449
17.48 13.449
17.493 13.449
17.517 13.449
17.517 13.425
17.517 13.425
17.523 13.425
17.51 13.425
17.487 13.425
17.487 13.425
17.48 13.425
17.467 13.425
17.453 13.425
17.427 13.401
17.38 13.401
17.327 13.401
17.273 13.401
17.22 13.401
17.16 13.377
17.107 13.377
17.067 13.377
17.007 13.377
16.933 13.377
16.847 13.353
16.767 13.353
16.687 13.353
16.61 13.353
16.53 13.353
16.45 13.353
16.383 13.353
16.31 13.353
16.23 13.353
16.157 13.353
16.083 13.353
16.03 13.353
15.983 13.353
15.917 13.353
15.85 13.353
15.767 13.353
15.687 13.353
15.607 13.353
15.513 13.353
15.427 13.353
15.333 13.353
15.253 13.353
15.167 13.353
15.08 13.329
15 13.353
14.91 13.353
14.83 13.329
14.757 13.329
14.67 13.329
14.603 13.329
14.543 13.329
14.483 13.329
14.443 13.329
14.417 13.329
14.41 13.329
14.437 13.329
14.47 13.329
14.47 13.329
14.463 13.329
14.457 13.329
14.457 13.329
14.477 13.329
14.497 13.329
14.53 13.329
14.57 13.329
14.623 13.329
14.677 13.305
14.75 13.305
14.823 13.305
14.91 13.305
14.99 13.305
15.073 13.305
15.16 13.305
15.253 13.305
15.34 13.305
15.407 13.281
15.467 13.305
15.587 13.305
15.693 13.305
15.8 13.305
15.897 13.305
15.957 13.305
16.003 13.305
16.077 13.305
16.163 13.281
16.243 13.281
16.283 13.281
16.357 13.281
16.39 13.281
16.437 13.305
16.477 13.305
16.53 13.305
16.563 13.281
16.597 13.281
16.667 13.281
16.733 13.281
16.747 13.281
16.733 13.281
16.78 13.281
16.82 13.257
16.84 13.257
16.84 13.257
16.847 13.233
16.86 13.233
16.88 13.233
16.873 13.233
16.86 13.209
16.84 13.209
16.8 13.209
16.753 13.209
16.713 13.185
16.673 13.185
16.617 13.185
16.563 13.185
16.503 13.185
16.443 13.161
16.37 13.161
16.31 13.161
16.243 13.161
16.177 13.161
16.117 13.137
16.057 13.137
16.01 13.137
15.957 13.137
15.903 13.137
15.827 13.137
15.767 13.137
15.707 13.137
15.64 13.137
15.58 13.137
15.513 13.137
15.447 13.112
15.387 13.137
15.32 13.112
15.253 13.112
15.187 13.137
15.12 13.112
15.06 13.112
15 13.112
14.923 13.137
14.857 13.112
14.797 13.112
14.737 13.137
14.677 13.137
14.623 13.112
14.57 13.137
14.53 13.137
14.49 13.137
14.477 13.137
14.47 13.137
14.477 13.137
14.503 13.137
14.537 13.137
14.543 13.137
14.55 13.137
14.563 13.137
14.59 13.137
14.63 13.137
14.677 13.137
14.73 13.137
14.79 13.161
14.863 13.137
14.95 13.161
15.047 13.161
15.147 13.161
15.253 13.161
15.367 13.161
15.48 13.161
15.587 13.161
15.7 13.161
15.813 13.161
15.93 13.161
16.03 13.161
16.123 13.161
16.217 13.161
16.303 13.161
16.397 13.161
16.483 13.161
16.57 13.161
16.65 13.161
16.733 13.161
16.813 13.161
16.88 13.161
16.953 13.161
17.02 13.161
17.1 13.161
17.173 13.185
17.247 13.185
17.313 13.185
17.367 13.185
17.42 13.185
17.46 13.185
17.51 13.185
17.537 13.161
17.557 13.161
17.583 13.161
17.59 13.161
17.61 13.137
17.623 13.137
17.61 13.137
17.603 13.137
17.617 13.137
17.617 13.137
17.61 13.112
17.59 13.112
17.57 13.112
17.543 13.112
17.503 13.112
17.453 13.112
17.4 13.112
17.34 13.112
17.267 13.112
17.187 13.112
17.113 13.112
17.047 13.112
17 13.112
16.953 13.112
16.913 13.112
16.867 13.112
16.827 13.112
16.773 13.088
16.727 13.112
16.68 13.112
16.623 13.088
16.57 13.088
16.517 13.112
16.463 13.088
16.41 13.112
16.35 13.112
16.303 13.112
16.257 13.112
16.21 13.112
16.157 13.112
16.103 13.112
16.043 13.112
15.983 13.137
15.93 13.112
15.883 13.137
15.837 13.137
15.78 13.137
15.733 13.137
15.68 13.137
15.633 13.137
15.613 13.137
15.593 13.161
15.573 13.161
15.567 13.161
15.573 13.161
15.573 13.161
15.567 13.161
15.56 13.185
15.567 13.185
15.587 13.185
15.613 13.185
15.64 13.185
15.673 13.209
15.72 13.209
15.767 13.209
15.827 13.209
15.897 13.209
15.963 13.209
16.05 13.233
16.137 13.233
16.237 13.233
16.37 13.233
16.477 13.233
16.57 13.233
16.68 13.233
16.773 13.233
16.853 13.257
16.9 13.257
16.98 13.257
17.06 13.257
17.1 13.257
17.147 13.257
17.18 13.257
17.227 13.257
17.26 13.257
17.293 13.257
17.32 13.281
17.387 13.281
17.42 13.281
17.433 13.281
17.433 13.281
17.453 13.257
17.427 13.257
17.393 13.257
17.38 13.257
17.36 13.257
17.347 13.257
17.333 13.257
17.32 13.257
17.307 13.233
17.327 13.257
17.333 13.257
17.327 13.233
17.307 13.233
17.28 13.233
17.26 13.233
17.233 13.233
17.213 13.233
17.193 13.233
17.173 13.233
17.167 13.233
17.153 13.233
17.14 13.233
17.12 13.233
17.1 13.233
17.08 13.233
17.053 13.233
17.02 13.233
16.993 13.233
16.96 13.233
16.927 13.233
16.893 13.233
16.853 13.233
16.82 13.233
16.787 13.233
16.74 13.233
16.7 13.233
16.65 13.233
16.61 13.233
16.577 13.233
16.537 13.233
16.497 13.233
16.457 13.233
16.41 13.233
16.37 13.257
16.317 13.233
16.277 13.257
16.237 13.257
16.217 13.257
16.19 13.257
16.163 13.257
16.137 13.257
16.117 13.257
16.097 13.281
16.077 13.281
16.063 13.281
16.057 13.281
16.05 13.281
16.037 13.281
16.017 13.281
16.003 13.281
15.997 13.281
15.983 13.305
15.97 13.305
15.957 13.305
15.95 13.305
15.937 13.305
15.937 13.305
15.937 13.305
15.937 13.305
15.937 13.305
15.93 13.329
15.937 13.329
15.943 13.329
15.95 13.329
15.957 13.329
15.97 13.329
15.983 13.329
15.997 13.329
16.03 13.329
16.05 13.329
16.077 13.329
16.097 13.329
16.123 13.353
16.163 13.329
16.183 13.329
16.203 13.353
16.223 13.353
16.243 13.353
16.257 13.353
16.27 13.353
16.283 13.353
16.29 13.353
16.29 13.353
16.283 13.329
16.277 13.329
16.257 13.329
16.237 13.329
16.217 13.329
16.197 13.329
16.177 13.329
16.163 13.329
16.143 13.329
16.13 13.329
16.11 13.305
16.083 13.305
16.037 13.305
15.99 13.305
15.95 13.305
15.917 13.305
15.883 13.305
15.85 13.281
15.807 13.305
15.767 13.281
15.713 13.281
15.673 13.281
15.64 13.281
15.6 13.281
15.567 13.281
15.54 13.281
15.513 13.281
15.487 13.257
15.447 13.257
15.4 13.257
15.347 13.257
15.287 13.257
15.2 13.257
15.127 13.257
15.067 13.257
15 13.257
14.93 13.257
14.85 13.257
14.77 13.257
14.683 13.233
14.583 13.233
14.49 13.233
14.397 13.233
14.297 13.233
14.21 13.233
14.113 13.233
14.027 13.233
13.933 13.233
13.853 13.233
13.767 13.233
13.687 13.233
13.6 13.209
13.52 13.209
13.433 13.209
13.353 13.209
13.283 13.209
13.23 13.209
13.19 13.209
13.163 13.209
13.143 13.209
13.137 13.209
13.13 13.209
13.15 13.209
13.19 13.209
13.183 13.209
13.17 13.209
13.17 13.209
13.177 13.209
13.197 13.209
13.223 13.185
13.25 13.185
13.29 13.185
13.347 13.185
13.407 13.185
13.473 13.185
13.553 13.185
13.613 13.185
13.66 13.185
13.727 13.185
13.793 13.185
13.853 13.185
13.907 13.185
13.973 13.185
14.04 13.161
14.107 13.161
14.127 13.161
14.133 13.161
14.177 13.161
14.203 13.161
14.23 13.161
14.29 13.161
14.337 13.161
14.37 13.137
14.403 13.137
14.437 13.137
14.47 13.137
14.503 13.137
14.53 13.137
14.55 13.137
14.603 13.137
14.657 13.137
14.69 13.137
14.723 13.137
14.757 13.137
14.817 13.112
14.85 13.112
14.883 13.112
14.917 13.112
14.943 13.112
14.977 13.088
15.02 13.088
15.04 13.088
15.053 13.088
15.06 13.064
15.047 13.064
15.02 13.064
14.97 13.04
14.923 13.04
14.877 13.04
14.823 13.04
14.77 13.016
14.71 13.016
14.637 12.992
14.583 12.992
14.523 12.992
14.463 12.992
14.403 12.992
14.343 12.992
14.29 12.968
14.237 12.968
14.19 12.968
14.133 12.968
14.073 12.968
14.033 12.968
13.973 12.944
13.92 12.944
13.88 12.944
13.833 12.944
13.787 12.944
13.747 12.944
13.7 12.944
13.653 12.944
13.607 12.944
13.56 12.944
13.52 12.944
13.473 12.944
13.427 12.944
13.373 12.944
13.317 12.944
13.263 12.944
13.203 12.944
13.157 12.944
13.103 12.944
13.063 12.92
13.03 12.92
13.003 12.944
12.99 12.92
13.003 12.92
13.03 12.92
13.063 12.944
13.063 12.92
13.063 12.92
13.077 12.92
13.11 12.944
13.15 12.92
13.197 12.92
13.25 12.92
13.303 12.944
13.38 12.92
13.447 12.92
13.527 12.92
13.607 12.92
13.7 12.92
13.8 12.92
13.9 12.92
14 12.92
14.1 12.92
14.21 12.92
14.323 12.92
14.417 12.92
14.523 12.92
14.63 12.92
14.717 12.92
14.77 12.92
14.803 12.92
14.863 12.92
14.923 12.92
14.937 12.92
14.97 12.92
15.053 12.92
15.093 12.92
15.127 12.92
15.18 12.92
15.187 12.92
15.22 12.92
15.273 12.92
15.333 12.92
15.333 12.92
15.347 12.92
15.413 12.92
15.42 12.896
15.427 12.896
15.453 12.896
15.487 12.896
15.507 12.896
15.507 12.896
15.513 12.871
15.533 12.871
15.547 12.871
15.547 12.871
15.54 12.871
15.52 12.871
15.5 12.847
15.48 12.847
15.467 12.847
15.46 12.847
15.453 12.847
15.447 12.847
15.427 12.823
15.407 12.823
15.38 12.823
15.347 12.823
15.327 12.823
15.313 12.823
15.3 12.823
15.273 12.823
15.253 12.823
15.227 12.823
15.207 12.823
15.173 12.823
15.127 12.823
15.067 12.823
15.007 12.823
14.943 12.823
14.897 12.823
14.85 12.823
14.81 12.823
14.777 12.823
14.743 12.823
14.71 12.823
14.677 12.823
14.643 12.823
14.61 12.823
14.577 12.823
14.543 12.823
14.51 12.823
14.477 12.823
14.45 12.847
14.423 12.823
14.397 12.847
14.37 12.847
14.33 12.847
14.243 12.847
14.153 12.847
14.073 12.847
14.013 12.847
13.987 12.847
13.953 12.847
13.927 12.847
13.913 12.847
13.893 12.847
13.873 12.847
13.853 12.847
13.847 12.847
13.82 12.847
13.807 12.847
13.8 12.847
13.813 12.847
13.827 12.871
13.813 12.871
13.8 12.871
13.793 12.871
13.813 12.871
13.853 12.871
13.86 12.871
13.847 12.871
13.86 12.871
13.833 12.871
13.8 12.871
13.76 12.871
13.753 12.847
13.733 12.871
13.787 12.871
13.86 12.871
13.873 12.871
13.807 12.871
13.807 12.871
13.833 12.871
13.807 12.871
13.793 12.871
13.793 12.871
13.78 12.871
13.74 12.871
13.68 12.847
13.627 12.847
13.58 12.847
13.54 12.847
13.547 12.847
13.533 12.847
13.547 12.847
13.56 12.847
13.533 12.847
13.453 12.847
13.393 12.847
13.387 12.823
13.4 12.847
13.413 12.847
13.4 12.847
13.38 12.823
13.367 12.823
13.36 12.823
13.353 12.823
13.323 12.823
13.29 12.823
13.243 12.823
13.203 12.823
13.17 12.823
13.13 12.823
13.09 12.799
13.05 12.799
13.01 12.799
12.97 12.799
12.93 12.799
12.89 12.799
12.85 12.799
12.81 12.799
12.763 12.775
12.717 12.775
12.67 12.799
12.637 12.775
12.59 12.775
12.55 12.775
12.51 12.775
12.467 12.775
12.427 12.775
12.387 12.775
12.36 12.775
12.333 12.775
12.3 12.751
12.273 12.751
12.247 12.751
12.22 12.751
12.193 12.751
12.167 12.751
12.147 12.751
12.133 12.727
12.113 12.727
12.113 12.727
12.107 12.727
12.1 12.727
12.107 12.727
12.113 12.727
12.113 12.727
12.12 12.727
12.133 12.703
12.147 12.727
12.167 12.703
12.193 12.703
12.22 12.703
12.233 12.703
12.253 12.703
12.28 12.703
12.313 12.703
12.333 12.703
12.373 12.703
12.427 12.703
12.467 12.703
12.517 12.703
12.577 12.703
12.63 12.678
12.663 12.678
12.703 12.678
12.743 12.678
12.79 12.678
12.843 12.678
12.883 12.678
12.937 12.678
13.023 12.678
13.083 12.654
13.143 12.654
13.23 12.654
13.283 12.654
13.347 12.654
13.407 12.654
13.48 12.654
13.54 12.654
13.613 12.654
13.693 12.654
13.76 12.654
13.807 12.654
13.853 12.654
13.88 12.654
13.907 12.654
13.927 12.654
13.953 12.654
13.96 12.63
13.947 12.63
13.967 12.63
13.973 12.606
13.973 12.606
13.967 12.606
13.953 12.606
13.94 12.606
13.913 12.582
13.88 12.582
13.847 12.582
13.82 12.582
13.787 12.582
13.753 12.558
13.707 12.558
13.66 12.558
13.62 12.558
13.58 12.558
13.54 12.558
13.507 12.534
13.48 12.534
13.453 12.534
13.413 12.534
13.373 12.534
13.323 12.534
13.283 12.509
13.243 12.509
13.197 12.509
13.15 12.509
13.11 12.509
13.077 12.509
13.03 12.509
12.99 12.509
12.95 12.509
12.91 12.509
12.863 12.509
12.823 12.509
12.783 12.509
12.743 12.509
12.697 12.509
12.657 12.509
12.63 12.509
12.597 12.509
12.57 12.509
12.543 12.509
12.537 12.509
12.537 12.509
12.543 12.509
12.537 12.509
12.537 12.509
12.543 12.509
12.563 12.509
12.59 12.509
12.61 12.509
12.63 12.534
12.657 12.534
12.683 12.509
12.73 12.534
12.79 12.534
12.843 12.534
12.91 12.534
12.983 12.534
13.07 12.534
13.17 12.534
13.27 12.534
13.373 12.534
13.473 12.534
13.58 12.534
13.693 12.534
13.813 12.534
13.933 12.558
14.047 12.534
14.153 12.534
14.263 12.558
14.37 12.558
14.47 12.558
14.57 12.558
14.663 12.534
14.757 12.558
14.863 12.558
14.957 12.534
15.047 12.558
15.133 12.558
15.22 12.534
15.3 12.558
15.38 12.558
15.467 12.558
15.56 12.558
15.64 12.582
15.713 12.582
15.787 12.582
15.85 12.582
15.903 12.582
15.963 12.582
16.037 12.582
16.097 12.558
16.143 12.558
16.177 12.558
16.17 12.558
16.163 12.534
16.15 12.534
16.15 12.534
16.163 12.534
16.17 12.534
16.17 12.534
16.163 12.534
16.143 12.534
16.123 12.509
16.103 12.509
16.083 12.509
16.063 12.509
16.043 12.534
16.017 12.534
15.997 12.534
15.97 12.534
15.937 12.534
15.897 12.534
15.863 12.534
15.837 12.534
15.8 12.534
15.773 12.558
15.767 12.558
15.767 12.558
15.767 12.558
15.747 12.558
15.72 12.582
15.7 12.582
15.68 12.582
15.66 12.582
15.62 12.582
15.573 12.582
15.507 12.582
15.467 12.582
15.453 12.606
15.48 12.606
15.533 12.606
15.493 12.606
15.427 12.606
15.42 12.606
15.407 12.606
15.367 12.63
15.307 12.63
15.273 12.63
15.247 12.63
15.227 12.63
15.2 12.654
15.167 12.654
15.14 12.654
15.107 12.654
15.08 12.654
15.06 12.678
15.053 12.678
15.04 12.678
15.033 12.678
15.04 12.678
15.06 12.703
15.087 12.703
15.113 12.703
15.133 12.703
15.12 12.703
15.12 12.703
15.133 12.703
15.14 12.727
15.147 12.727
15.16 12.727
15.187 12.727
15.227 12.751
15.233 12.751
15.267 12.751
15.307 12.751
15.333 12.751
15.373 12.775
15.427 12.775
15.48 12.775
15.5 12.775
15.527 12.775
15.567 12.799
15.587 12.799
15.613 12.799
15.647 12.799
15.667 12.799
15.707 12.799
15.76 12.799
15.8 12.799
15.82 12.799
15.843 12.823
15.85 12.823
15.857 12.823
15.877 12.823
15.89 12.823
15.923 12.823
15.95 12.823
15.977 12.823
16.003 12.823
16.023 12.847
16.03 12.847
16.043 12.847
16.043 12.847
16.043 12.847
16.03 12.847
16.01 12.847
15.983 12.847
15.943 12.847
15.903 12.847
15.857 12.847
15.813 12.847
15.773 12.847
15.733 12.847
15.693 12.847
15.64 12.871
15.607 12.871
15.56 12.871
15.513 12.871
15.467 12.871
15.42 12.871
15.387 12.871
15.353 12.871
15.32 12.871
15.287 12.871
15.247 12.896
15.2 12.896
15.153 12.896
15.1 12.896
15.06 12.896
15.013 12.92
14.963 12.896
14.93 12.92
14.883 12.92
14.837 12.92
14.803 12.92
14.77 12.92
14.73 12.944
14.677 12.944
14.637 12.944
14.603 12.944
14.563 12.944
14.523 12.944
14.477 12.944
14.437 12.944
14.397 12.944
14.377 12.968
14.363 12.968
14.37 12.968
14.383 12.968
14.403 12.968
14.41 12.992
14.417 12.992
14.43 12.992
14.457 12.992
14.497 12.992
14.537 12.992
14.577 12.992
14.63 13.016
14.697 13.016
14.763 13.016
14.837 13.016
14.923 13.016
15.007 13.016
15.1 13.016
15.193 13.016
15.3 13.04
15.4 13.04
15.493 13.04
15.58 13.04
15.673 13.04
15.767 13.04
15.863 13.04
15.943 13.04
16.017 13.04
16.103 13.04
16.183 13.04
16.257 13.04
16.323 13.04
16.39 13.04
16.45 13.04
16.503 13.04
16.563 13.064
16.603 13.064
16.667 13.088
16.733 13.088
16.8 13.088
16.84 13.088
16.887 13.088
16.927 13.112
16.973 13.088
17 13.088
17.04 13.088
17.073 13.088
17.093 13.088
17.113 13.088
17.133 13.088
17.167 13.064
17.18 13.064
17.187 13.064
17.187 13.064
17.18 13.064
17.16 13.064
17.133 13.064
17.093 13.064
17.067 13.04
17.033 13.064
16.993 13.04
16.947 13.064
16.9 13.04
16.853 13.04
16.8 13.04
16.747 13.064
16.693 13.064
16.637 13.064
16.59 13.064
16.543 13.064
16.497 13.064
16.437 13.064
16.383 13.064
16.323 13.064
16.27 13.064
16.21 13.088
16.15 13.088
16.103 13.088
16.05 13.088
15.99 13.088
15.923 13.088
15.863 13.088
15.8 13.088
15.733 13.088
15.673 13.088
15.607 13.112
15.553 13.112
15.493 13.112
15.433 13.112
15.373 13.112
15.32 13.112
15.267 13.112
15.22 13.137
15.18 13.137
15.147 13.137
15.12 13.137
15.1 13.137
15.1 13.137
15.107 13.161
15.14 13.161
15.147 13.161
15.14 13.161
15.147 13.161
15.16 13.185
15.193 13.185
15.213 13.185
15.26 13.209
15.313 13.209
15.38 13.209
15.46 13.209
15.553 13.209
15.64 13.233
15.74 13.233
15.843 13.233
15.963 13.233
16.07 13.233
16.19 13.233
16.31 13.233
16.43 13.257
16.537 13.257
16.637 13.257
16.76 13.257
16.873 13.257
16.967 13.281
17.047 13.281
17.127 13.281
17.18 13.281
17.247 13.281
17.327 13.281
17.407 13.281
17.48 13.281
17.563 13.305
17.657 13.305
17.737 13.305
17.817 13.329
17.883 13.329
17.95 13.329
17.997 13.329
18.023 13.329
18.05 13.329
18.057 13.329
18.07 13.305
18.05 13.305
18.037 13.305
18.03 13.305
18.017 13.305
18.023 13.281
18.043 13.305
18.063 13.281
18.07 13.281
18.063 13.281
18.05 13.281
18.043 13.281
18.017 13.281
17.983 13.281
17.943 13.281
17.917 13.281
17.883 13.281
17.85 13.281
17.81 13.305
17.77 13.305
17.73 13.281
17.677 13.281
17.61 13.305
17.557 13.305
17.503 13.305
17.447 13.305
17.393 13.305
17.333 13.305
17.273 13.305
17.213 13.305
17.167 13.329
17.113 13.329
17.047 13.329
16.987 13.329
16.92 13.329
16.847 13.353
16.78 13.353
16.7 13.353
16.623 13.353
16.563 13.353
16.51 13.353
16.443 13.353
16.383 13.353
16.317 13.377
16.243 13.377
16.17 13.377
16.103 13.377
16.03 13.377
15.957 13.401
15.883 13.401
15.82 13.401
15.773 13.401
15.727 13.401
15.687 13.401
15.673 13.425
15.613 13.425
15.547 13.425
15.5 13.425
15.467 13.449
15.427 13.449
15.4 13.449
15.38 13.449
15.373 13.449
15.38 13.449
15.4 13.473
15.427 13.473
15.46 13.473
15.48 13.473
15.507 13.473
15.54 13.473
15.58 13.497
15.627 13.497
15.667 13.497
15.7 13.497
15.74 13.497
15.78 13.497
15.82 13.522
15.87 13.522
15.917 13.522
15.977 13.522
16.023 13.522
16.077 13.522
16.123 13.522
16.17 13.522
16.21 13.522
16.243 13.522
16.283 13.522
16.33 13.546
16.37 13.546
16.403 13.546
16.443 13.57
16.463 13.57
16.49 13.57
16.51 13.57
16.517 13.57
16.53 13.546
16.55 13.546
16.537 13.546
16.537 13.546
16.537 13.546
16.53 13.546
16.51 13.522
16.49 13.522
16.483 13.522
16.457 13.522
16.437 13.522
16.403 13.522
16.35 13.497
16.29 13.497
16.217 13.497
16.137 13.497
16.07 13.497
16.003 13.497
15.93 13.497
15.863 13.497
15.8 13.473
15.74 13.473
15.673 13.473
15.613 13.473
15.553 13.473
15.487 13.473
15.427 13.473
15.36 13.473
15.287 13.473
15.213 13.473
15.14 13.449
15.067 13.473
14.99 13.473
14.917 13.473
14.837 13.473
14.757 13.449
14.677 13.473
14.597 13.449
14.517 13.473
14.437 13.473
14.357 13.473
14.283 13.449
14.217 13.473
14.127 13.473
14.04 13.449
13.96 13.449
13.88 13.449
13.813 13.473
13.753 13.449
13.707 13.473
13.667 13.473
13.633 13.473
13.627 13.473
13.627 13.473
13.653 13.473
13.733 13.473
13.747 13.473
13.74 13.473
13.74 13.473
13.753 13.473
13.78 13.473
13.813 13.473
13.847 13.473
13.88 13.473
13.927 13.473
13.987 13.473
14.047 13.473
14.107 13.473
14.177 13.473
14.243 13.473
14.33 13.473
14.41 13.473
14.483 13.473
14.583 13.473
14.69 13.473
14.79 13.473
14.87 13.473
14.917 13.473
14.937 13.473
14.963 13.473
15.047 13.473
15.12 13.473
15.207 13.473
15.267 13.473
15.313 13.473
15.447 13.473
15.547 13.473
15.62 13.473
15.687 13.473
15.753 13.473
15.813 13.473
15.877 13.473
15.93 13.473
15.977 13.473
15.983 13.473
15.977 13.449
15.977 13.449
15.977 13.449
15.977 13.425
15.97 13.425
15.983 13.425
16.003 13.425
16.023 13.401
16.037 13.401
16.037 13.401
16.03 13.401
16.03 13.377
16.017 13.377
15.997 13.377
15.957 13.377
15.937 13.377
15.91 13.377
15.877 13.353
15.837 13.353
15.8 13.353
15.76 13.353
15.727 13.353
15.687 13.353
15.647 13.353
15.607 13.329
15.58 13.329
15.54 13.329
15.507 13.329
15.473 13.329
15.447 13.329
15.42 13.329
15.387 13.329
15.353 13.329
15.327 13.329
15.287 13.329
15.24 13.329
15.187 13.329
15.14 13.329
15.093 13.329
15.053 13.329
15.02 13.305
14.983 13.329
14.95 13.329
14.917 13.305
14.877 13.305
14.843 13.305
14.797 13.329
14.75 13.329
14.71 13.329
14.683 13.329
14.67 13.305
14.663 13.329
14.663 13.329
14.67 13.329
14.683 13.329
14.697 13.329
14.71 13.329
14.73 13.329
14.743 13.329
14.757 13.329
14.783 13.353
14.81 13.329
14.843 13.353
14.883 13.353
14.923 13.353
14.963 13.353
14.98292857 13.353
15.03510714 13.353
15.04728571 13.353
15.12946429 13.377
15.23164286 13.353
15.34382143 13.353
15.533 13.377
15.647 13.377
15.76 13.377
15.87 13.377
15.983 13.377
16.083 13.377
16.17 13.377
16.257 13.377
16.37 13.377
16.477 13.377
16.583 13.377
16.667 13.377
16.747 13.377
16.847 13.377
16.933 13.377
17.007 13.377
17.04 13.377
17.107 13.401
17.167 13.401
17.247 13.401
17.327 13.401
17.393 13.401
17.447 13.401
17.487 13.401
17.523 13.401
17.55 13.401
17.597 13.401
17.623 13.377
17.637 13.377
17.643 13.377
17.65 13.377
17.637 13.377
17.623 13.377
17.563 13.353
17.557 13.353
17.557 13.353
17.543 13.353
17.523 13.353
17.493 13.353
17.473 13.353
17.433 13.353
17.4 13.353
17.367 13.353
17.327 13.353
17.287 13.353
17.247 13.353
17.2 13.353
17.16 13.353
17.12 13.353
17.073 13.353
17.027 13.353
16.98 13.353
16.927 13.353
16.88 13.353
16.84 13.353
16.793 13.377
16.747 13.353
16.7 13.377
16.65 13.377
16.597 13.377
16.543 13.401
16.49 13.401
16.443 13.401
16.39 13.401
16.337 13.401
16.283 13.401
16.23 13.401
16.177 13.401
16.123 13.401
16.07 13.425
16.017 13.425
15.97 13.425
15.937 13.425
15.897 13.449
15.863 13.449
15.843 13.449
15.82 13.449
15.813 13.449
15.807 13.449
15.813 13.473
15.843 13.473
15.843 13.473
15.837 13.473
15.85 13.497
15.883 13.497
15.923 13.497
15.983 13.497
16.037 13.497
16.097 13.522
16.183 13.522
16.277 13.522
16.403 13.522
16.537 13.522
16.667 13.546
16.787 13.546
16.927 13.546
17.067 13.57
17.213 13.57
17.347 13.57
17.473 13.57
17.657 13.57
17.803 13.594
17.93 13.594
18.023 13.594
18.117 13.594
18.217 13.594
18.31 13.594
18.427 13.594
18.5 13.594
18.553 13.594
18.64 13.594
18.72 13.594
18.76 13.594
18.78 13.594
18.86 13.594
18.947 13.594
19.027 13.594
19.073 13.594
19.12 13.618
19.153 13.618
19.17 13.594
19.153 13.594
19.153 13.594
19.12 13.594
19.08 13.594
19.02 13.594
18.98 13.594
18.947 13.594
18.9 13.594
18.853 13.594
18.8 13.594
18.74 13.594
18.68 13.594
18.607 13.594
18.553 13.594
18.493 13.594
18.42 13.594
18.36 13.594
18.29 13.618
18.243 13.618
18.163 13.618
18.077 13.618
17.983 13.618
17.903 13.618
17.83 13.618
17.737 13.618
17.643 13.642
17.543 13.642
17.44 13.642
17.353 13.642
17.28 13.642
17.207 13.666
17.127 13.666
17.033 13.666
16.96 13.666
16.893 13.666
16.813 13.69
16.713 13.69
16.623 13.69
16.543 13.69
16.477 13.714
16.41 13.714
16.33 13.714
16.25 13.714
16.17 13.714
16.077 13.714
15.99 13.738
15.903 13.738
15.827 13.738
15.76 13.738
15.727 13.738
15.693 13.738
15.653 13.762
15.607 13.762
15.567 13.762
15.54 13.762
15.513 13.762
15.48 13.786
15.447 13.786
15.427 13.786
15.407 13.786
15.393 13.786
15.387 13.81
15.367 13.81
15.353 13.81
15.373 13.81
15.407 13.81
15.433 13.834
15.453 13.834
15.46 13.834
15.48 13.834
15.507 13.834
15.527 13.858
15.567 13.858
15.593 13.858
15.62 13.858
15.673 13.858
15.693 13.858
15.74 13.858
15.787 13.858
15.843 13.858
15.917 13.882
15.977 13.882
16.037 13.882
16.077 13.858
16.157 13.882
16.217 13.882
16.263 13.882
16.283 13.882
16.337 13.882
16.423 13.882
16.497 13.882
16.543 13.906
16.583 13.882
16.623 13.906
16.65 13.882
16.667 13.882
16.7 13.882
16.72 13.882
16.707 13.858
16.707 13.858
16.72 13.858
16.707 13.858
16.693 13.834
16.713 13.834
16.68 13.834
16.673 13.834
16.65 13.834
16.623 13.834
16.59 13.81
16.543 13.81
16.483 13.81
16.423 13.81
16.37 13.81
16.31 13.81
16.25 13.81
16.177 13.786
16.117 13.786
16.063 13.786
16.01 13.786
15.943 13.786
15.863 13.786
15.773 13.738
15.687 13.738
15.6 13.786
15.527 13.786
15.447 13.762
15.373 13.762
15.3 13.762
15.227 13.762
15.153 13.762
15.093 13.762
15.027 13.762
14.963 13.762
14.903 13.762
14.843 13.738
14.783 13.738
14.723 13.738
14.67 13.738
14.61 13.738
14.55 13.738
14.49 13.738
14.423 13.738
14.363 13.738
14.303 13.738
14.257 13.738
14.21 13.738
14.177 13.738
14.153 13.738
14.153 13.738
14.16 13.738
14.177 13.738
14.23 13.738
14.23 13.738
14.23 13.738
14.257 13.738
14.29 13.738
14.323 13.738
14.37 13.762
14.403 13.762
14.443 13.762
14.49 13.762
14.55 13.762
14.637 13.762
14.723 13.762
14.797 13.762
14.89 13.762
15 13.762
15.107 13.762
15.22 13.762
15.327 13.762
15.42 13.762
15.473 13.762
15.567 13.762
15.66 13.762
15.74 13.762
15.863 13.762
15.93 13.762
15.95 13.762
16.003 13.738
16.037 13.762
16.09 13.738
16.157 13.738
16.257 13.738
16.37 13.738
16.437 13.738
16.51 13.738
16.51 13.738
16.583 13.738
16.643 13.738
16.713 13.738
16.793 13.738
16.86 13.738
16.913 13.714
16.96 13.714
17 13.714
17.04 13.714
17.113 13.69
17.16 13.69
17.18 13.69
17.193 13.69
17.2 13.666
17.187 13.666
17.16 13.666
17.127 13.666
17.1 13.642
17.073 13.642
17.053 13.642
17.027 13.642
16.993 13.642
16.967 13.618
16.927 13.618
16.88 13.618
16.84 13.618
16.8 13.618
16.76 13.618
16.713 13.618
16.673 13.642
16.637 13.618
16.597 13.618
16.563 13.618
16.523 13.618
16.483 13.618
16.437 13.642
16.403 13.618
16.363 13.642
16.317 13.642
16.27 13.642
16.223 13.642
16.177 13.642
16.117 13.642
16.057 13.642
15.983 13.642
15.937 13.642
15.89 13.642
15.837 13.642
15.78 13.642
15.74 13.642
15.7 13.642
15.66 13.642
15.627 13.642
15.593 13.642
15.567 13.642
15.553 13.666
15.54 13.666
15.54 13.666
15.547 13.666
15.56 13.666
15.593 13.666
15.6 13.666
15.607 13.666
15.62 13.666
15.647 13.69
15.687 13.69
15.74 13.69
15.787 13.69
15.85 13.69
15.917 13.714
15.983 13.714
16.17 13.714
16.343 13.714
16.443 13.714
16.523 13.714
16.61 13.714
16.707 13.738
16.78 13.738
16.873 13.738
16.953 13.738
17.033 13.738
17.107 13.738
17.16 13.738
17.233 13.738
17.32 13.738
17.413 13.738
17.51 13.738
17.61 13.762
17.677 13.762
17.75 13.762
17.817 13.762
17.883 13.762
17.957 13.762
18.037 13.762
18.177 13.762
18.25 13.762
18.31 13.786
18.38 13.786
18.44 13.786
18.48 13.786
18.52 13.786
18.547 13.786
18.58 13.762
18.6 13.762
18.62 13.762
18.66 13.762
18.673 13.762
18.68 13.738
18.667 13.738
18.68 13.738
18.66 13.738
18.633 13.738
18.607 13.738
18.573 13.738
18.52 13.738
18.467 13.738
18.407 13.738
18.34 13.738
18.283 13.738
18.223 13.738
18.163 13.738
18.103 13.738
18.043 13.738
17.99 13.738
17.93 13.738
17.877 13.762
17.823 13.762
17.763 13.762
17.703 13.762
17.637 13.762
17.583 13.762
17.53 13.762
17.473 13.786
17.413 13.786
17.347 13.786
17.287 13.786
17.213 13.786
17.127 13.786
17.04 13.81
16.953 13.81
16.887 13.81
16.813 13.81
16.74 13.81
16.65 13.81
16.557 13.834
16.477 13.834
16.39 13.834
16.317 13.834
16.243 13.834
16.177 13.834
16.123 13.834
16.077 13.858
16.043 13.858
16.03 13.858
16.023 13.858
16.03 13.882
16.057 13.882
16.057 13.882
16.043 13.882
16.043 13.906
16.063 13.906
16.097 13.906
16.13 13.906
16.17 13.93
16.217 13.93
16.283 13.93
16.363 13.93
16.443 13.93
16.543 13.954
16.643 13.954
16.753 13.954
16.867 13.954
17 13.978
17.127 13.978
17.247 13.978
17.523 13.978
17.723 13.978
17.93 13.978
18.063 13.978
18.143 13.978
18.197 14.002
18.25 14.002
18.283 14.002
18.373 14.002
18.46 14.002
18.527 14.002
18.6 14.002
18.7 14.002
18.773 14.002
18.86 14.026
18.933 14.026
19.02 14.026
19.067 14.026
19.147 14.026
19.203 14.026
19.317 14.026
19.403 14.026
19.43 14.026
19.423 14.026
19.443 14.002
19.437 14.002
19.43 14.002
19.397 14.002
19.357 14.002
19.317 14.002
19.277 14.002
19.237 13.978
19.19 14.002
19.133 14.002
19.08 13.978
19.02 13.978
18.953 13.978
18.893 13.978
18.82 14.002
18.76 13.978
18.693 13.978
18.627 14.002
18.553 13.978
18.473 13.978
18.387 14.002
18.303 14.002
18.23 14.002
18.15 14.002
18.07 14.002
17.99 14.002
17.917 14.002
17.837 14.002
17.75 14.026
17.677 14.026
17.617 14.026
17.543 14.026
17.46 14.026
17.393 14.026
17.333 14.026
17.273 14.026
17.2 14.05
17.133 14.026
17.06 14.05
16.987 14.05
16.927 14.05
16.873 14.05
16.813 14.05
16.753 14.05
16.693 14.074
16.637 14.074
16.59 14.074
16.55 14.074
16.517 14.074
16.497 14.098
16.483 14.098
16.49 14.098
16.503 14.098
16.523 14.098
16.517 14.122
16.517 14.122
16.53 14.122
16.557 14.122
16.603 14.146
16.643 14.146
16.673 14.146
16.727 14.146
16.793 14.146
16.867 14.17
16.96 14.17
17.06 14.17
17.167 14.194
17.287 14.194
17.407 14.194
17.55 14.194
17.723 14.194
17.863 14.194
17.983 14.218
18.097 14.218
18.21 14.218
18.34 14.218
18.467 14.218
18.56 14.218
18.66 14.218
18.747 14.242
18.833 14.242
18.933 14.242
19.02 14.242
19.073 14.242
19.133 14.242
19.23 14.242
19.303 14.266
19.357 14.266
19.39 14.266
19.37 14.266
19.363 14.266
19.383 14.266
19.423 14.266
19.477 14.266
19.51 14.242
19.53 14.242
19.53 14.242
19.523 14.242
19.53 14.242
19.53 14.218
19.543 14.218
19.543 14.218
19.53 14.218
19.497 14.218
19.47 14.218
19.437 14.218
19.403 14.218
19.363 14.218
19.317 14.218
19.277 14.218
19.23 14.218
19.19 14.218
19.147 14.218
19.1 14.218
19.053 14.218
19 14.218
18.94 14.218
18.887 14.218
18.827 14.218
18.767 14.218
18.713 14.218
18.653 14.218
18.593 14.242
18.547 14.242
18.493 14.242
18.44 14.242
18.387 14.242
18.333 14.242
18.283 14.242
18.223 14.242
18.157 14.266
18.097 14.266
18.05 14.266
17.983 14.266
17.923 14.29
17.863 14.29
17.803 14.29
17.757 14.29
17.703 14.29
17.643 14.29
17.59 14.29
17.543 14.314
17.493 14.314
17.46 14.314
17.44 14.314
17.407 14.314
17.387 14.314
17.38 14.314
17.373 14.314
17.387 14.337
17.38 14.337
17.38 14.337
17.38 14.337
17.393 14.361
17.413 14.361
17.447 14.361
17.48 14.361
17.523 14.361
17.577 14.385
17.643 14.385
17.71 14.385
17.79 14.409
17.877 14.409
17.99 14.409
18.043 14.409
18.137 14.433
18.263 14.433
18.387 14.433
18.493 14.433
18.593 14.433
18.707 14.433
18.82 14.433
19.177 14.433
19.363 14.433
19.457 14.457
19.53 14.457
19.603 14.457
19.683 14.457
19.73 14.457
19.77 14.457
19.843 14.457
19.923 14.457
20.01 14.481
20.077 14.481
20.1 14.481
20.127 14.481
20.147 14.481
20.19 14.481
20.247 14.481
20.28 14.481
20.307 14.481
20.33 14.481
20.357 14.457
20.383 14.457
20.393 14.457
20.387 14.457
20.35 14.457
20.3 14.457
20.273 14.457
20.273 14.457
20.26 14.457
20.253 14.457
20.223 14.457
20.203 14.457
20.177 14.457
20.153 14.457
20.113 14.457
20.07 14.457
20.023 14.457
19.977 14.457
19.93 14.457
19.89 14.457
19.843 14.457
19.803 14.457
19.757 14.457
19.717 14.457
19.677 14.457
19.637 14.457
19.59 14.481
19.543 14.481
19.503 14.481
19.457 14.481
19.417 14.481
19.377 14.481
19.33 14.505
19.283 14.505
19.23 14.505
19.177 14.505
19.127 14.505
19.073 14.505
19.02 14.529
18.96 14.529
18.913 14.529
18.86 14.529
18.807 14.529
18.753 14.529
18.7 14.553
18.653 14.553
18.607 14.553
18.58 14.553
18.553 14.553
18.533 14.553
18.527 14.577
18.527 14.577
18.527 14.577
18.54 14.577
18.54 14.601
18.547 14.601
18.567 14.601
18.587 14.601
18.613 14.625
18.647 14.625
18.68 14.625
18.74 14.625
18.827 14.649
18.913 14.649
19.007 14.649
19.107 14.649
19.223 14.673
19.337 14.673
19.45 14.673
19.577 14.673
19.697 14.697
19.817 14.697
19.937 14.697
20.043 14.697
20.147 14.721
20.24 14.721
20.33 14.721
20.42 14.721
20.503 14.721
20.6 14.745
20.677 14.745
20.777 14.745
20.88 14.745
20.99 14.745
21.117 14.768
21.227 14.768
21.313 14.768
21.417 14.768
21.493 14.792
21.55 14.768
21.57 14.792
21.583 14.792
21.603 14.792
21.62 14.768
21.68 14.768
21.703 14.768
21.69 14.768
21.687 14.768
21.723 14.768
21.75 14.768
21.773 14.768
21.743 14.768
21.703 14.768
21.59 14.768
21.5 14.768
21.397 14.768
21.303 14.768
21.213 14.768
21.137 14.768
21.06 14.768
20.997 14.768
20.92 14.768
20.843 14.768
20.753 14.768
20.67 14.768
20.58 14.792
20.503 14.768
20.42 14.792
20.33 14.768
20.23 14.792
20.12 14.792
20.003 14.792
19.89 14.792
19.79 14.792
19.69 14.792
19.59 14.816
19.497 14.816
19.397 14.84
19.29 14.84
19.17 14.84
19.053 14.84
18.947 14.84
18.847 14.84
18.747 14.84
18.647 14.864
18.547 14.84
18.447 14.864
18.367 14.864
18.277 14.864
18.203 14.888
18.13 14.888
18.043 14.888
17.977 14.888
17.91 14.888
17.85 14.912
17.81 14.888
17.79 14.912
17.77 14.912
17.757 14.912
17.79 14.912
17.75 14.912
17.703 14.912
17.67 14.936
17.637 14.936
17.617 14.936
17.597 14.936
17.583 14.96
17.577 14.96
17.59 14.96
17.617 14.96
17.643 14.984
17.677 14.984
17.697 14.984
17.73 14.984
17.77 14.984
17.837 14.984
17.903 15.008
17.963 14.984
18.01 15.008
18.063 15.008
18.143 15.008
18.217 15.031
18.297 15.031
18.373 15.031
18.453 15.031
18.54 15.031
18.633 15.031
18.693 15.031
18.727 15.031
18.793 15.031
18.873 15.031
18.947 15.031
19.033 15.031
19.113 15.031
19.19 15.055
19.257 15.031
19.31 15.031
19.343 15.031
19.37 15.031
19.423 15.031
19.443 15.008
19.41 15.008
19.39 15.008
19.363 15.008
19.357 14.984
19.33 14.984
19.27 14.984
19.21 14.984
19.14 14.984
19.067 14.96
18.98 14.96
18.873 14.96
18.773 14.96
18.68 14.96
18.593 14.936
18.487 14.96
18.38 14.936
18.297 14.936
18.19 14.936
18.077 14.936
17.95 14.912
17.823 14.936
17.71 14.936
17.597 14.912
17.493 14.912
17.387 14.912
17.273 14.912
17.16 14.912
17.06 14.912
16.96 14.912
16.86 14.912
16.78 14.912
16.687 14.912
16.59 14.888
16.51 14.888
16.417 14.888
16.33 14.888
16.25 14.888
16.163 14.888
16.083 14.888
16.01 14.888
15.97 14.888
15.937 14.888
15.903 14.888
15.877 14.888
15.857 14.888
15.843 14.888
15.837 14.888
15.837 14.888
15.837 14.888
15.837 14.888
15.843 14.888
15.857 14.888
15.877 14.888
15.89 14.888
15.91 14.888
15.923 14.864
15.943 14.888
15.963 14.888
15.997 14.864
16.023 14.888
16.057 14.888
16.07 14.888
16.11 14.888
16.143 14.888
16.183 14.888
16.223 14.888
16.277 14.888
16.39 14.888
16.463 14.888
16.51 14.888
16.543 14.888
16.617 14.888
16.643 14.888
16.693 14.888
16.727 14.888
16.747 14.888
16.793 14.888
16.807 14.864
16.82 14.864
16.827 14.864
16.84 14.864
16.847 14.864
16.86 14.84
16.887 14.84
16.927 14.84
16.967 14.84
17 14.816
17.04 14.816
17.107 14.816
17.153 14.816
17.193 14.816
17.22 14.816
17.247 14.816
17.26 14.816
17.293 14.816
17.327 14.792
17.34 14.792
17.353 14.792
17.387 14.792
17.427 14.768
17.447 14.768
17.453 14.768
17.447 14.768
17.433 14.745
17.413 14.745
17.413 14.745
17.407 14.745
17.373 14.721
17.327 14.721
17.287 14.721
17.247 14.721
17.213 14.697
17.167 14.697
17.113 14.697
17.047 14.697
16.98 14.697
16.913 14.673
16.853 14.673
16.8 14.673
16.747 14.673
16.707 14.673
16.667 14.649
16.63 14.649
16.603 14.649
16.563 14.649
16.517 14.649
16.47 14.649
16.437 14.649
16.41 14.625
16.383 14.649
16.357 14.625
16.317 14.625
16.257 14.625
16.19 14.625
16.11 14.625
16.043 14.625
15.983 14.625
15.937 14.625
15.903 14.625
15.89 14.625
15.87 14.625
15.857 14.625
15.85 14.625
15.843 14.625
15.843 14.601
15.837 14.601
15.837 14.625
15.837 14.601
15.827 14.601
15.827 14.601
15.837 14.601
15.843 14.625
15.85 14.601
15.863 14.601
15.877 14.601
15.91 14.601
15.957 14.601
16.01 14.625
16.043 14.601
16.09 14.601
16.157 14.625
16.203 14.601
16.257 14.601
16.303 14.601
16.39 14.601
16.503 14.601
16.563 14.625
16.643 14.601
16.72 14.601
16.807 14.601
16.887 14.601
16.993 14.601
17.12 14.601
17.213 14.601
17.24 14.601
17.287 14.601
17.4 14.601
17.48 14.601
17.557 14.577
17.55 14.601
17.623 14.577
17.697 14.577
17.723 14.577
17.79 14.577
17.823 14.577
17.843 14.577
17.843 14.577
17.863 14.577
17.903 14.577
17.937 14.553
17.95 14.553
17.963 14.553
18.003 14.553
18.017 14.553
18.01 14.553
18.043 14.529
18.057 14.529
18.043 14.529
18.03 14.529
18.003 14.529
17.99 14.529
17.957 14.505
17.93 14.529
17.903 14.505
17.87 14.505
17.83 14.505
17.79 14.505
17.75 14.505
17.717 14.481
17.677 14.481
17.65 14.481
17.63 14.481
17.603 14.481
17.557 14.481
17.51 14.481
17.447 14.481
17.393 14.481
17.327 14.481
17.267 14.481
17.193 14.481
17.127 14.481
17.06 14.457
16.993 14.481
16.927 14.481
16.873 14.457
16.813 14.481
16.747 14.481
16.687 14.481
16.617 14.481
16.55 14.481
16.483 14.481
16.423 14.457
16.357 14.457
16.297 14.481
16.243 14.481
16.163 14.481
16.103 14.457
16.043 14.481
15.99 14.481
15.95 14.481
15.917 14.481
15.89 14.481
15.87 14.481
15.883 14.481
15.917 14.481
15.95 14.481
15.997 14.481
16.003 14.481
15.99 14.505
15.983 14.505
15.99 14.505
16.023 14.505
16.057 14.505
16.097 14.505
16.13 14.505
16.183 14.505
16.25 14.505
16.337 14.505
16.43 14.529
16.53 14.529
16.63 14.529
16.747 14.529
16.867 14.529
16.993 14.553
17.12 14.529
17.247 14.529
17.373 14.529
17.503 14.529
17.61 14.553
17.717 14.529
17.823 14.553
17.903 14.553
17.957 14.553
18.017 14.553
18.17 14.553
18.353 14.553
18.393 14.553
18.407 14.553
18.4 14.553
18.38 14.553
18.353 14.553
18.34 14.553
18.333 14.553
18.31 14.553
18.303 14.553
18.31 14.553
18.347 14.553
18.38 14.553
18.393 14.553
18.4 14.553
18.393 14.529
18.38 14.529
18.347 14.529
18.303 14.529
18.263 14.529
18.217 14.505
18.19 14.505
18.163 14.529
18.15 14.505
18.123 14.505
18.103 14.505
18.077 14.505
18.043 14.505
18.023 14.505
18.003 14.505
17.977 14.505
17.95 14.505
17.923 14.505
17.897 14.505
17.863 14.505
17.837 14.505
17.81 14.505
17.79 14.481
17.763 14.481
17.73 14.505
17.697 14.505
17.67 14.505
17.643 14.481
17.623 14.505
17.603 14.505
17.583 14.505
17.563 14.505
17.55 14.505
17.53 14.505
17.517 14.505
17.503 14.481
17.487 14.505
17.467 14.505
17.453 14.505
17.433 14.505
17.407 14.505
17.38 14.505
17.347 14.505
17.327 14.505
17.3 14.505
17.28 14.505
17.26 14.529
17.247 14.529
17.233 14.529
17.22 14.529
17.207 14.529
17.2 14.529
17.193 14.529
17.187 14.529
17.187 14.529
17.187 14.553
17.187 14.553
17.193 14.553
17.213 14.553
17.227 14.553
17.227 14.553
17.24 14.553
17.287 14.577
17.34 14.577
17.38 14.577
17.42 14.577
17.48 14.577
17.557 14.577
17.63 14.601
17.743 14.577
17.817 14.601
17.91 14.601
17.997 14.601
18.05 14.601
18.063 14.601
18.057 14.601
18.09 14.601
18.103 14.601
18.11 14.601
18.123 14.601
18.163 14.601
18.19 14.625
18.217 14.625
18.257 14.625
18.27 14.625
18.323 14.625
18.393 14.625
18.433 14.625
18.447 14.625
18.48 14.649
18.507 14.625
18.553 14.625
18.607 14.625
18.647 14.625
18.68 14.625
18.687 14.625
18.673 14.625
18.633 14.625
18.587 14.625
18.54 14.601
18.5 14.601
18.467 14.625
18.427 14.601
18.333 14.601
18.257 14.601
18.197 14.601
18.137 14.601
18.083 14.601
18.07 14.601
18.097 14.601
18.137 14.601
18.143 14.601
18.123 14.601
18.077 14.601
18.03 14.601
17.983 14.601
17.95 14.601
17.923 14.601
17.903 14.601
17.89 14.601
17.877 14.601
17.857 14.601
17.83 14.601
17.81 14.601
17.783 14.601
17.757 14.601
17.73 14.601
17.71 14.601
17.683 14.601
17.663 14.601
17.643 14.601
17.623 14.601
17.603 14.601
17.577 14.601
17.557 14.601
17.537 14.601
17.503 14.601
17.46 14.601
17.413 14.601
17.367 14.625
17.327 14.601
17.28 14.601
17.24 14.625
17.2 14.625
17.167 14.625
17.133 14.601
17.107 14.625
17.08 14.625
17.047 14.625
17.02 14.625
16.993 14.625
16.973 14.625
16.96 14.625
16.96 14.625
16.96 14.625
16.953 14.649
16.96 14.649
16.973 14.649
16.993 14.649
17.02 14.649
17.053 14.649
17.087 14.649
17.12 14.673
17.153 14.649
17.2 14.649
17.26 14.673
17.293 14.673
17.34 14.673
17.44 14.673
17.503 14.673
17.53 14.673
17.48 14.673
17.467 14.673
17.53 14.673
17.493 14.673
17.46 14.673
17.487 14.649
17.473 14.649
17.473 14.673
17.493 14.649
17.517 14.649
17.523 14.649
17.523 14.649
17.557 14.649
17.623 14.649
17.71 14.649
17.757 14.649
17.77 14.649
17.717 14.649
17.637 14.649
17.597 14.625
17.433 14.649
17.36 14.649
17.32 14.625
17.393 14.625
17.55 14.625
17.61 14.625
17.557 14.625
17.473 14.625
17.413 14.625
17.38 14.625
17.347 14.625
17.307 14.625
17.247 14.625
17.167 14.625
17.087 14.625
17.02 14.601
16.96 14.625
16.907 14.601
16.867 14.601
16.84 14.601
16.813 14.601
16.793 14.601
16.767 14.601
16.747 14.601
16.727 14.601
16.707 14.601
16.687 14.601
16.657 14.601
16.63 14.601
16.61 14.601
16.583 14.601
16.563 14.601
16.537 14.601
16.517 14.601
16.497 14.601
16.47 14.601
16.443 14.601
16.417 14.601
16.397 14.601
16.37 14.625
16.343 14.601
16.323 14.601
16.303 14.625
16.277 14.625
16.257 14.601
16.237 14.601
16.217 14.625
16.197 14.625
16.17 14.601
16.143 14.625
16.117 14.601
16.097 14.601
16.077 14.601
16.05 14.625
16.023 14.625
16.003 14.625
15.983 14.625
15.963 14.625
15.963 14.625
15.963 14.625
15.963 14.625
15.95 14.625
15.95 14.625
15.963 14.625
15.963 14.625
15.983 14.625
16.017 14.601
16.05 14.625
16.097 14.601
16.11 14.625
16.143 14.625
16.183 14.625
16.237 14.625
16.297 14.625
16.37 14.601
16.417 14.625
16.443 14.625
16.483 14.625
16.577 14.625
16.673 14.625
16.727 14.625
16.767 14.625
16.767 14.625
16.747 14.625
16.787 14.625
16.853 14.625
16.887 14.625
16.88 14.601
16.86 14.625
16.86 14.625
16.853 14.625
16.84 14.601
16.82 14.601
16.8 14.601
16.813 14.601
16.873 14.601
16.88 14.601
16.853 14.601
16.847 14.601
16.807 14.601
16.773 14.601
16.707 14.601
16.637 14.577
16.583 14.577
16.53 14.577
16.477 14.577
16.43 14.577
16.397 14.553
16.363 14.577
16.33 14.553
16.303 14.553
16.277 14.553
16.25 14.553
16.217 14.553
16.177 14.529
16.137 14.529
16.09 14.529
16.043 14.529
15.99 14.529
15.95 14.529
15.903 14.529
15.863 14.529
15.827 14.529
15.793 14.529
15.76 14.529
15.733 14.505
15.707 14.505
15.687 14.505
15.66 14.529
15.627 14.505
15.6 14.529
15.573 14.529
15.547 14.529
15.52 14.505
15.487 14.505
15.467 14.505
15.44 14.529
15.407 14.505
15.393 14.505
15.373 14.505
15.353 14.505
15.333 14.505
15.32 14.505
15.3 14.505
15.273 14.505
15.24 14.505
15.207 14.505
15.193 14.505
15.187 14.505
15.18 14.505
15.16 14.505
15.147 14.505
15.147 14.505
15.147 14.505
15.14 14.505
15.127 14.505
15.133 14.505
15.14 14.505
15.133 14.505
15.133 14.505
15.147 14.505
15.147 14.505
15.14 14.505
15.147 14.505
15.167 14.529
15.22 14.505
15.287 14.505
15.373 14.505
15.427 14.505
15.413 14.529
15.407 14.505
15.413 14.505
15.44 14.505
15.48 14.505
15.527 14.505
15.547 14.505
15.567 14.505
15.593 14.505
15.633 14.505
15.673 14.505
15.607 14.505
15.74 14.505
15.553 14.481
15.473 14.481
15.527 14.481
15.78 14.481
15.937 14.457
15.91 14.457
15.82 14.457
15.733 14.457
15.713 14.457
15.78 14.457
15.883 14.433
15.97 14.433
16.017 14.433
16.03 14.433
15.983 14.433
15.937 14.433
15.89 14.409
15.857 14.433
15.837 14.409
15.807 14.409
15.773 14.409
15.74 14.409
15.713 14.385
15.687 14.385
15.667 14.385
15.64 14.385
15.607 14.385
15.587 14.385
15.587 14.385
15.58 14.385
15.573 14.361
15.54 14.361
15.513 14.361
15.487 14.361
15.467 14.361
15.453 14.361
15.467 14.361
15.473 14.361
15.467 14.337
15.44 14.337
15.413 14.337
15.387 14.337
15.373 14.337
15.36 14.337
15.34 14.337
15.32 14.337
15.3 14.337
15.28 14.314
15.267 14.314
15.247 14.314
15.227 14.314
15.207 14.314
15.18 14.314
15.153 14.314
15.133 14.314
15.107 14.314
15.093 14.314
15.073 14.314
15.06 14.314
15.047 14.314
15.02 14.314
14.99 14.314
15.007 14.314
14.977 14.314
14.95 14.314
14.943 14.314
14.977 14.314
15.013 14.314
15 14.314
14.963 14.314
14.93 14.314
14.923 14.314
14.937 14.29
14.97 14.314
15.007 14.29
15.04 14.29
15.067 14.29
15.093 14.29
15.1 14.29
15.107 14.29
15.147 14.29
15.14 14.29
15.16 14.29
15.22 14.29
15.293 14.29
15.28 14.29
15.24 14.29
15.24 14.29
15.26 14.29
15.267 14.266
15.253 14.266
15.24 14.266
15.227 14.266
15.213 14.266
15.207 14.242
15.213 14.266
15.22 14.266
15.227 14.242
15.24 14.242
15.267 14.242
15.287 14.242
15.3 14.242
15.313 14.242
15.32 14.242
15.34 14.242
15.36 14.242
15.373 14.242
15.4 14.218
15.433 14.218
15.453 14.218
15.467 14.218
15.487 14.218
15.507 14.218
15.527 14.218
15.547 14.218
15.553 14.194
15.553 14.218
15.54 14.194
15.52 14.194
15.493 14.194
15.467 14.194
15.447 14.194
15.427 14.194
15.407 14.194
15.38 14.218
15.353 14.194
15.327 14.218
15.3 14.194
15.273 14.218
15.24 14.218
15.213 14.218
15.187 14.194
15.147 14.194
15.113 14.218
15.087 14.218
15.06 14.194
15.02 14.218
14.977 14.194
14.923 14.194
14.877 14.194
14.823 14.194
14.777 14.194
14.73 14.194
14.697 14.194
14.677 14.194
14.65 14.194
14.617 14.194
14.577 14.194
14.543 14.194
14.51 14.194
14.47 14.218
14.437 14.194
14.417 14.194
14.403 14.194
14.397 14.194
14.39 14.218
14.383 14.194
14.37 14.194
14.363 14.218
14.357 14.194
14.357 14.194
14.363 14.194
14.357 14.194
14.363 14.194
14.37 14.194
14.377 14.194
14.383 14.194
14.39 14.194
14.41 14.194
14.43 14.194
14.437 14.194
14.45 14.194
14.45 14.194
14.457 14.194
14.457 14.194
14.463 14.194
14.483 14.194
14.51 14.194
14.523 14.194
14.543 14.194
14.583 14.194
14.61 14.194
14.637 14.194
14.663 14.194
14.703 14.194
14.737 14.194
14.757 14.194
14.79 14.194
14.823 14.194
14.85 14.194
14.877 14.194
14.923 14.194
15 14.194
15.06 14.194
15.087 14.194
15.14 14.194
15.187 14.194
15.207 14.17
15.233 14.17
15.267 14.17
15.347 14.17
15.407 14.17
15.433 14.17
15.453 14.17
15.493 14.17
15.547 14.17
15.567 14.17
15.573 14.17
15.567 14.17
15.567 14.17
15.573 14.17
15.587 14.146
15.587 14.146
15.587 14.146
15.593 14.146
15.593 14.146
15.593 14.146
15.593 14.146
15.58 14.122
15.56 14.122
15.54 14.122
15.513 14.122
15.493 14.122
15.46 14.122
15.427 14.122
15.38 14.122
15.333 14.122
15.28 14.122
15.227 14.122
15.18 14.098
15.133 14.122
15.093 14.098
15.053 14.098
15.013 14.098
14.963 14.098
14.91 14.098
14.843 14.098
14.79 14.098
14.743 14.098
14.69 14.098
14.637 14.098
14.583 14.098
14.53 14.098
14.477 14.098
14.423 14.098
14.383 14.098
14.357 14.098
14.337 14.098
14.31 14.098
14.29 14.098
14.283 14.098
14.27 14.098
14.27 14.098
14.283 14.098
14.31 14.122
14.337 14.122
14.357 14.122
14.383 14.122
14.41 14.122
14.437 14.122
14.463 14.122
14.497 14.122
14.543 14.146
14.597 14.146
14.65 14.122
14.69 14.146
14.75 14.146
14.837 14.122
14.93 14.146
15.02 14.146
15.113 14.146
15.2 14.146
15.253 14.146
15.327 14.146
15.427 14.146
15.553 14.146
15.64 14.146
15.76 14.146
15.863 14.146
15.91 14.146
15.943 14.146
16.05 14.146
16.17 14.146
16.277 14.122
16.37 14.146
16.457 14.122
16.51 14.122
16.55 14.146
16.623 14.122
16.68 14.122
16.727 14.146
16.807 14.146
16.873 14.146
16.947 14.146
16.98 14.146
17 14.146
17.013 14.146
17.02 14.122
17.027 14.122
17.04 14.122
17.047 14.122
17.047 14.122
17.033 14.122
17.02 14.098
17.007 14.098
16.993 14.098
16.967 14.098
16.927 14.098
16.88 14.098
16.827 14.098
16.767 14.098
16.707 14.098
16.643 14.074
16.59 14.098
16.537 14.098
16.49 14.098
16.437 14.074
16.383 14.074
16.35 14.074
16.33 14.074
16.303 14.074
16.263 14.074
16.203 14.098
16.143 14.098
16.07 14.074
16.01 14.098
15.95 14.098
15.883 14.098
15.82 14.098
15.767 14.098
15.707 14.098
15.653 14.098
15.593 14.098
15.533 14.098
15.48 14.098
15.42 14.098
15.367 14.098
15.313 14.122
15.247 14.098
15.193 14.122
15.133 14.122
15.08 14.122
15.027 14.122
14.97 14.122
14.917 14.122
14.877 14.146
14.843 14.146
14.83 14.146
14.81 14.146
14.817 14.146
14.837 14.17
14.89 14.17
14.903 14.17
14.91 14.17
14.91 14.17
14.93 14.194
14.95 14.194
15 14.194
15.033 14.194
15.073 14.194
15.127 14.218
15.193 14.218
15.273 14.218
15.353 14.218
15.453 14.218
15.547 14.218
15.667 14.218
15.793 14.242
15.91 14.218
16.01 14.242
16.09 14.242
16.19 14.242
16.303 14.242
16.43 14.242
16.53 14.242
16.617 14.242
16.713 14.242
16.807 14.242
16.887 14.242
16.98 14.242
17.073 14.242
17.327 14.266
17.83 14.242
17.897 14.242
17.87 14.242
17.823 14.266
17.823 14.266
17.817 14.266
17.81 14.29
17.803 14.29
17.797 14.29
17.797 14.29
17.823 14.266
17.823 14.266
17.857 14.266
17.823 14.266
17.777 14.266
17.703 14.242
17.63 14.242
17.577 14.242
17.55 14.242
17.53 14.242
17.503 14.242
17.473 14.242
17.467 14.242
17.44 14.242
17.4 14.242
17.36 14.242
17.313 14.242
17.28 14.242
17.253 14.242
17.213 14.242
17.173 14.266
17.133 14.242
17.087 14.242
17.033 14.266
16.987 14.266
16.94 14.266
16.9 14.266
16.853 14.266
16.813 14.266
16.767 14.266
16.72 14.266
16.687 14.266
16.643 14.29
16.597 14.266
16.557 14.29
16.51 14.29
16.457 14.29
16.41 14.29
16.363 14.29
16.317 14.29
16.27 14.29
16.23 14.29
16.183 14.29
16.137 14.29
16.083 14.314
16.037 14.314
15.99 14.314
15.95 14.29
15.923 14.314
15.91 14.314
15.903 14.314
15.903 14.314
15.91 14.337
15.917 14.337
15.93 14.337
15.963 14.337
15.977 14.337
15.983 14.337
15.99 14.361
16.01 14.361
16.043 14.361
16.103 14.361
16.15 14.385
16.21 14.385
16.283 14.385
16.377 14.385
16.457 14.409
16.55 14.409
16.65 14.409
16.747 14.409
16.847 14.409
16.96 14.433
17.087 14.409
17.2 14.433
17.3 14.433
17.387 14.433
17.487 14.433
17.59 14.433
17.71 14.457
17.81 14.457
17.91 14.457
18.017 14.457
18.157 14.433
18.283 14.457
18.447 14.457
18.56 14.457
18.633 14.457
18.68 14.457
18.74 14.457
18.787 14.457
18.847 14.481
18.913 14.481
18.973 14.481
19.027 14.481
19.053 14.481
19.073 14.481
19.047 14.481
19.027 14.481
19.013 14.481
19.033 14.481
19.053 14.481
19.06 14.457
19.053 14.457
19.033 14.457
19.013 14.457
18.98 14.457
18.92 14.457
18.873 14.457
18.84 14.457
18.773 14.457
18.7 14.457
18.633 14.457
18.573 14.457
18.527 14.457
18.48 14.457
18.433 14.457
18.373 14.457
18.317 14.457
18.27 14.457
18.217 14.457
18.17 14.457
18.13 14.457
18.083 14.457
18.023 14.481
17.963 14.481
17.917 14.481
17.87 14.481
17.83 14.481
17.777 14.481
17.737 14.505
17.697 14.505
17.65 14.505
17.603 14.505
17.563 14.529
17.523 14.529
17.487 14.529
17.453 14.529
17.42 14.529
17.38 14.529
17.34 14.553
17.3 14.553
17.253 14.553
17.22 14.577
17.193 14.577
17.167 14.577
17.153 14.577
17.16 14.577
17.167 14.601
17.173 14.601
17.167 14.601
17.18 14.601
17.22 14.601
17.227 14.625
17.233 14.625
17.247 14.625
17.253 14.649
17.253 14.649
17.28 14.649
17.313 14.673
17.34 14.673
17.36 14.673
17.38 14.673
17.4 14.673
17.44 14.697
17.493 14.697
17.543 14.697
17.603 14.697
17.683 14.721
17.743 14.721
17.797 14.721
17.85 14.721
17.95 14.745
18.063 14.745
18.143 14.745
18.203 14.745
18.277 14.745
18.353 14.745
18.387 14.745
18.42 14.768
18.447 14.768
18.467 14.745
18.487 14.745
18.533 14.768
18.6 14.768
18.693 14.768
18.793 14.768
18.88 14.792
18.953 14.792
18.98 14.792
19.033 14.792
19.12 14.792
19.203 14.792
19.257 14.792
19.29 14.792
19.33 14.768
19.35 14.792
19.37 14.792
19.363 14.768
19.41 14.768
19.443 14.768
19.443 14.768
19.417 14.768
19.39 14.768
19.37 14.768
19.357 14.768
19.337 14.768
19.337 14.768
19.31 14.768
19.29 14.768
19.33 14.768
19.303 14.768
19.237 14.768
19.147 14.768
19.06 14.768
18.98 14.768
18.907 14.768
18.847 14.768
18.793 14.792
18.74 14.792
18.68 14.792
18.633 14.768
18.58 14.792
18.54 14.792
18.5 14.792
18.46 14.792
18.42 14.792
18.393 14.816
18.36 14.816
18.333 14.816
18.29 14.816
18.243 14.816
18.197 14.84
18.143 14.84
18.097 14.84
18.05 14.84
18.003 14.84
17.957 14.84
17.917 14.84
17.883 14.864
17.843 14.864
17.81 14.864
17.783 14.864
17.763 14.864
17.743 14.888
17.73 14.888
17.723 14.888
17.723 14.888
17.743 14.888
17.743 14.888
17.75 14.912
17.763 14.912
17.797 14.912
17.823 14.912
17.857 14.936
17.89 14.936
17.923 14.936
17.977 14.936
18.03 14.936
18.083 14.936
18.15 14.96
18.23 14.96
18.317 14.96
18.433 14.96
18.547 14.96
18.673 14.984
18.807 14.984
18.913 14.984
18.993 14.984
19.1 14.984
19.21 14.984
19.317 14.984
19.41 15.008
19.517 15.008
19.617 15.008
19.717 15.008
19.81 15.008
19.89 15.008
19.957 15.008
20.01 15.008
20.087 15.008
20.153 15.031
20.197 15.031
20.233 15.031
20.26 15.031
20.233 15.055
20.253 15.031
20.307 15.031
20.337 15.031
20.343 15.031
20.387 15.031
20.463 15.031
20.447 15.031
20.453 15.031
20.483 15.008
20.453 15.008
20.413 15.008
20.337 15.008
20.24 15.008
20.127 15.008
20.05 15.008
19.983 15.008
19.917 15.008
19.863 15.008
19.803 15.008
19.743 15.008
19.69 15.008
19.63 15.008
19.563 15.008
19.51 15.008
19.45 15.008
19.383 15.008
19.31 15.008
19.237 15.008
19.16 15.008
19.08 15.008
18.993 15.031
18.927 15.031
18.86 15.031
18.793 15.031
18.72 15.031
18.66 15.031
18.613 15.031
18.567 15.055
18.507 15.055
18.447 15.055
18.387 15.055
18.317 15.055
18.257 15.055
18.19 15.079
18.137 15.079
18.07 15.079
18.003 15.079
17.937 15.103
17.863 15.103
17.797 15.103
17.723 15.103
17.657 15.103
17.603 15.127
17.563 15.127
17.53 15.127
17.51 15.127
17.51 15.151
17.523 15.127
17.57 15.151
17.57 15.151
17.55 15.151
17.55 15.151
17.557 15.175
17.577 15.175
17.603 15.175
17.643 15.175
17.69 15.199
17.75 15.199
17.817 15.199
17.89 15.223
17.957 15.223
18.043 15.223
18.137 15.223
18.237 15.247
18.367 15.247
18.48 15.247
18.6 15.247
18.693 15.247
18.767 15.247
18.867 15.247
18.973 15.27
19.093 15.27
19.153 15.247
19.25 15.27
19.343 15.27
19.443 15.27
19.543 15.27
19.617 15.27
19.69 15.27
19.77 15.27
19.863 15.27
19.923 15.27
19.99 15.27
20.057 15.27
20.113 15.27
20.17 15.294
20.203 15.294
20.223 15.294
20.247 15.27
20.273 15.27
20.293 15.27
20.363 15.27
20.363 15.27
20.33 15.27
20.3 15.247
20.253 15.247
20.203 15.247
20.147 15.247
20.08 15.247
20.01 15.247
19.923 15.223
19.85 15.223
19.783 15.223
19.723 15.223
19.657 15.223
19.603 15.223
19.563 15.223
19.523 15.223
19.477 15.223
19.417 15.223
19.363 15.223
19.317 15.223
19.277 15.223
19.243 15.223
19.21 15.223
19.17 15.223
19.127 15.223
19.087 15.223
19.047 15.223
19 15.223
18.96 15.247
18.907 15.247
18.867 15.247
18.827 15.247
18.78 15.247
18.727 15.247
18.687 15.247
18.66 15.247
18.627 15.247
18.593 15.27
18.547 15.27
18.493 15.27
18.453 15.27
18.427 15.27
18.407 15.27
18.38 15.294
18.353 15.294
18.317 15.294
18.29 15.294
18.27 15.294
18.257 15.294
18.243 15.318
18.237 15.318
18.23 15.318
18.25 15.318
18.25 15.318
18.237 15.318
18.237 15.342
18.237 15.342
18.257 15.342
18.297 15.342
18.347 15.366
18.387 15.342
18.447 15.366
18.493 15.366
18.507 15.366
18.533 15.366
18.587 15.39
18.647 15.39
18.713 15.39
18.787 15.39
18.853 15.39
18.907 15.414
19 15.414
19.053 15.414
19.1 15.414
19.17 15.414
19.25 15.414
19.283 15.414
19.317 15.414
19.337 15.414
19.35 15.414
19.377 15.414
19.383 15.414
19.397 15.414
19.403 15.414
19.403 15.414
19.403 15.414
19.397 15.414
19.377 15.414
19.357 15.414
19.343 15.414
19.33 15.414
19.323 15.414
19.317 15.414
19.31 15.414
19.297 15.414
19.283 15.414
19.257 15.414
19.23 15.414
19.197 15.414
19.153 15.414
19.12 15.39
19.087 15.39
19.053 15.39
19.013 15.39
18.973 15.39
18.933 15.39
18.887 15.39
18.84 15.39
18.8 15.39
18.76 15.39
18.727 15.39
18.687 15.39
18.653 15.39
18.633 15.39
18.613 15.39
18.587 15.39
18.567 15.39
18.533 15.39
18.487 15.39
18.433 15.39
18.38 15.39
18.347 15.39
18.317 15.39
18.29 15.39
18.277 15.39
18.27 15.39
18.27 15.39
18.257 15.366
18.23 15.39
18.203 15.39
18.163 15.39
18.13 15.39
18.09 15.39
18.063 15.39
18.043 15.39
18.03 15.39
18.01 15.39
17.99 15.39
17.963 15.39
17.937 15.39
17.91 15.39
17.883 15.39
17.87 15.39
17.857 15.39
17.843 15.39
17.837 15.39
17.823 15.39
17.817 15.39
17.823 15.39
17.823 15.39
17.817 15.414
17.817 15.39
17.797 15.414
17.75 15.39
17.71 15.39
17.67 15.39
17.623 15.39
17.59 15.39
17.557 15.414
17.53 15.39
17.51 15.39
17.48 15.39
17.46 15.39
17.46 15.39
17.487 15.39
17.523 15.414
17.55 15.414
17.557 15.414
17.583 15.414
17.623 15.414
17.663 15.414
17.697 15.414
17.723 15.414
17.757 15.414
17.777 15.414
17.783 15.414
17.817 15.414
17.837 15.414
17.87 15.414
17.903 15.414
17.943 15.414
17.937 15.414
17.903 15.414
17.877 15.414
17.863 15.39
17.87 15.39
17.863 15.39
17.85 15.39
17.823 15.39
17.81 15.39
17.83 15.39
17.843 15.39
17.857 15.39
17.87 15.39
17.843 15.39
17.817 15.366
17.797 15.366
17.77 15.366
17.743 15.366
17.73 15.366
17.717 15.366
17.697 15.366
17.67 15.366
17.63 15.366
17.603 15.366
17.583 15.342
17.563 15.342
17.543 15.342
17.51 15.342
17.473 15.318
17.427 15.294
17.373 15.294
17.32 15.294
17.267 15.294
17.227 15.294
17.187 15.294
17.14 15.294
17.093 15.294
17.04 15.294
16.98 15.294
16.92 15.294
16.86 15.27
16.807 15.27
16.76 15.27
16.72 15.27
16.687 15.27
16.657 15.27
16.643 15.27
16.623 15.27
16.597 15.27
16.557 15.247
16.51 15.27
16.457 15.247
16.417 15.247
16.37 15.247
16.33 15.247
16.303 15.247
16.277 15.247
16.27 15.247
16.263 15.247
16.257 15.247
16.25 15.247
16.243 15.247
16.223 15.247
16.21 15.247
16.203 15.247
16.197 15.247
16.19 15.247
16.197 15.247
16.21 15.247
16.223 15.247
16.243 15.247
16.257 15.247
16.27 15.247
16.29 15.247
16.303 15.247
16.33 15.247
16.343 15.247
16.37 15.247
16.397 15.247
16.417 15.247
16.437 15.247
16.45 15.247
16.457 15.247
16.477 15.247
16.503 15.247
16.55 15.247
16.643 15.247
16.707 15.247
16.8 15.247
16.873 15.247
16.913 15.247
16.96 15.247
17.033 15.247
17.073 15.247
17.12 15.223
17.193 15.223
17.213 15.223
17.253 15.223
17.32 15.223
17.327 15.223
17.32 15.223
17.333 15.223
17.353 15.199
17.38 15.199
17.42 15.199
17.413 15.199
17.393 15.199
17.4 15.175
17.393 15.175
17.38 15.175
17.353 15.175
17.32 15.151
17.28 15.151
17.293 15.151
17.327 15.151
17.313 15.151
17.287 15.151
17.26 15.127
17.22 15.151
17.18 15.151
17.14 15.127
17.093 15.127
17.06 15.127
17.027 15.103
16.987 15.103
16.947 15.103
16.907 15.103
16.873 15.103
16.853 15.103
16.833 15.103
16.813 15.079
16.787 15.079
16.76 15.079
16.733 15.079
16.707 15.079
16.667 15.079
16.61 15.079
16.537 15.055
16.47 15.055
16.41 15.055
16.37 15.055
16.337 15.055
16.31 15.055
16.283 15.055
16.27 15.055
16.25 15.055
16.23 15.055
16.21 15.055
16.21 15.055
16.21 15.055
16.21 15.055
16.19 15.055
16.163 15.055
16.143 15.031
16.123 15.031
16.117 15.031
16.11 15.031
16.11 15.055
16.103 15.031
16.103 15.031
16.103 15.031
16.103 15.055
16.11 15.031
16.123 15.031
