12.1675
12.1605
12.1535
12.1465
12.1395
12.1325
12.1255
12.1185
12.1115
12.1045
12.0823
12.0449
12.0075
11.9701
11.9327
11.8953
11.8579
11.8205
11.7831
11.7457
11.7083
11.6709
11.6335
11.5961
11.5587
11.5060666666667
11.4382
11.3703333333333
11.3024666666667
11.2346
11.1667333333333
11.0988666666667
11.031
10.9631333333333
10.8952666666667
10.8274
10.7595333333333
10.6916666666667
10.6238
10.5559333333333
10.5036666666667
10.467
10.4303333333333
10.3936666666667
10.357
10.3203333333333
10.2836666666667
10.247
10.2103333333333
10.1736666666667
10.137
10.1003333333333
10.0636666666667
10.027
9.99033333333333
