83.5814968815794
180.760656964737
277.939817047895
375.118977131053
472.29813721421
569.477297297369
666.656457380526
763.835617463685
861.014777546842
958.19393763
1055.37309771316
1152.55225779632
1249.73141787947
1346.91057796263
1444.08973804579
1541.26889812895
1638.44805821211
1735.62721829526
1832.80637837842
1929.98553846158
2027.16469854474
2124.34385862789
2221.52301871105
2318.70217879421
2415.88133887737
2513.06049896053
2610.23965904368
2707.41881912684
2804.59797921
2901.77713929316
2998.95629937632
3096.13545945947
3193.31461954263
3290.49377962579
3387.67293970895
3484.85209979211
3582.03125987526
3679.21041995842
