0
0
0
0
0
0
0
0
0
0
0
0
0
0
0
0
0
0
0
0
0
0
0
0
0
0
0
0
0
0
0
0
0
0
0
0
0
0
0
0
0
0
0
0
0
0
0
0
0
0
0
0
0
0
0
0
0
0
0
0
0
0
0
0
0
0
0
0
0
0
0
0
0
0
0
0
0
0
0
0
0
0
0
0
0
0
0
0
0
0
0
0
0
0
0
0
0
0
0
0
0
0
0
0
0
0
0
0
0
0
0
0
0
0
0
0
0
0
0
0
0
0
0
0
0
0
0
0
0
0
0
0
0
0
0
0
0
0
0
0
0
0
0
0
0
0
0
0
0
0
0
0
0
0
0
0
0
0
0
0
0
0
0
0
0
0
0
0
0
0
0
0
0
0
0
0
0
0
0
0
0
0
0
0
0
0
0
0
0
0
0
0
0
0
0
0
0
0
0
0
0
0
0
0
0
0
0
0
0
0
0
0
0
0
0
0
0
0
0
0
0
0
0
0
0
0
0
0
0
0
0
0
0
0
0
0
0
0
0
0
0
0
0
0
0
0
0
0
0
0
0
0
0
0
0
0
0
0
0
0
0
0
0
0
0
0
0
0
0
0
0
0
0
0
0
0
0
0
0
0
0
0
0
0
0
0
0
0
0
0
0
0
0
0
0
0
0
0
0
0
0
0
0
0
0
0
0
0
0
0
0
0
0
0
0
0
0
0
0
0
0
0
0
0
0
0
0
0
0
0
0
0
0
0
0
0
0
0
0
0
0
0
0
0
0
0
0
0
0
0
0
0
0
0
0
0
0
0
0
0
0
0
0
0
0
0
0
0
0
0
0
0
0
0
0
0
0
0
0
0
0
0
0
0
0
0
0
0
0
0
0
0
0
0
0
0
0
0
0
0
0
0
0
0
0
0
0
0
0
0
0
0
0
0
0
0
0
0
0
0
0
0
0
0
0
0
0
0
0
0
0
0
0
0
0
0
0
0
0
0
0
0
0
0
0
0
0
0
0
0
0
0
0
0
0
0
0
0
0
0
0
0
0
0
0
0
0
0
0
0
0
0
0
0
0
0
0
0
0
0
0
0
0
0
0
0
0
0
0
0
0
0
0
0
0
0
0
0
0
0
0
0
0
0
0
0
0
0
0
0
0
0
0
0
0
0
0
0
0
0
0
0
0
0
0
0
0
0
0
0
0
0
0
0
0
0
0
0
0
0
0
0
0
0
0
0
0
0
0
0
0
0
0
0
0
0
0
0
0
0
0
0
0
0
0
0
0
0
0
0
0
0
0
0
0
0
0
0
0
0
0
0
0
0
0
0
0
0
0
0
0
0
0
0
0
0
0
0
0
0
0
0
0
0
0
0
0
0
0
0
0
0
0
0
0
0
0
0
0
0
0
0
0
0
0
0
0
0
0
0
0
0
0
0
0
0
0
0
0
0
0
0
0
0
0
0
0
0
0
0
0
0
0
0
0
0
0
0
0
0
0
0
0
0
0
0
0
0
0
0
0
0
4.166666666666785e-10
8.333333333333215e-10
1.25e-09
1.6666666666666785e-09
2.0833333333333214e-09
2.5e-09
2.9166666666666787e-09
3.3333333333333214e-09
3.7500000000000005e-09
4.166666666666678e-09
4.5833333333333214e-09
5e-09
5.416666666666679e-09
5.833333333333322e-09
6.25e-09
6.666666666666678e-09
7.0833333333333215e-09
7.500000000000001e-09
7.916666666666678e-09
8.333333333333322e-09
8.75e-09
9.16666666666668e-09
9.583333333333322e-09
1e-08
1.0416666666666679e-08
1.0833333333333321e-08
1.125e-08
1.1666666666666678e-08
1.2083333333333322e-08
1.25e-08
1.2916666666666678e-08
1.3333333333333322e-08
1.375e-08
1.416666666666668e-08
1.4583333333333322e-08
1.5000000000000002e-08
1.541666666666668e-08
1.5833333333333323e-08
1.625e-08
1.666666666666668e-08
1.708333333333332e-08
1.75e-08
1.7916666666666678e-08
1.8333333333333322e-08
1.875e-08
1.916666666666668e-08
1.9583333333333323e-08
2e-08
2.0416666666666677e-08
2.083333333333332e-08
2.1250000000000002e-08
2.166666666666668e-08
2.2083333333333323e-08
2.25e-08
2.291666666666668e-08
2.333333333333332e-08
2.375e-08
2.4166666666666678e-08
2.4583333333333322e-08
2.5e-08
2.541666666666668e-08
2.5833333333333323e-08
2.625e-08
2.666666666666668e-08
2.708333333333332e-08
2.75e-08
2.791666666666668e-08
2.8333333333333322e-08
2.875e-08
2.916666666666668e-08
2.9583333333333324e-08
3.0000000000000004e-08
3.041666666666668e-08
3.0833333333333325e-08
3.125e-08
3.166666666666668e-08
3.208333333333332e-08
3.25e-08
3.291666666666668e-08
3.333333333333332e-08
3.375e-08
3.416666666666668e-08
3.458333333333332e-08
3.5e-08
3.5416666666666676e-08
3.5833333333333323e-08
3.6250000000000004e-08
3.666666666666668e-08
3.7083333333333325e-08
3.75e-08
3.791666666666668e-08
3.833333333333332e-08
3.875e-08
3.916666666666668e-08
3.958333333333332e-08
4e-08
4e-08
4e-08
4e-08
4e-08
4e-08
4e-08
4e-08
4e-08
4e-08
4e-08
4e-08
4e-08
4e-08
4e-08
4e-08
4e-08
4e-08
4e-08
4e-08
4e-08
4e-08
4e-08
4e-08
4e-08
4e-08
4e-08
4e-08
4e-08
4e-08
4e-08
4e-08
4e-08
4e-08
4e-08
4e-08
4e-08
4e-08
4e-08
4e-08
4e-08
4e-08
4e-08
4e-08
4e-08
4e-08
4e-08
4e-08
4e-08
4e-08
4e-08
4e-08
4e-08
4e-08
4e-08
4e-08
4e-08
4e-08
4e-08
4e-08
4e-08
4e-08
4e-08
4e-08
4e-08
4e-08
4e-08
4e-08
4e-08
4e-08
4e-08
4e-08
4e-08
4e-08
4e-08
4e-08
4e-08
4e-08
4e-08
4e-08
4e-08
4e-08
4e-08
4e-08
4e-08
4e-08
4e-08
4e-08
4e-08
4e-08
4e-08
4e-08
4e-08
4e-08
4e-08
4e-08
4e-08
3.958333333333336e-08
3.916666666666665e-08
3.875e-08
3.833333333333336e-08
3.7916666666666646e-08
3.75e-08
3.708333333333336e-08
3.6666666666666644e-08
3.625e-08
3.5833333333333356e-08
3.541666666666664e-08
3.5e-08
3.4583333333333355e-08
3.416666666666664e-08
3.375e-08
3.333333333333336e-08
3.291666666666665e-08
3.25e-08
3.208333333333336e-08
3.1666666666666646e-08
3.125e-08
3.083333333333336e-08
3.0416666666666645e-08
3.0000000000000004e-08
2.9583333333333357e-08
2.9166666666666643e-08
2.8750000000000003e-08
2.8333333333333355e-08
2.7916666666666642e-08
2.75e-08
2.7083333333333357e-08
2.6666666666666644e-08
2.625e-08
2.583333333333336e-08
2.5416666666666643e-08
2.5e-08
2.4583333333333358e-08
2.4166666666666645e-08
2.375e-08
2.3333333333333357e-08
2.2916666666666644e-08
2.25e-08
2.208333333333336e-08
2.1666666666666642e-08
2.1250000000000002e-08
2.0833333333333358e-08
2.0416666666666644e-08
2e-08
1.9583333333333356e-08
1.9166666666666643e-08
1.875e-08
1.833333333333336e-08
1.7916666666666642e-08
1.75e-08
1.7083333333333357e-08
1.6666666666666644e-08
1.625e-08
1.5833333333333356e-08
1.5416666666666643e-08
1.5000000000000002e-08
1.4583333333333358e-08
1.4166666666666645e-08
1.375e-08
1.3333333333333357e-08
1.2916666666666643e-08
1.25e-08
1.2083333333333359e-08
1.1666666666666642e-08
1.1250000000000001e-08
1.0833333333333358e-08
1.0416666666666644e-08
9.999999999999997e-09
9.583333333333356e-09
9.166666666666643e-09
8.750000000000002e-09
8.333333333333355e-09
7.916666666666642e-09
7.500000000000001e-09
7.08333333333336e-09
6.66666666666664e-09
6.25e-09
5.833333333333359e-09
5.416666666666646e-09
4.9999999999999985e-09
4.583333333333358e-09
4.1666666666666444e-09
3.749999999999997e-09
3.3333333333333566e-09
2.916666666666643e-09
2.5000000000000025e-09
2.0833333333333553e-09
1.6666666666666419e-09
1.2500000000000013e-09
8.33333333333354e-10
4.166666666666406e-10
0
0
0
0
0
0
0
0
0
0
0
0
0
0
0
0
0
0
0
0
0
0
0
0
0
0
0
0
0
0
0
0
0
0
0
0
0
0
0
0
0
0
0
0
0
0
0
0
0
0
0
0
0
0
0
0
0
0
0
0
0
0
0
0
0
0
0
0
0
0
0
0
0
0
0
0
0
0
0
0
0
0
0
0
0
0
0
0
0
0
0
0
0
0
0
0
0
0
0
0
0
0
0
0
0
0
0
0
0
0
0
0
0
0
0
0
0
0
0
0
0
0
0
0
0
0
0
0
0
0
0
0
0
0
0
0
0
0
0
0
0
0
0
0
0
0
0
0
0
0
0
0
0
0
0
0
0
0
0
0
0
0
0
0
0
0
0
0
0
0
0
0
0
0
0
0
0
0
0
0
0
0
0
0
0
0
0
0
0
0
0
0
0
4.16666666666643e-10
8.33333333333357e-10
1.25e-09
1.666666666666643e-09
2.083333333333357e-09
2.5e-09
2.916666666666643e-09
3.333333333333357e-09
3.7500000000000005e-09
4.166666666666643e-09
4.583333333333357e-09
5e-09
5.416666666666643e-09
5.8333333333333574e-09
6.25e-09
6.666666666666643e-09
7.083333333333357e-09
7.500000000000001e-09
7.916666666666643e-09
8.333333333333357e-09
8.75e-09
9.166666666666643e-09
9.583333333333358e-09
1e-08
1.0416666666666642e-08
1.0833333333333358e-08
1.125e-08
1.1666666666666644e-08
1.2083333333333357e-08
1.25e-08
1.2916666666666643e-08
1.3333333333333357e-08
1.375e-08
1.4166666666666643e-08
1.4583333333333358e-08
1.5000000000000002e-08
1.5416666666666643e-08
1.5833333333333356e-08
1.625e-08
1.6666666666666644e-08
1.7083333333333357e-08
1.75e-08
1.7916666666666642e-08
1.833333333333336e-08
1.875e-08
1.9166666666666643e-08
1.9583333333333356e-08
2e-08
2.0416666666666644e-08
2.0833333333333358e-08
2.1250000000000002e-08
2.1666666666666642e-08
2.208333333333336e-08
2.25e-08
2.2916666666666644e-08
2.3333333333333357e-08
2.375e-08
2.4166666666666645e-08
2.4583333333333358e-08
2.5e-08
2.5416666666666643e-08
2.5833333333333356e-08
2.625e-08
2.6666666666666644e-08
2.7083333333333357e-08
2.75e-08
2.7916666666666642e-08
2.833333333333336e-08
2.875e-08
2.9166666666666643e-08
2.9583333333333357e-08
3.0000000000000004e-08
3.0416666666666645e-08
3.083333333333336e-08
3.125e-08
3.1666666666666646e-08
3.208333333333336e-08
3.25e-08
3.291666666666664e-08
3.333333333333336e-08
3.375e-08
3.416666666666664e-08
3.4583333333333355e-08
3.5e-08
3.541666666666664e-08
3.5833333333333356e-08
3.6250000000000004e-08
3.6666666666666644e-08
3.708333333333336e-08
3.75e-08
3.7916666666666646e-08
3.833333333333336e-08
3.875e-08
3.916666666666665e-08
3.958333333333336e-08
4e-08
4e-08
4e-08
4e-08
4e-08
4e-08
4e-08
4e-08
4e-08
4e-08
4e-08
4e-08
4e-08
4e-08
4e-08
4e-08
4e-08
4e-08
4e-08
4e-08
4e-08
4e-08
4e-08
4e-08
4e-08
4e-08
4e-08
4e-08
4e-08
4e-08
4e-08
4e-08
4e-08
4e-08
4e-08
4e-08
4e-08
4e-08
4e-08
4e-08
4e-08
4e-08
4e-08
4e-08
4e-08
4e-08
4e-08
4e-08
4e-08
4e-08
4e-08
4e-08
4e-08
4e-08
4e-08
4e-08
4e-08
4e-08
4e-08
4e-08
4e-08
4e-08
4e-08
4e-08
4e-08
4e-08
4e-08
4e-08
4e-08
4e-08
4e-08
4e-08
4e-08
4e-08
4e-08
4e-08
4e-08
4e-08
4e-08
4e-08
4e-08
4e-08
4e-08
4e-08
4e-08
4e-08
4e-08
4e-08
4e-08
4e-08
4e-08
4e-08
4e-08
4e-08
4e-08
4e-08
4e-08
3.958333333333336e-08
3.916666666666665e-08
3.875e-08
3.833333333333336e-08
3.7916666666666646e-08
3.75e-08
3.708333333333336e-08
3.6666666666666644e-08
3.625e-08
3.5833333333333356e-08
3.541666666666664e-08
3.5e-08
3.4583333333333355e-08
3.416666666666664e-08
3.375e-08
3.333333333333336e-08
3.291666666666665e-08
3.25e-08
3.208333333333336e-08
3.1666666666666646e-08
3.125e-08
3.083333333333336e-08
3.0416666666666645e-08
3.0000000000000004e-08
2.9583333333333357e-08
2.9166666666666643e-08
2.8750000000000003e-08
2.8333333333333355e-08
2.7916666666666642e-08
2.75e-08
2.7083333333333357e-08
2.6666666666666644e-08
2.625e-08
2.583333333333336e-08
2.5416666666666643e-08
2.5e-08
2.4583333333333358e-08
2.4166666666666645e-08
2.375e-08
2.3333333333333357e-08
2.2916666666666644e-08
2.25e-08
2.208333333333336e-08
2.1666666666666642e-08
2.1250000000000002e-08
2.0833333333333358e-08
2.0416666666666644e-08
2e-08
1.9583333333333356e-08
1.9166666666666643e-08
1.875e-08
1.833333333333336e-08
1.7916666666666642e-08
1.75e-08
1.7083333333333357e-08
1.6666666666666644e-08
1.625e-08
1.5833333333333356e-08
1.5416666666666643e-08
1.5000000000000002e-08
1.4583333333333358e-08
1.4166666666666645e-08
1.375e-08
1.3333333333333357e-08
1.2916666666666643e-08
1.25e-08
1.2083333333333359e-08
1.1666666666666642e-08
1.1250000000000001e-08
1.0833333333333358e-08
1.0416666666666644e-08
9.999999999999997e-09
9.583333333333356e-09
9.166666666666643e-09
8.750000000000002e-09
8.333333333333355e-09
7.916666666666642e-09
7.500000000000001e-09
7.08333333333336e-09
6.66666666666664e-09
6.25e-09
5.833333333333359e-09
5.416666666666646e-09
4.9999999999999985e-09
4.583333333333358e-09
4.1666666666666444e-09
3.749999999999997e-09
3.3333333333333566e-09
2.916666666666643e-09
2.5000000000000025e-09
2.0833333333333553e-09
1.6666666666666419e-09
1.2500000000000013e-09
8.33333333333354e-10
4.166666666666406e-10
0
0
0
0
0
0
0
0
0
0
0
0
0
0
0
0
0
0
0
0
0
0
0
0
0
0
0
0
0
0
0
0
0
0
0
0
0
0
0
0
0
0
0
0
0
0
0
0
0
0
0
0
0
0
0
0
0
0
0
0
0
0
0
0
0
0
0
0
0
0
0
0
0
0
0
0
0
0
0
0
0
0
0
0
0
0
0
0
0
0
0
0
0
0
0
0
0
0
0
0
0
0
0
0
0
0
0
0
0
0
0
0
0
0
0
0
0
0
0
0
0
0
0
0
0
0
0
0
0
0
0
0
0
0
0
0
0
0
0
0
0
0
0
0
0
0
0
0
0
0
0
0
0
0
0
0
0
0
0
0
0
0
0
0
0
0
0
0
0
0
0
0
0
0
0
0
0
0
0
0
0
0
0
0
0
0
0
0
0
0
0
0
0
4.1666666666671403e-10
8.33333333333286e-10
1.25e-09
1.666666666666714e-09
2.083333333333286e-09
2.5e-09
2.9166666666667143e-09
3.333333333333286e-09
3.7500000000000005e-09
4.166666666666714e-09
4.583333333333286e-09
5e-09
5.416666666666714e-09
5.833333333333286e-09
6.25e-09
6.666666666666714e-09
7.083333333333286e-09
7.500000000000001e-09
7.916666666666714e-09
8.333333333333286e-09
8.75e-09
9.166666666666714e-09
9.583333333333287e-09
1e-08
1.0416666666666714e-08
1.0833333333333286e-08
1.125e-08
1.1666666666666715e-08
1.2083333333333286e-08
1.25e-08
1.2916666666666714e-08
1.3333333333333286e-08
1.375e-08
1.4166666666666714e-08
1.4583333333333287e-08
1.5000000000000002e-08
1.5416666666666715e-08
1.5833333333333287e-08
1.625e-08
1.6666666666666713e-08
1.7083333333333288e-08
1.75e-08
1.7916666666666715e-08
1.8333333333333286e-08
1.875e-08
1.9166666666666716e-08
1.9583333333333287e-08
2e-08
2.0416666666666714e-08
2.0833333333333285e-08
2.1250000000000002e-08
2.1666666666666715e-08
2.2083333333333286e-08
2.25e-08
2.2916666666666713e-08
2.3333333333333287e-08
2.375e-08
2.4166666666666714e-08
2.4583333333333285e-08
2.5e-08
2.5416666666666716e-08
2.5833333333333287e-08
2.625e-08
2.6666666666666714e-08
2.7083333333333288e-08
2.75e-08
2.7916666666666715e-08
2.8333333333333286e-08
2.875e-08
2.9166666666666716e-08
2.9583333333333287e-08
3.0000000000000004e-08
3.041666666666672e-08
3.0833333333333285e-08
3.125e-08
3.166666666666671e-08
3.2083333333333286e-08
3.25e-08
3.291666666666671e-08
3.333333333333329e-08
3.375e-08
3.4166666666666715e-08
3.458333333333329e-08
3.5e-08
3.5416666666666716e-08
3.5833333333333284e-08
3.6250000000000004e-08
3.666666666666672e-08
3.7083333333333285e-08
3.75e-08
3.791666666666671e-08
3.8333333333333286e-08
3.875e-08
3.916666666666671e-08
3.958333333333329e-08
4e-08
4e-08
4e-08
4e-08
4e-08
4e-08
4e-08
4e-08
4e-08
4e-08
4e-08
4e-08
4e-08
4e-08
4e-08
4e-08
4e-08
4e-08
4e-08
4e-08
4e-08
4e-08
4e-08
4e-08
4e-08
4e-08
4e-08
4e-08
4e-08
4e-08
4e-08
4e-08
4e-08
4e-08
4e-08
4e-08
4e-08
4e-08
4e-08
4e-08
4e-08
4e-08
4e-08
4e-08
4e-08
4e-08
4e-08
4e-08
4e-08
4e-08
4e-08
4e-08
4e-08
4e-08
4e-08
4e-08
4e-08
4e-08
4e-08
4e-08
4e-08
4e-08
4e-08
4e-08
4e-08
4e-08
4e-08
4e-08
4e-08
4e-08
4e-08
4e-08
4e-08
4e-08
4e-08
4e-08
4e-08
4e-08
4e-08
4e-08
4e-08
4e-08
4e-08
4e-08
4e-08
4e-08
4e-08
4e-08
4e-08
4e-08
4e-08
4e-08
4e-08
4e-08
4e-08
4e-08
4e-08
3.958333333333329e-08
3.916666666666671e-08
3.875e-08
3.8333333333333286e-08
3.791666666666672e-08
3.75e-08
3.7083333333333285e-08
3.666666666666672e-08
3.625e-08
3.583333333333329e-08
3.5416666666666716e-08
3.5e-08
3.458333333333329e-08
3.4166666666666715e-08
3.375e-08
3.333333333333329e-08
3.291666666666671e-08
3.25e-08
3.2083333333333286e-08
3.166666666666671e-08
3.125e-08
3.0833333333333285e-08
3.041666666666671e-08
3.0000000000000004e-08
2.9583333333333287e-08
2.9166666666666716e-08
2.8750000000000003e-08
2.8333333333333286e-08
2.7916666666666715e-08
2.75e-08
2.7083333333333288e-08
2.6666666666666714e-08
2.625e-08
2.5833333333333287e-08
2.5416666666666712e-08
2.5e-08
2.4583333333333285e-08
2.4166666666666714e-08
2.375e-08
2.3333333333333287e-08
2.2916666666666713e-08
2.25e-08
2.2083333333333286e-08
2.1666666666666715e-08
2.1250000000000002e-08
2.0833333333333285e-08
2.0416666666666714e-08
2e-08
1.9583333333333287e-08
1.9166666666666716e-08
1.875e-08
1.8333333333333286e-08
1.7916666666666715e-08
1.75e-08
1.7083333333333288e-08
1.6666666666666713e-08
1.625e-08
1.5833333333333287e-08
1.5416666666666715e-08
1.5000000000000002e-08
1.4583333333333285e-08
1.4166666666666714e-08
1.375e-08
1.3333333333333287e-08
1.2916666666666713e-08
1.25e-08
1.2083333333333286e-08
1.1666666666666715e-08
1.1250000000000001e-08
1.0833333333333285e-08
1.0416666666666714e-08
9.999999999999997e-09
9.583333333333283e-09
9.166666666666716e-09
8.750000000000002e-09
8.333333333333289e-09
7.916666666666714e-09
7.500000000000001e-09
7.0833333333332876e-09
6.666666666666713e-09
6.25e-09
5.833333333333286e-09
5.416666666666712e-09
4.9999999999999985e-09
4.583333333333285e-09
4.166666666666717e-09
3.749999999999997e-09
3.3333333333332838e-09
2.916666666666716e-09
2.5000000000000025e-09
2.083333333333289e-09
1.6666666666667147e-09
1.2500000000000013e-09
8.333333333332879e-10
4.166666666667134e-10
0
0
0
0
0
0
0
0
0
0
0
0
0
0
0
0
0
0
0
0
0
0
0
0
0
0
0
0
0
0
0
0
0
0
0
0
0
0
0
0
0
0
0
0
0
0
0
0
0
0
0
0
0
0
0
0
0
0
0
0
0
0
0
0
0
0
0
0
0
0
0
0
0
0
0
0
0
0
0
0
0
0
0
0
0
0
0
0
0
0
0
0
0
0
0
0
0
0
0
0
0
0
0
0
0
0
0
0
0
0
0
0
0
0
0
0
0
0
0
0
0
0
0
0
0
0
0
0
0
0
0
0
0
0
0
0
0
0
0
0
0
0
0
0
0
0
0
0
0
0
0
0
0
0
0
0
0
0
0
0
0
0
0
0
0
0
0
0
0
0
0
0
0
0
0
0
0
0
0
0
0
0
0
0
0
0
0
0
0
0
0
0
0
4.1666666666671403e-10
8.33333333333286e-10
1.25e-09
1.666666666666714e-09
2.083333333333286e-09
2.5e-09
2.9166666666667143e-09
3.333333333333286e-09
3.7500000000000005e-09
4.166666666666714e-09
4.583333333333286e-09
5e-09
5.416666666666714e-09
5.833333333333286e-09
6.25e-09
6.666666666666714e-09
7.083333333333286e-09
7.500000000000001e-09
7.916666666666714e-09
8.333333333333286e-09
8.75e-09
9.166666666666714e-09
9.583333333333287e-09
1e-08
1.0416666666666714e-08
1.0833333333333286e-08
1.125e-08
1.1666666666666715e-08
1.2083333333333286e-08
1.25e-08
1.2916666666666714e-08
1.3333333333333286e-08
1.375e-08
1.4166666666666714e-08
1.4583333333333287e-08
1.5000000000000002e-08
1.5416666666666715e-08
1.5833333333333287e-08
1.625e-08
1.6666666666666713e-08
1.7083333333333288e-08
1.75e-08
1.7916666666666715e-08
1.8333333333333286e-08
1.875e-08
1.9166666666666716e-08
1.9583333333333287e-08
2e-08
2.0416666666666714e-08
2.0833333333333285e-08
2.1250000000000002e-08
2.1666666666666715e-08
2.2083333333333286e-08
2.25e-08
2.2916666666666713e-08
2.3333333333333287e-08
2.375e-08
2.4166666666666714e-08
2.4583333333333285e-08
2.5e-08
2.5416666666666716e-08
2.5833333333333287e-08
2.625e-08
2.6666666666666714e-08
2.7083333333333288e-08
2.75e-08
2.7916666666666715e-08
2.8333333333333286e-08
2.875e-08
2.9166666666666716e-08
2.9583333333333287e-08
3.0000000000000004e-08
3.041666666666672e-08
3.0833333333333285e-08
3.125e-08
3.166666666666671e-08
3.2083333333333286e-08
3.25e-08
3.291666666666671e-08
3.333333333333329e-08
3.375e-08
3.4166666666666715e-08
3.458333333333329e-08
3.5e-08
3.5416666666666716e-08
3.5833333333333284e-08
3.6250000000000004e-08
3.666666666666672e-08
3.7083333333333285e-08
3.75e-08
3.791666666666671e-08
3.8333333333333286e-08
3.875e-08
3.916666666666671e-08
3.958333333333329e-08
4e-08
4e-08
4e-08
4e-08
4e-08
4e-08
4e-08
4e-08
4e-08
4e-08
4e-08
4e-08
4e-08
4e-08
4e-08
4e-08
4e-08
4e-08
4e-08
4e-08
4e-08
4e-08
4e-08
4e-08
4e-08
4e-08
4e-08
4e-08
4e-08
4e-08
4e-08
4e-08
4e-08
4e-08
4e-08
4e-08
4e-08
4e-08
4e-08
4e-08
4e-08
4e-08
4e-08
4e-08
4e-08
4e-08
4e-08
4e-08
4e-08
4e-08
4e-08
4e-08
4e-08
4e-08
4e-08
4e-08
4e-08
4e-08
4e-08
4e-08
4e-08
4e-08
4e-08
4e-08
4e-08
4e-08
4e-08
4e-08
4e-08
4e-08
4e-08
4e-08
4e-08
4e-08
4e-08
4e-08
4e-08
4e-08
4e-08
4e-08
4e-08
4e-08
4e-08
4e-08
4e-08
4e-08
4e-08
4e-08
4e-08
4e-08
4e-08
4e-08
4e-08
4e-08
4e-08
4e-08
4e-08
3.958333333333329e-08
3.916666666666671e-08
3.875e-08
3.8333333333333286e-08
3.791666666666672e-08
3.75e-08
3.7083333333333285e-08
3.666666666666672e-08
3.625e-08
3.583333333333329e-08
3.5416666666666716e-08
3.5e-08
3.458333333333329e-08
3.4166666666666715e-08
3.375e-08
3.333333333333329e-08
3.291666666666671e-08
3.25e-08
3.2083333333333286e-08
3.166666666666671e-08
3.125e-08
3.0833333333333285e-08
3.041666666666671e-08
3.0000000000000004e-08
2.9583333333333287e-08
2.9166666666666716e-08
2.8750000000000003e-08
2.8333333333333286e-08
2.7916666666666715e-08
2.75e-08
2.7083333333333288e-08
2.6666666666666714e-08
2.625e-08
2.5833333333333287e-08
2.5416666666666712e-08
2.5e-08
2.4583333333333285e-08
2.4166666666666714e-08
2.375e-08
2.3333333333333287e-08
2.2916666666666713e-08
2.25e-08
2.2083333333333286e-08
2.1666666666666715e-08
2.1250000000000002e-08
2.0833333333333285e-08
2.0416666666666714e-08
2e-08
1.9583333333333287e-08
1.9166666666666716e-08
1.875e-08
1.8333333333333286e-08
1.7916666666666715e-08
1.75e-08
1.7083333333333288e-08
1.6666666666666713e-08
1.625e-08
1.5833333333333287e-08
1.5416666666666715e-08
1.5000000000000002e-08
1.4583333333333285e-08
1.4166666666666714e-08
1.375e-08
1.3333333333333287e-08
1.2916666666666713e-08
1.25e-08
1.2083333333333286e-08
1.1666666666666715e-08
1.1250000000000001e-08
1.0833333333333285e-08
1.0416666666666714e-08
9.999999999999997e-09
9.583333333333283e-09
9.166666666666716e-09
8.750000000000002e-09
8.333333333333289e-09
7.916666666666714e-09
7.500000000000001e-09
7.0833333333332876e-09
6.666666666666713e-09
6.25e-09
5.833333333333286e-09
5.416666666666712e-09
4.9999999999999985e-09
4.583333333333285e-09
4.166666666666717e-09
3.749999999999997e-09
3.3333333333332838e-09
2.916666666666716e-09
2.5000000000000025e-09
2.083333333333289e-09
1.6666666666667147e-09
1.2500000000000013e-09
8.333333333332879e-10
4.166666666667134e-10
0
0
0
0
0
0
0
0
0
0
0
0
0
0
0
0
0
0
0
0
0
0
0
0
0
0
0
0
0
0
0
0
0
0
0
0
0
0
0
0
0
0
0
0
0
0
0
0
0
0
0
0
0
0
0
0
0
0
0
0
0
0
0
0
0
0
0
0
0
0
0
0
0
0
0
0
0
0
0
0
0
0
0
0
0
0
0
0
0
0
0
0
0
0
0
0
0
0
0
0
0
0
0
0
0
0
0
0
0
0
0
0
0
0
0
0
0
0
0
0
0
0
0
0
0
0
0
0
0
0
0
0
0
0
0
0
0
0
0
0
0
0
0
0
0
0
0
0
0
0
0
0
0
0
0
0
0
0
0
0
0
0
0
0
0
0
0
0
0
0
0
0
0
0
0
0
0
0
0
0
0
0
0
0
0
0
0
0
0
0
0
0
0
0
0
0
0
0
0
0
0
0
0
0
0
0
0
0
0
0
0
0
0
0
0
0
0
0
0
0
0
0
0
0
0
0
0
0
0
0
0
0
0
0
0
0
0
0
0
0
0
0
0
0
0
0
0
0
0
0
0
0
0
0
0
0
0
0
0
0
0
0
0
0
0
0
0
0
0
0
0
0
0
0
0
0
0
0
0
0
0
0
0
0
0
0
0
0
0
0
0
0
0
0
0
0
0
0
0
0
0
0
0
0
0
0
0
0
0
0
0
0
0
0
0
0
0
0
0
0
0
0
0
0
0
0
0
0
0
0
0
0
0
0
0
0
0
0
0
0
0
0
0
0
0
0
0
0
0
0
0
0
0
0
0
0
0
0
0
0
0
0
0
0
0
0
0
0
0
0
0
0
0
0
0
0
0
0
0
0
0
0
0
0
0
0
0
0
0
0
0
0
0
0
0
0
0
0
0
0
0
0
0
0
0
0
0
0
0
0
0
0
0
0
0
0
0
0
0
0
0
0
0
0
0
0
0
0
0
0
0
0
0
0
0
0
0
0
0
0
0
0
0
0
0
0
0
0
0
0
0
0
0
0
0
0
0
0
0
0
0
0
0
0
0
0
0
0
0
0
0
0
0
0
0
0
0
0
0
0
0
4.1666666666671403e-10
8.33333333333286e-10
1.25e-09
1.666666666666714e-09
2.083333333333286e-09
2.5e-09
2.9166666666667143e-09
3.333333333333286e-09
3.7500000000000005e-09
4.166666666666714e-09
4.583333333333286e-09
5e-09
5.416666666666714e-09
5.833333333333286e-09
6.25e-09
6.666666666666714e-09
7.083333333333286e-09
7.500000000000001e-09
7.916666666666714e-09
8.333333333333286e-09
8.75e-09
9.166666666666714e-09
9.583333333333287e-09
1e-08
1.0416666666666714e-08
1.0833333333333286e-08
1.125e-08
1.1666666666666715e-08
1.2083333333333286e-08
1.25e-08
1.2916666666666714e-08
1.3333333333333286e-08
1.375e-08
1.4166666666666714e-08
1.4583333333333287e-08
1.5000000000000002e-08
1.5416666666666715e-08
1.5833333333333287e-08
1.625e-08
1.6666666666666713e-08
1.7083333333333288e-08
1.75e-08
1.7916666666666715e-08
1.8333333333333286e-08
1.875e-08
1.9166666666666716e-08
1.9583333333333287e-08
2e-08
2.0416666666666714e-08
2.0833333333333285e-08
2.1250000000000002e-08
2.1666666666666715e-08
2.2083333333333286e-08
2.25e-08
2.2916666666666713e-08
2.3333333333333287e-08
2.375e-08
2.4166666666666714e-08
2.4583333333333285e-08
2.5e-08
2.5416666666666716e-08
2.5833333333333287e-08
2.625e-08
2.6666666666666714e-08
2.7083333333333288e-08
2.75e-08
2.7916666666666715e-08
2.8333333333333286e-08
2.875e-08
2.9166666666666716e-08
2.9583333333333287e-08
3.0000000000000004e-08
3.041666666666672e-08
3.0833333333333285e-08
3.125e-08
3.166666666666671e-08
3.2083333333333286e-08
3.25e-08
3.291666666666671e-08
3.333333333333329e-08
3.375e-08
3.4166666666666715e-08
3.458333333333329e-08
3.5e-08
3.5416666666666716e-08
3.5833333333333284e-08
3.6250000000000004e-08
3.666666666666672e-08
3.7083333333333285e-08
3.75e-08
3.791666666666671e-08
3.8333333333333286e-08
3.875e-08
3.916666666666671e-08
3.958333333333329e-08
4e-08
4e-08
4e-08
4e-08
4e-08
4e-08
4e-08
4e-08
4e-08
4e-08
4e-08
4e-08
4e-08
4e-08
4e-08
4e-08
4e-08
4e-08
4e-08
4e-08
4e-08
4e-08
4e-08
4e-08
4e-08
4e-08
4e-08
4e-08
4e-08
4e-08
4e-08
4e-08
4e-08
4e-08
4e-08
4e-08
4e-08
4e-08
4e-08
4e-08
4e-08
4e-08
4e-08
4e-08
4e-08
4e-08
4e-08
4e-08
4e-08
4e-08
4e-08
4e-08
4e-08
4e-08
4e-08
4e-08
4e-08
4e-08
4e-08
4e-08
4e-08
4e-08
4e-08
4e-08
4e-08
4e-08
4e-08
4e-08
4e-08
4e-08
4e-08
4e-08
4e-08
4e-08
4e-08
4e-08
4e-08
4e-08
4e-08
4e-08
4e-08
4e-08
4e-08
4e-08
4e-08
4e-08
4e-08
4e-08
4e-08
4e-08
4e-08
4e-08
4e-08
4e-08
4e-08
4e-08
4e-08
3.9583333333333426e-08
3.9166666666666574e-08
3.875e-08
3.833333333333343e-08
3.791666666666657e-08
3.75e-08
3.708333333333343e-08
3.666666666666657e-08
3.625e-08
3.583333333333343e-08
3.541666666666657e-08
3.5e-08
3.458333333333343e-08
3.416666666666657e-08
3.375e-08
3.3333333333333427e-08
3.2916666666666574e-08
3.25e-08
3.208333333333343e-08
3.166666666666657e-08
3.125e-08
3.083333333333343e-08
3.041666666666657e-08
3.0000000000000004e-08
2.958333333333343e-08
2.916666666666657e-08
2.8750000000000003e-08
2.8333333333333428e-08
2.7916666666666573e-08
2.75e-08
2.7083333333333427e-08
2.6666666666666575e-08
2.625e-08
2.583333333333343e-08
2.5416666666666573e-08
2.5e-08
2.4583333333333428e-08
2.4166666666666572e-08
2.375e-08
2.333333333333343e-08
2.291666666666657e-08
2.25e-08
2.208333333333343e-08
2.1666666666666573e-08
2.1250000000000002e-08
2.0833333333333427e-08
2.041666666666657e-08
2e-08
1.958333333333343e-08
1.9166666666666574e-08
1.875e-08
1.8333333333333428e-08
1.7916666666666572e-08
1.75e-08
1.708333333333343e-08
1.666666666666657e-08
1.625e-08
1.583333333333343e-08
1.5416666666666573e-08
1.5000000000000002e-08
1.4583333333333428e-08
1.4166666666666572e-08
1.375e-08
1.333333333333343e-08
1.291666666666657e-08
1.25e-08
1.2083333333333428e-08
1.1666666666666573e-08
1.1250000000000001e-08
1.0833333333333427e-08
1.0416666666666571e-08
9.999999999999997e-09
9.583333333333429e-09
9.16666666666657e-09
8.750000000000002e-09
8.333333333333428e-09
7.916666666666569e-09
7.500000000000001e-09
7.0833333333334265e-09
6.666666666666574e-09
6.25e-09
5.833333333333425e-09
5.416666666666573e-09
4.9999999999999985e-09
4.583333333333431e-09
4.166666666666572e-09
3.749999999999997e-09
3.3333333333334294e-09
2.9166666666665704e-09
2.5000000000000025e-09
2.083333333333428e-09
1.666666666666569e-09
1.2500000000000013e-09
8.333333333334268e-10
4.1666666666657444e-10
0
0
0
0
0
0
0
0
0
0
0
0
0
0
0
0
0
0
0
0
0
0
0
0
0
0
0
0
0
0
0
0
0
0
0
0
0
0
0
0
0
0
0
0
0
0
0
0
0
0
0
0
0
0
0
0
0
0
0
0
0
0
0
0
0
0
0
0
0
0
0
0
0
0
0
0
0
0
0
0
0
0
0
0
0
0
0
0
0
0
0
0
0
0
0
0
0
0
0
0
0
0
0
0
0
0
0
0
0
0
0
0
0
0
0
0
0
0
0
0
0
0
0
0
0
0
0
0
0
0
0
0
0
0
0
0
0
0
0
0
0
0
0
0
0
0
0
0
0
0
0
0
0
0
0
0
0
0
0
0
0
0
0
0
0
0
0
0
0
0
0
0
0
0
0
0
0
0
0
0
0
0
0
0
0
0
0
0
0
0
0
0
0
0
0
0
0
0
0
0
0
0
0
0
0
0
0
0
0
0
0
0
0
0
0
0
0
0
0
0
0
0
0
0
0
0
0
0
0
0
0
0
0
0
0
0
0
0
0
0
0
0
0
0
0
0
0
0
0
0
0
0
0
0
0
0
0
0
0
0
0
0
0
0
0
0
0
0
0
0
0
0
0
0
0
0
0
0
0
0
0
0
0
0
0
0
0
0
0
0
0
0
0
0
0
0
0
0
0
0
0
0
0
0
0
0
0
0
0
0
0
0
0
0
0
0
0
0
0
0
0
0
0
0
0
0
0
0
0
0
0
0
0
0
0
0
0
0
0
0
0
0
0
0
0
0
0
0
0
0
0
0
0
0
0
0
0
0
0
0
0
0
0
0
0
0
0
0
0
0
0
0
0
0
0
0
0
0
0
0
0
0
0
0
0
0
0
0
0
0
0
0
0
0
0
0
0
0
0
0
0
0
0
0
0
0
0
0
0
0
0
0
0
0
0
0
0
0
0
0
0
0
0
0
0
0
0
0
0
0
0
0
0
0
0
0
0
0
0
0
0
0
0
0
0
0
0
0
0
0
0
0
0
0
0
0
0
0
0
0
0
0
0
0
0
0
0
0
0
0
0
0
0
0
0
0
0
0
0
0
0
0
0
0
0
0
0
0
0
0
0
0
0
0
0
0
0
0
0
0
0
0
0
0
0
0
0
0
0
0
0
0
0
0
0
0
0
0
0
0
0
0
0
0
0
0
0
0
0
0
0
0
0
0
0
0
0
0
0
0
0
0
0
0
0
0
0
0
0
0
0
0
0
0
0
0
0
0
0
0
0
0
0
0
0
0
0
0
0
0
0
0
0
0
0
0
0
0
0
0
0
0
0
0
0
0
0
0
0
0
0
0
0
0
0
0
0
0
0
0
0
0
0
0
0
0
0
0
0
0
0
0
0
0
0
0
0
0
0
0
0
0
0
0
0
0
0
0
0
0
0
0
0
0
0
0
0
0
0
0
0
0
0
0
0
0
0
0
0
0
0
0
0
0
0
0
0
0
0
0
0
0
0
0
0
0
0
0
0
0
0
0
0
0
0
0
0
0
0
0
0
0
0
0
0
0
0
0
0
0
0
0
0
0
0
0
0
0
0
0
0
0
0
0
0
0
0
0
0
0
0
0
0
0
0
0
0
0
0
0
0
0
0
0
0
0
0
0
0
0
0
0
0
0
0
0
0
0
0
0
0
0
0
0
0
0
0
0
0
0
0
0
0
0
0
0
0
0
0
0
0
0
0
0
0
0
0
0
0
0
0
0
0
0
0
0
0
0
0
0
0
0
0
0
0
0
0
0
0
0
0
0
0
0
0
0
0
0
0
0
0
0
0
0
0
0
0
0
0
0
0
0
0
0
0
0
0
0
0
0
0
0
0
0
0
0
0
0
0
0
0
0
0
0
0
0
0
0
0
0
0
0
0
0
0
0
0
0
0
0
0
0
0
0
0
0
0
0
0
0
0
0
0
0
0
0
0
0
0
0
0
0
0
0
0
0
0
0
0
0
0
0
0
0
0
0
0
0
0
0
0
0
0
0
0
0
0
0
0
0
0
0
0
0
0
0
0
0
0
0
0
0
0
0
0
0
0
0
0
0
0
0
0
0
0
0
0
0
0
0
0
0
0
0
0
0
0
0
0
0
0
0
0
0
0
0
0
0
0
0
0
0
0
0
0
0
0
0
0
0
0
0
0
0
0
0
0
0
0
0
0
0
0
0
0
0
0
0
0
0
0
0
0
0
0
0
0
0
0
0
0
0
0
0
0
0
0
0
0
0
0
0
0
0
0
0
0
0
0
0
0
0
0
0
0
0
0
0
0
0
0
0
0
0
0
0
0
0
0
0
0
0
0
0
0
0
0
0
0
0
0
0
0
0
0
0
0
0
0
0
0
0
0
0
0
0
0
0
0
0
0
0
0
0
0
0
0
0
0
0
0
0
0
0
0
0
0
0
0
0
0
0
0
0
0
0
0
0
0
0
0
0
0
0
0
0
0
0
0
0
0
0
0
0
0
0
0
0
0
0
0
0
0
0
0
0
0
0
0
0
0
0
0
0
0
0
0
0
0
0
0
0
0
0
0
0
0
0
0
0
0
0
0
0
0
0
0
0
0
0
0
0
0
0
0
0
0
0
0
0
0
0
0
0
0
0
0
0
0
0
0
0
0
0
0
0
0
0
0
0
0
0
0
0
0
0
0
0
0
0
0
0
0
0
0
0
0
0
0
0
0
0
0
0
0
0
0
0
0
0
0
0
0
0
0
0
0
0
0
0
0
0
0
0
0
0
0
0
0
0
0
0
0
0
0
0
0
0
0
0
0
0
0
0
0
0
0
0
0
0
0
0
0
0
0
0
0
0
0
0
0
0
0
0
0
0
0
0
0
0
0
0
0
0
0
0
0
0
0
0
0
0
0
0
0
0
0
0
0
0
0
0
0
0
0
0
0
0
0
0
0
0
0
0
0
0
0
0
0
0
0
0
0
0
0
0
0
0
0
0
0
0
0
0
0
0
0
0
0
0
0
0
0
0
0
0
0
0
0
0
0
0
0
0
0
0
0
0
0
0
0
0
0
0
0
0
0
0
0
0
0
0
0
0
0
0
0
0
0
0
0
0
0
0
0
0
0
0
0
0
0
0
0
0
0
0
0
0
0
0
0
0
0
0
0
0
0
0
0
0
0
0
0
0
0
0
0
0
0
0
0
0
0
0
0
0
0
0
0
0
0
0
0
0
0
0
0
0
0
0
0
0
0
0
0
0
0
0
0
0
0
0
0
0
0
0
0
0
0
0
0
0
0
0
0
0
0
0
0
0
0
0
0
0
0
0
0
0
0
0
0
0
0
0
0
0
0
0
0
0
0
0
0
0
0
0
0
0
0
0
0
0
0
0
0
0
0
0
0
0
0
0
0
0
0
0
0
0
0
0
0
0
0
0
0
0
0
0
0
0
0
0
0
0
0
0
0
0
0
0
0
0
0
0
0
0
0
0
0
0
0
0
0
0
0
0
0
0
0
0
0
0
0
0
0
0
0
0
0
0
0
0
0
0
0
0
0
0
0
0
0
0
0
0
0
0
0
0
0
0
0
0
0
0
0
0
0
0
0
0
0
0
0
0
0
0
0
0
0
0
0
0
0
0
0
0
0
0
0
0
0
0
0
0
0
0
0
0
0
0
0
0
0
0
0
0
0
0
0
0
0
0
0
0
0
0
0
0
0
0
0
0
0
0
0
0
0
0
0
0
0
0
0
0
0
0
0
0
0
0
0
0
0
0
0
0
0
0
0
0
0
0
0
0
0
0
0
0
0
0
0
0
0
0
0
0
0
0
0
0
0
0
0
0
0
0
0
0
0
0
0
0
0
0
0
0
0
0
0
0
0
0
0
0
0
0
0
0
0
0
0
0
0
0
0
0
0
0
0
0
0
0
0
0
0
0
0
0
0
0
0
0
0
0
0
0
0
0
0
0
0
0
0
0
0
0
0
0
0
0
0
0
0
0
0
0
0
0
0
0
0
0
0
0
0
0
0
0
0
0
0
0
0
0
0
0
0
0
0
0
0
0
0
0
0
0
0
0
0
0
0
0
0
0
0
0
0
0
0
0
0
0
0
0
0
0
0
0
0
0
0
0
0
0
0
0
0
0
0
0
0
0
0
0
0
0
0
0
0
0
0
0
0
0
0
0
0
0
0
0
0
0
0
0
0
0
0
0
0
0
0
0
0
0
0
0
0
0
0
0
0
0
0
0
0
0
0
0
0
0
0
0
0
0
0
0
0
0
0
0
0
0
0
0
0
0
0
0
0
0
0
0
0
0
0
0
0
0
0
0
0
0
0
0
0
0
0
0
0
0
0
0
0
0
0
0
0
0
0
0
0
0
0
0
0
0
0
0
0
0
0
0
0
0
0
0
0
0
0
0
0
0
0
0
0
0
0
0
0
0
0
0
0
0
0
0
0
0
0
0
0
0
0
0
0
0
0
0
0
0
0
0
0
0
0
0
0
0
0
0
0
0
0
0
0
0
0
0
0
0
0
0
0
0
0
0
0
0
0
0
0
0
0
0
0
0
0
0
0
0
0
0
0
0
0
0
0
0
0
0
0
0
0
0
0
0
0
0
0
0
0
0
0
0
0
0
0
0
0
0
0
0
0
0
0
0
0
0
0
0
0
0
0
0
0
0
0
0
0
0
0
0
0
0
0
0
0
0
0
0
0
0
0
0
0
0
0
0
0
0
0
0
0
0
0
0
0
0
0
0
0
0
0
0
0
0
0
0
0
0
0
0
0
0
0
0
0
0
0
0
0
0
0
0
0
0
0
0
0
0
0
0
0
0
0
0
0
0
0
0
0
0
0
0
0
0
0
0
0
0
0
0
0
0
0
0
0
0
0
0
0
0
0
0
0
0
0
0
0
0
0
0
0
0
0
0
0
0
0
0
0
0
0
0
0
0
0
0
0
0
0
0
0
0
0
0
0
0
0
0
0
0
0
0
0
0
0
0
0
0
0
0
0
0
0
0
0
0
0
0
0
0
0
0
0
0
0
0
0
0
0
0
0
0
0
0
0
0
0
0
0
0
0
0
0
0
0
0
0
0
0
0
0
0
0
0
0
0
0
0
0
0
0
0
0
0
0
0
0
0
0
0
0
0
0
0
0
0
0
0
0
0
0
0
0
0
0
0
0
0
0
0
0
0
0
0
0
0
0
0
0
0
0
0
0
0
0
0
0
0
0
0
0
0
0
0
0
0
0
0
0
0
0
0
0
0
0
0
0
0
0
0
0
0
0
0
0
0
0
0
0
0
0
0
0
0
0
0
0
0
0
0
0
0
0
0
0
0
0
0
0
0
0
0
0
0
0
0
0
0
0
0
0
0
0
0
0
0
0
0
0
0
0
0
0
0
0
0
0
0
0
0
0
0
0
0
0
0
0
0
0
0
0
0
0
0
0
0
0
0
0
0
0
0
0
0
0
0
0
0
0
0
0
0
0
0
0
0
0
0
0
0
0
0
0
0
0
0
0
0
0
0
0
0
0
0
0
0
0
0
0
0
0
0
0
0
0
0
0
0
0
0
0
0
0
0
0
0
0
0
0
0
0
0
0
0
0
0
0
0
0
0
0
0
0
0
0
0
0
0
0
0
0
0
0
0
0
0
0
0
0
0
0
0
0
0
0
0
0
0
0
0
0
0
0
0
0
0
0
0
0
0
0
0
0
0
0
0
0
0
0
0
0
0
0
0
0
0
0
0
0
0
0
0
0
0
0
0
0
0
0
0
0
0
0
0
0
0
0
0
0
0
0
0
0
0
0
0
0
0
0
0
0
0
0
0
0
0
0
0
0
0
0
0
0
0
0
0
0
0
0
0
0
0
0
0
0
0
0
0
0
0
0
0
0
0
0
0
0
0
0
0
0
0
0
0
0
0
0
0
0
0
0
0
0
0
0
0
0
0
0
0
0
0
0
0
0
0
0
0
0
0
0
0
0
0
0
0
0
0
0
0
0
0
0
0
0
0
0
0
0
0
0
0
0
0
0
0
0
0
0
0
0
0
0
0
0
0
0
0
0
0
0
0
0
0
0
0
0
0
0
0
0
0
0
0
0
0
0
0
0
0
0
0
0
0
0
0
0
0
0
0
0
0
0
0
0
0
0
0
0
0
0
0
0
0
0
0
0
0
0
0
0
0
0
0
0
0
0
0
0
0
0
0
0
0
0
0
0
0
0
0
0
0
0
0
0
0
0
0
0
0
0
0
0
0
0
0
0
0
0
0
0
0
0
0
0
0
0
0
0
0
0
0
0
0
0
0
0
0
0
0
0
0
0
0
0
0
0
0
0
0
0
0
0
0
0
0
0
0
0
0
0
0
0
0
0
0
0
0
0
0
0
0
0
0
0
0
0
0
0
0
0
0
0
0
0
0
0
0
0
0
0
0
0
0
0
0
0
0
0
0
0
0
0
0
0
0
0
0
0
0
0
0
0
0
0
0
0
0
0
0
0
0
0
0
0
0
0
0
0
0
0
0
0
0
0
0
0
0
0
0
0
0
0
0
0
0
0
0
0
0
0
0
0
0
0
0
0
0
0
0
0
0
0
0
0
0
0
0
0
0
0
0
0
0
0
0
0
0
0
0
0
0
0
0
0
0
0
0
0
0
0
0
0
0
0
0
0
0
0
0
0
0
0
0
0
0
0
0
0
0
0
0
0
0
0
0
0
0
0
0
0
0
0
0
0
0
0
0
0
0
0
0
0
0
0
0
0
0
0
0
0
0
0
0
0
0
0
0
0
0
0
0
0
0
0
0
0
0
0
0
0
0
0
0
0
0
0
0
0
0
0
0
0
0
0
0
0
0
0
0
0
0
0
0
0
0
0
0
0
0
0
0
0
0
0
0
0
0
0
0
0
0
0
0
0
0
0
0
0
0
0
0
0
0
0
0
0
0
0
0
0
0
0
0
0
0
0
0
0
0
0
0
0
0
0
0
0
0
0
0
0
0
0
0
0
0
0
0
0
0
0
0
0
0
0
0
0
0
0
0
0
0
0
0
0
0
0
0
0
0
0
0
0
0
0
0
0
0
0
0
0
0
0
0
0
0
0
0
0
0
0
0
0
0
0
0
0
0
0
0
0
0
0
0
0
0
0
0
0
0
0
0
0
0
0
0
0
0
0
0
0
0
0
0
0
0
0
0
0
0
0
0
0
0
0
0
0
0
0
0
0
0
0
0
0
0
0
0
0
0
0
0
0
0
0
0
0
0
0
0
0
0
0
0
0
0
0
0
0
0
0
0
0
0
0
0
0
0
0
0
0
0
0
0
0
0
0
0
0
0
0
0
0
0
0
0
0
0
0
0
0
0
0
0
0
0
0
0
0
0
0
0
0
0
0
0
0
0
0
0
0
0
0
0
0
0
0
0
0
0
0
0
0
0
0
0
0
0
0
0
0
0
0
0
0
0
0
0
0
0
0
0
0
0
0
0
0
0
0
0
0
0
0
0
0
0
0
0
0
0
0
0
0
0
0
0
0
0
0
0
0
0
0
0
0
0
0
0
0
0
0
0
0
0
0
0
0
0
0
0
0
0
0
0
0
0
0
0
0
0
0
0
0
0
0
0
0
0
0
0
0
0
0
0
0
0
0
0
0
0
0
0
0
0
0
0
0
0
0
0
0
0
0
0
0
0
0
0
0
0
0
0
0
0
0
0
0
0
0
0
0
0
0
0
0
0
0
0
0
0
0
0
0
0
0
0
0
0
0
0
0
0
0
0
0
0
0
0
0
0
0
0
0
0
0
0
0
0
0
0
0
0
0
0
0
0
0
0
0
0
0
0
0
0
0
0
0
0
0
0
0
0
0
0
0
0
0
0
0
0
0
0
0
0
0
0
0
0
0
0
0
0
0
0
0
0
0
0
0
0
0
0
0
0
0
0
0
0
0
0
0
0
0
0
0
0
0
0
0
0
0
0
0
0
0
0
0
0
0
0
0
0
0
0
0
0
0
0
0
0
0
0
0
0
0
0
0
0
0
0
0
0
0
0
0
0
0
0
0
0
0
0
0
0
0
0
0
0
0
0
0
0
0
0
0
0
0
0
0
0
0
0
0
0
0
0
0
0
0
0
0
0
0
0
0
0
0
0
0
0
0
0
0
0
0
0
0
0
0
0
0
0
0
0
0
0
0
0
0
0
0
0
0
0
0
0
0
0
0
0
0
0
0
0
0
0
0
0
0
0
0
0
0
0
0
0
0
0
0
0
0
0
0
0
0
0
0
0
0
0
0
0
0
0
0
0
0
0
0
0
0
0
0
0
0
0
0
0
0
0
0
0
0
0
0
0
0
0
0
0
0
0
0
0
0
0
0
0
0
0
0
0
0
0
0
0
0
0
0
0
0
0
0
0
0
0
0
0
0
0
0
0
0
0
0
0
0
0
0
0
0
0
0
0
0
0
0
0
0
0
0
0
0
0
0
0
0
0
0
0
0
0
0
0
0
0
0
0
0
0
0
0
0
0
0
0
0
0
0
0
0
0
0
0
0
0
0
0
0
0
0
0
0
0
0
0
0
0
0
0
0
0
0
0
0
0
0
0
0
0
0
0
0
0
0
0
0
0
0
0
0
0
0
0
0
0
0
0
0
0
0
0
0
0
0
0
0
0
0
0
0
0
0
0
0
0
0
0
0
0
0
0
0
0
0
0
0
0
0
0
0
0
0
0
0
0
0
0
0
0
0
0
0
0
0
0
0
0
0
0
0
0
0
0
0
0
0
0
0
0
0
0
0
0
0
0
0
0
0
0
0
0
0
0
0
0
0
0
0
0
0
0
0
0
0
0
0
0
0
0
0
0
0
0
0
0
0
0
0
0
0
0
0
0
0
0
0
0
0
0
0
0
0
0
0
0
0
0
0
0
0
0
0
0
0
0
0
0
0
0
0
0
0
0
0
0
0
0
0
0
0
0
0
0
0
0
0
0
0
0
0
0
0
0
0
0
0
0
0
0
0
0
0
0
0
0
0
0
0
0
0
0
0
0
0
0
0
0
0
0
0
0
0
0
0
0
0
0
0
0
0
0
0
0
0
0
0
0
0
0
0
0
0
0
0
0
0
0
0
0
0
0
0
0
0
0
0
0
0
0
0
0
0
0
0
0
0
0
0
0
0
0
0
0
0
0
0
0
0
0
0
0
0
0
0
0
0
0
0
0
0
0
0
0
0
0
0
0
0
0
0
0
0
0
0
0
0
0
0
0
0
0
0
0
0
0
0
0
0
0
0
0
0
0
0
0
0
0
0
0
0
0
0
0
0
0
0
0
0
0
0
0
0
0
0
0
0
0
0
0
0
0
0
0
0
0
0
0
0
0
0
0
0
0
0
0
0
0
0
0
0
0
0
0
0
0
0
0
0
0
0
0
0
0
0
0
0
0
0
0
0
0
0
0
0
0
0
0
0
0
0
0
0
0
0
0
0
0
0
0
0
0
0
0
0
0
0
0
0
0
0
0
0
0
0
0
0
0
0
0
0
0
0
0
0
0
0
0
0
0
0
0
0
0
0
0
0
0
0
0
0
0
0
0
0
0
0
0
0
0
0
0
0
0
0
0
0
0
0
0
0
0
0
0
0
0
0
0
0
0
0
0
0
0
0
0
0
0
0
0
0
0
0
0
0
0
0
0
0
0
0
0
0
0
0
0
0
0
0
0
0
0
0
0
0
0
0
0
0
0
0
0
0
0
0
0
0
0
0
0
0
0
0
0
0
0
0
0
0
0
0
0
0
0
0
0
0
0
0
0
0
0
0
0
0
0
0
0
0
0
0
0
0
0
0
0
0
0
0
0
0
0
0
0
0
0
0
0
0
0
0
0
0
0
0
0
0
0
0
0
0
0
0
0
0
0
0
0
0
0
0
0
0
0
0
0
0
0
0
0
0
0
0
0
0
0
0
0
0
0
0
0
0
0
0
0
0
0
0
0
0
0
0
0
0
0
0
0
0
0
0
0
0
0
0
0
0
0
0
0
0
0
0
0
0
0
0
0
0
0
0
0
0
0
0
0
0
0
0
0
0
0
0
0
0
0
0
0
0
0
0
0
0
0
0
0
0
0
0
0
0
0
0
0
0
0
0
0
0
0
0
0
0
0
0
0
0
0
0
0
0
0
0
0
0
0
0
0
0
0
0
0
0
0
0
0
0
0
0
0
0
0
0
0
0
0
0
0
0
0
0
0
0
0
0
0
0
0
0
0
0
0
0
0
0
0
0
0
0
0
0
0
0
0
0
0
0
0
0
0
0
0
0
0
0
0
0
0
0
0
0
0
0
0
0
0
0
0
0
0
0
0
0
0
0
0
0
0
0
0
0
0
0
0
0
0
0
0
0
0
0
0
0
0
0
0
0
0
0
0
0
0
0
0
0
0
0
0
0
0
0
0
0
0
0
0
0
0
0
0
0
0
0
0
0
0
0
0
0
0
0
0
0
0
0
0
0
0
0
0
0
0
0
0
0
0
0
0
0
0
0
0
0
0
0
0
0
0
0
0
0
0
0
0
0
0
0
0
0
0
0
0
0
0
0
0
0
0
0
0
0
0
0
0
0
0
0
0
0
0
0
0
0
0
0
0
0
0
0
0
0
0
0
0
0
0
0
0
0
0
0
0
0
0
0
0
0
0
0
0
0
0
0
0
0
0
0
0
0
0
0
0
0
0
0
0
0
0
0
0
0
0
0
0
0
0
0
0
0
0
0
0
0
0
0
0
0
0
0
0
0
0
0
0
0
0
0
0
0
0
0
0
0
0
0
0
0
0
0
0
0
0
0
0
0
0
0
0
0
0
0
0
0
0
0
0
0
0
0
0
0
0
0
0
0
0
0
0
0
0
0
0
0
0
0
0
0
0
0
0
0
0
0
0
0
0
0
0
0
0
0
0
0
0
0
0
0
0
0
0
0
0
0
0
0
0
0
0
0
0
0
0
0
0
0
0
0
0
0
0
0
0
0
0
0
0
0
0
0
0
0
0
0
0
0
0
0
0
0
0
0
0
0
0
0
0
0
0
0
0
0
0
0
0
0
0
0
0
0
0
0
0
0
0
0
0
0
0
0
0
0
0
0
0
0
0
0
0
0
0
0
0
0
0
0
0
0
0
0
0
0
0
0
0
0
0
0
0
0
0
0
0
0
0
0
0
0
0
0
0
0
0
0
0
0
0
0
0
0
0
0
0
0
0
0
0
0
0
0
0
0
0
0
0
0
0
0
0
0
0
0
0
0
0
0
0
0
0
0
0
0
0
0
0
0
0
0
0
0
0
0
0
0
0
0
0
0
0
0
0
0
0
0
0
0
0
0
0
0
0
0
0
0
0
0
0
0
0
0
0
0
0
0
0
0
0
0
0
0
0
0
0
0
0
0
0
0
0
0
0
0
0
0
0
0
0
0
0
0
0
0
0
0
0
0
0
0
0
0
0
0
0
0
0
0
0
0
0
0
0
0
0
0
0
0
0
0
0
0
0
0
0
0
0
0
0
0
0
0
0
0
0
0
0
0
0
0
0
0
0
0
0
0
0
0
0
0
0
0
0
0
0
0
0
0
0
0
0
0
0
0
0
0
0
0
0
0
0
0
0
0
0
0
0
0
0
0
0
0
0
0
0
0
0
0
0
0
0
0
0
0
0
0
0
0
0
0
0
0
0
0
0
0
0
0
0
0
0
0
0
0
0
0
4.1666666666685615e-10
8.333333333331438e-10
1.25e-09
1.6666666666668561e-09
2.083333333333144e-09
2.5e-09
2.916666666666856e-09
3.333333333333144e-09
3.7500000000000005e-09
4.166666666666856e-09
4.583333333333144e-09
5e-09
5.416666666666857e-09
5.833333333333144e-09
6.25e-09
6.666666666666856e-09
7.083333333333144e-09
7.500000000000001e-09
7.916666666666857e-09
8.333333333333143e-09
8.75e-09
9.166666666666856e-09
9.583333333333145e-09
1e-08
1.0416666666666856e-08
1.0833333333333144e-08
1.125e-08
1.1666666666666857e-08
1.2083333333333144e-08
1.25e-08
1.2916666666666857e-08
1.3333333333333143e-08
1.375e-08
1.4166666666666856e-08
1.4583333333333145e-08
1.5000000000000002e-08
1.5416666666666858e-08
1.5833333333333144e-08
1.625e-08
1.6666666666666856e-08
1.7083333333333146e-08
1.75e-08
1.7916666666666857e-08
1.8333333333333143e-08
1.875e-08
1.9166666666666858e-08
1.9583333333333145e-08
2e-08
2.0416666666666856e-08
2.0833333333333143e-08
2.1250000000000002e-08
2.1666666666666857e-08
2.2083333333333144e-08
2.25e-08
2.2916666666666855e-08
2.3333333333333145e-08
2.375e-08
2.4166666666666857e-08
2.4583333333333143e-08
2.5e-08
2.5416666666666858e-08
2.5833333333333144e-08
2.625e-08
2.6666666666666856e-08
2.7083333333333146e-08
2.75e-08
2.7916666666666857e-08
2.8333333333333144e-08
2.875e-08
2.916666666666686e-08
2.9583333333333145e-08
3.0000000000000004e-08
3.0416666666666856e-08
3.0833333333333146e-08
3.125e-08
3.166666666666686e-08
3.208333333333315e-08
3.25e-08
3.291666666666686e-08
3.333333333333314e-08
3.375e-08
3.416666666666686e-08
3.4583333333333143e-08
3.5e-08
3.5416666666666855e-08
3.5833333333333145e-08
3.6250000000000004e-08
3.6666666666666856e-08
3.7083333333333146e-08
3.75e-08
3.791666666666686e-08
3.833333333333315e-08
3.875e-08
3.916666666666686e-08
3.958333333333314e-08
4e-08
4e-08
4e-08
4e-08
4e-08
4e-08
4e-08
4e-08
4e-08
4e-08
4e-08
4e-08
4e-08
4e-08
4e-08
4e-08
4e-08
4e-08
4e-08
4e-08
4e-08
4e-08
4e-08
4e-08
4e-08
4e-08
4e-08
4e-08
4e-08
4e-08
4e-08
4e-08
4e-08
4e-08
4e-08
4e-08
4e-08
4e-08
4e-08
4e-08
4e-08
4e-08
4e-08
4e-08
4e-08
4e-08
4e-08
4e-08
4e-08
4e-08
4e-08
4e-08
4e-08
4e-08
4e-08
4e-08
4e-08
4e-08
4e-08
4e-08
4e-08
4e-08
4e-08
4e-08
4e-08
4e-08
4e-08
4e-08
4e-08
4e-08
4e-08
4e-08
4e-08
4e-08
4e-08
4e-08
4e-08
4e-08
4e-08
4e-08
4e-08
4e-08
4e-08
4e-08
4e-08
4e-08
4e-08
4e-08
4e-08
4e-08
4e-08
4e-08
4e-08
4e-08
4e-08
4e-08
4e-08
3.958333333333314e-08
3.916666666666686e-08
3.875e-08
3.833333333333315e-08
3.791666666666686e-08
3.75e-08
3.7083333333333146e-08
3.6666666666666856e-08
3.625e-08
3.5833333333333145e-08
3.5416666666666855e-08
3.5e-08
3.4583333333333143e-08
3.416666666666686e-08
3.375e-08
3.333333333333314e-08
3.291666666666686e-08
3.25e-08
3.208333333333314e-08
3.166666666666686e-08
3.125e-08
3.0833333333333146e-08
3.0416666666666856e-08
3.0000000000000004e-08
2.9583333333333145e-08
2.9166666666666855e-08
2.8750000000000003e-08
2.8333333333333144e-08
2.7916666666666857e-08
2.75e-08
2.7083333333333142e-08
2.666666666666686e-08
2.625e-08
2.5833333333333144e-08
2.5416666666666858e-08
2.5e-08
2.4583333333333143e-08
2.4166666666666857e-08
2.375e-08
2.3333333333333145e-08
2.2916666666666855e-08
2.25e-08
2.2083333333333144e-08
2.1666666666666857e-08
2.1250000000000002e-08
2.0833333333333143e-08
2.0416666666666856e-08
2e-08
1.9583333333333145e-08
1.9166666666666858e-08
1.875e-08
1.8333333333333143e-08
1.7916666666666857e-08
1.75e-08
1.7083333333333146e-08
1.6666666666666856e-08
1.625e-08
1.5833333333333144e-08
1.5416666666666858e-08
1.5000000000000002e-08
1.4583333333333143e-08
1.4166666666666856e-08
1.375e-08
1.3333333333333145e-08
1.2916666666666855e-08
1.25e-08
1.2083333333333144e-08
1.1666666666666857e-08
1.1250000000000001e-08
1.0833333333333142e-08
1.0416666666666856e-08
9.999999999999997e-09
9.583333333333145e-09
9.166666666666855e-09
8.750000000000002e-09
8.333333333333143e-09
7.916666666666853e-09
7.500000000000001e-09
7.083333333333142e-09
6.666666666666859e-09
6.25e-09
5.833333333333141e-09
5.4166666666668574e-09
4.9999999999999985e-09
4.583333333333146e-09
4.166666666666856e-09
3.749999999999997e-09
3.333333333333145e-09
2.916666666666855e-09
2.5000000000000025e-09
2.0833333333331435e-09
1.6666666666668536e-09
1.2500000000000013e-09
8.333333333331423e-10
4.16666666666859e-10
0
0
0
0
0
0
0
0
0
0
0
0
0
0
0
0
0
0
0
0
0
0
0
0
0
0
0
0
0
0
0
0
0
0
0
0
0
0
0
0
0
0
0
0
0
0
0
0
0
0
0
0
0
0
0
0
0
0
0
0
0
0
0
0
0
0
0
0
0
0
0
0
0
0
0
0
0
0
0
0
0
0
0
0
0
0
0
0
0
0
0
0
0
0
0
0
0
0
0
0
0
0
0
0
0
0
0
0
0
0
0
0
0
0
0
0
0
0
0
0
0
0
0
0
0
0
0
0
0
0
0
0
0
0
0
0
0
0
0
0
0
0
0
0
0
0
0
0
0
0
0
0
0
0
0
0
0
0
0
0
0
0
0
0
0
0
0
0
0
0
0
0
0
0
0
0
0
0
0
0
0
0
0
0
0
0
0
0
0
0
0
0
0
4.1666666666685615e-10
8.333333333331438e-10
1.25e-09
1.6666666666668561e-09
2.083333333333144e-09
2.5e-09
2.916666666666856e-09
3.333333333333144e-09
3.7500000000000005e-09
4.166666666666856e-09
4.583333333333144e-09
5e-09
5.416666666666857e-09
5.833333333333144e-09
6.25e-09
6.666666666666856e-09
7.083333333333144e-09
7.500000000000001e-09
7.916666666666857e-09
8.333333333333143e-09
8.75e-09
9.166666666666856e-09
9.583333333333145e-09
1e-08
1.0416666666666856e-08
1.0833333333333144e-08
1.125e-08
1.1666666666666857e-08
1.2083333333333144e-08
1.25e-08
1.2916666666666857e-08
1.3333333333333143e-08
1.375e-08
1.4166666666666856e-08
1.4583333333333145e-08
1.5000000000000002e-08
1.5416666666666858e-08
1.5833333333333144e-08
1.625e-08
1.6666666666666856e-08
1.7083333333333146e-08
1.75e-08
1.7916666666666857e-08
1.8333333333333143e-08
1.875e-08
1.9166666666666858e-08
1.9583333333333145e-08
2e-08
2.0416666666666856e-08
2.0833333333333143e-08
2.1250000000000002e-08
2.1666666666666857e-08
2.2083333333333144e-08
2.25e-08
2.2916666666666855e-08
2.3333333333333145e-08
2.375e-08
2.4166666666666857e-08
2.4583333333333143e-08
2.5e-08
2.5416666666666858e-08
2.5833333333333144e-08
2.625e-08
2.6666666666666856e-08
2.7083333333333146e-08
2.75e-08
2.7916666666666857e-08
2.8333333333333144e-08
2.875e-08
2.916666666666686e-08
2.9583333333333145e-08
3.0000000000000004e-08
3.0416666666666856e-08
3.0833333333333146e-08
3.125e-08
3.166666666666686e-08
3.208333333333315e-08
3.25e-08
3.291666666666686e-08
3.333333333333314e-08
3.375e-08
3.416666666666686e-08
3.4583333333333143e-08
3.5e-08
3.5416666666666855e-08
3.5833333333333145e-08
3.6250000000000004e-08
3.6666666666666856e-08
3.7083333333333146e-08
3.75e-08
3.791666666666686e-08
3.833333333333315e-08
3.875e-08
3.916666666666686e-08
3.958333333333314e-08
4e-08
4e-08
4e-08
4e-08
4e-08
4e-08
4e-08
4e-08
4e-08
4e-08
4e-08
4e-08
4e-08
4e-08
4e-08
4e-08
4e-08
4e-08
4e-08
4e-08
4e-08
4e-08
4e-08
4e-08
4e-08
4e-08
4e-08
4e-08
4e-08
4e-08
4e-08
4e-08
4e-08
4e-08
4e-08
4e-08
4e-08
4e-08
4e-08
4e-08
4e-08
4e-08
4e-08
4e-08
4e-08
4e-08
4e-08
4e-08
4e-08
4e-08
4e-08
4e-08
4e-08
4e-08
4e-08
4e-08
4e-08
4e-08
4e-08
4e-08
4e-08
4e-08
4e-08
4e-08
4e-08
4e-08
4e-08
4e-08
4e-08
4e-08
4e-08
4e-08
4e-08
4e-08
4e-08
4e-08
4e-08
4e-08
4e-08
4e-08
4e-08
4e-08
4e-08
4e-08
4e-08
4e-08
4e-08
4e-08
4e-08
4e-08
4e-08
4e-08
4e-08
4e-08
4e-08
4e-08
4e-08
3.958333333333314e-08
3.916666666666686e-08
3.875e-08
3.833333333333315e-08
3.791666666666686e-08
3.75e-08
3.7083333333333146e-08
3.6666666666666856e-08
3.625e-08
3.5833333333333145e-08
3.5416666666666855e-08
3.5e-08
3.4583333333333143e-08
3.416666666666686e-08
3.375e-08
3.333333333333314e-08
3.291666666666686e-08
3.25e-08
3.208333333333314e-08
3.166666666666686e-08
3.125e-08
3.0833333333333146e-08
3.0416666666666856e-08
3.0000000000000004e-08
2.9583333333333145e-08
2.9166666666666855e-08
2.8750000000000003e-08
2.8333333333333144e-08
2.7916666666666857e-08
2.75e-08
2.7083333333333142e-08
2.666666666666686e-08
2.625e-08
2.5833333333333144e-08
2.5416666666666858e-08
2.5e-08
2.4583333333333143e-08
2.4166666666666857e-08
2.375e-08
2.3333333333333145e-08
2.2916666666666855e-08
2.25e-08
2.2083333333333144e-08
2.1666666666666857e-08
2.1250000000000002e-08
2.0833333333333143e-08
2.0416666666666856e-08
2e-08
1.9583333333333145e-08
1.9166666666666858e-08
1.875e-08
1.8333333333333143e-08
1.7916666666666857e-08
1.75e-08
1.7083333333333146e-08
1.6666666666666856e-08
1.625e-08
1.5833333333333144e-08
1.5416666666666858e-08
1.5000000000000002e-08
1.4583333333333143e-08
1.4166666666666856e-08
1.375e-08
1.3333333333333145e-08
1.2916666666666855e-08
1.25e-08
1.2083333333333144e-08
1.1666666666666857e-08
1.1250000000000001e-08
1.0833333333333142e-08
1.0416666666666856e-08
9.999999999999997e-09
9.583333333333145e-09
9.166666666666855e-09
8.750000000000002e-09
8.333333333333143e-09
7.916666666666853e-09
7.500000000000001e-09
7.083333333333142e-09
6.666666666666859e-09
6.25e-09
5.833333333333141e-09
5.4166666666668574e-09
4.9999999999999985e-09
4.583333333333146e-09
4.166666666666856e-09
3.749999999999997e-09
3.333333333333145e-09
2.916666666666855e-09
2.5000000000000025e-09
2.0833333333331435e-09
1.6666666666668536e-09
1.2500000000000013e-09
8.333333333331423e-10
4.16666666666859e-10
0
0
0
0
0
0
0
0
0
0
0
0
0
0
0
0
0
0
0
0
0
0
0
0
0
0
0
0
0
0
0
0
0
0
0
0
0
0
0
0
0
0
0
0
0
0
0
0
0
0
0
0
0
0
0
0
0
0
0
0
0
0
0
0
0
0
0
0
0
0
0
0
0
0
0
0
0
0
0
0
0
0
0
0
0
0
0
0
0
0
0
0
0
0
0
0
0
0
0
0
0
0
0
0
0
0
0
0
0
0
0
0
0
0
0
0
0
0
0
0
0
0
0
0
0
0
0
0
0
0
0
0
0
0
0
0
0
0
0
0
0
0
0
0
0
0
0
0
0
0
0
0
0
0
0
0
0
0
0
0
0
0
0
0
0
0
0
0
0
0
0
0
0
0
0
0
0
0
0
0
0
0
0
0
0
0
0
0
0
0
0
0
0
4.1666666666685615e-10
8.333333333331438e-10
1.25e-09
1.6666666666668561e-09
2.083333333333144e-09
2.5e-09
2.916666666666856e-09
3.333333333333144e-09
3.7500000000000005e-09
4.166666666666856e-09
4.583333333333144e-09
5e-09
5.416666666666857e-09
5.833333333333144e-09
6.25e-09
6.666666666666856e-09
7.083333333333144e-09
7.500000000000001e-09
7.916666666666857e-09
8.333333333333143e-09
8.75e-09
9.166666666666856e-09
9.583333333333145e-09
1e-08
1.0416666666666856e-08
1.0833333333333144e-08
1.125e-08
1.1666666666666857e-08
1.2083333333333144e-08
1.25e-08
1.2916666666666857e-08
1.3333333333333143e-08
1.375e-08
1.4166666666666856e-08
1.4583333333333145e-08
1.5000000000000002e-08
1.5416666666666858e-08
1.5833333333333144e-08
1.625e-08
1.6666666666666856e-08
1.7083333333333146e-08
1.75e-08
1.7916666666666857e-08
1.8333333333333143e-08
1.875e-08
1.9166666666666858e-08
1.9583333333333145e-08
2e-08
2.0416666666666856e-08
2.0833333333333143e-08
2.1250000000000002e-08
2.1666666666666857e-08
2.2083333333333144e-08
2.25e-08
2.2916666666666855e-08
2.3333333333333145e-08
2.375e-08
2.4166666666666857e-08
2.4583333333333143e-08
2.5e-08
2.5416666666666858e-08
2.5833333333333144e-08
2.625e-08
2.6666666666666856e-08
2.7083333333333146e-08
2.75e-08
2.7916666666666857e-08
2.8333333333333144e-08
2.875e-08
2.916666666666686e-08
2.9583333333333145e-08
3.0000000000000004e-08
3.0416666666666856e-08
3.0833333333333146e-08
3.125e-08
3.166666666666686e-08
3.208333333333315e-08
3.25e-08
3.291666666666686e-08
3.333333333333314e-08
3.375e-08
3.416666666666686e-08
3.4583333333333143e-08
3.5e-08
3.5416666666666855e-08
3.5833333333333145e-08
3.6250000000000004e-08
3.6666666666666856e-08
3.7083333333333146e-08
3.75e-08
3.791666666666686e-08
3.833333333333315e-08
3.875e-08
3.916666666666686e-08
3.958333333333314e-08
4e-08
4e-08
4e-08
4e-08
4e-08
4e-08
4e-08
4e-08
4e-08
4e-08
4e-08
4e-08
4e-08
4e-08
4e-08
4e-08
4e-08
4e-08
4e-08
4e-08
4e-08
4e-08
4e-08
4e-08
4e-08
4e-08
4e-08
4e-08
4e-08
4e-08
4e-08
4e-08
4e-08
4e-08
4e-08
4e-08
4e-08
4e-08
4e-08
4e-08
4e-08
4e-08
4e-08
4e-08
4e-08
4e-08
4e-08
4e-08
4e-08
4e-08
4e-08
4e-08
4e-08
4e-08
4e-08
4e-08
4e-08
4e-08
4e-08
4e-08
4e-08
4e-08
4e-08
4e-08
4e-08
4e-08
4e-08
4e-08
4e-08
4e-08
4e-08
4e-08
4e-08
4e-08
4e-08
4e-08
4e-08
4e-08
4e-08
4e-08
4e-08
4e-08
4e-08
4e-08
4e-08
4e-08
4e-08
4e-08
4e-08
4e-08
4e-08
4e-08
4e-08
4e-08
4e-08
4e-08
4e-08
3.958333333333314e-08
3.916666666666686e-08
3.875e-08
3.833333333333315e-08
3.791666666666686e-08
3.75e-08
3.7083333333333146e-08
3.6666666666666856e-08
3.625e-08
3.5833333333333145e-08
3.5416666666666855e-08
3.5e-08
3.4583333333333143e-08
3.416666666666686e-08
3.375e-08
3.333333333333314e-08
3.291666666666686e-08
3.25e-08
3.208333333333314e-08
3.166666666666686e-08
3.125e-08
3.0833333333333146e-08
3.0416666666666856e-08
3.0000000000000004e-08
2.9583333333333145e-08
2.9166666666666855e-08
2.8750000000000003e-08
2.8333333333333144e-08
2.7916666666666857e-08
2.75e-08
2.7083333333333142e-08
2.666666666666686e-08
2.625e-08
2.5833333333333144e-08
2.5416666666666858e-08
2.5e-08
2.4583333333333143e-08
2.4166666666666857e-08
2.375e-08
2.3333333333333145e-08
2.2916666666666855e-08
2.25e-08
2.2083333333333144e-08
2.1666666666666857e-08
2.1250000000000002e-08
2.0833333333333143e-08
2.0416666666666856e-08
2e-08
1.9583333333333145e-08
1.9166666666666858e-08
1.875e-08
1.8333333333333143e-08
1.7916666666666857e-08
1.75e-08
1.7083333333333146e-08
1.6666666666666856e-08
1.625e-08
1.5833333333333144e-08
1.5416666666666858e-08
1.5000000000000002e-08
1.4583333333333143e-08
1.4166666666666856e-08
1.375e-08
1.3333333333333145e-08
1.2916666666666855e-08
1.25e-08
1.2083333333333144e-08
1.1666666666666857e-08
1.1250000000000001e-08
1.0833333333333142e-08
1.0416666666666856e-08
9.999999999999997e-09
9.583333333333145e-09
9.166666666666855e-09
8.750000000000002e-09
8.333333333333143e-09
7.916666666666853e-09
7.500000000000001e-09
7.083333333333142e-09
6.666666666666859e-09
6.25e-09
5.833333333333141e-09
5.4166666666668574e-09
4.9999999999999985e-09
4.583333333333146e-09
4.166666666666856e-09
3.749999999999997e-09
3.333333333333145e-09
2.916666666666855e-09
2.5000000000000025e-09
2.0833333333331435e-09
1.6666666666668536e-09
1.2500000000000013e-09
8.333333333331423e-10
4.16666666666859e-10
0
0
0
0
0
0
0
0
0
0
0
0
0
0
0
0
0
0
0
0
0
0
0
0
0
0
0
0
0
0
0
0
0
0
0
0
0
0
0
0
0
0
0
0
0
0
0
0
0
0
0
0
0
0
0
0
0
0
0
0
0
0
0
0
0
0
0
0
0
0
0
0
0
0
0
0
0
0
0
0
0
0
0
0
0
0
0
0
0
0
0
0
0
0
0
0
0
0
0
0
0
0
0
0
0
0
0
0
0
0
0
0
0
0
0
0
0
0
0
0
0
0
0
0
0
0
0
0
0
0
0
0
0
0
0
0
0
0
0
0
0
0
0
0
0
0
0
0
0
0
0
0
0
0
0
0
0
0
0
0
0
0
0
0
0
0
0
0
0
0
0
0
0
0
0
0
0
0
0
0
0
0
0
0
0
0
0
0
0
0
0
0
0
4.1666666666685615e-10
8.333333333331438e-10
1.25e-09
1.6666666666668561e-09
2.083333333333144e-09
2.5e-09
2.916666666666856e-09
3.333333333333144e-09
3.7500000000000005e-09
4.166666666666856e-09
4.583333333333144e-09
5e-09
5.416666666666857e-09
5.833333333333144e-09
6.25e-09
6.666666666666856e-09
7.083333333333144e-09
7.500000000000001e-09
7.916666666666857e-09
8.333333333333143e-09
8.75e-09
9.166666666666856e-09
9.583333333333145e-09
1e-08
1.0416666666666856e-08
1.0833333333333144e-08
1.125e-08
1.1666666666666857e-08
1.2083333333333144e-08
1.25e-08
1.2916666666666857e-08
1.3333333333333143e-08
1.375e-08
1.4166666666666856e-08
1.4583333333333145e-08
1.5000000000000002e-08
1.5416666666666858e-08
1.5833333333333144e-08
1.625e-08
1.6666666666666856e-08
1.7083333333333146e-08
1.75e-08
1.7916666666666857e-08
1.8333333333333143e-08
1.875e-08
1.9166666666666858e-08
1.9583333333333145e-08
2e-08
2.0416666666666856e-08
2.0833333333333143e-08
2.1250000000000002e-08
2.1666666666666857e-08
2.2083333333333144e-08
2.25e-08
2.2916666666666855e-08
2.3333333333333145e-08
2.375e-08
2.4166666666666857e-08
2.4583333333333143e-08
2.5e-08
2.5416666666666858e-08
2.5833333333333144e-08
2.625e-08
2.6666666666666856e-08
2.7083333333333146e-08
2.75e-08
2.7916666666666857e-08
2.8333333333333144e-08
2.875e-08
2.916666666666686e-08
2.9583333333333145e-08
3.0000000000000004e-08
3.0416666666666856e-08
3.0833333333333146e-08
3.125e-08
3.166666666666686e-08
3.208333333333315e-08
3.25e-08
3.291666666666686e-08
3.333333333333314e-08
3.375e-08
3.416666666666686e-08
3.4583333333333143e-08
3.5e-08
3.5416666666666855e-08
3.5833333333333145e-08
3.6250000000000004e-08
3.6666666666666856e-08
3.7083333333333146e-08
3.75e-08
3.791666666666686e-08
3.833333333333315e-08
3.875e-08
3.916666666666686e-08
3.958333333333314e-08
4e-08
4e-08
4e-08
4e-08
4e-08
4e-08
4e-08
4e-08
4e-08
4e-08
4e-08
4e-08
4e-08
4e-08
4e-08
4e-08
4e-08
4e-08
4e-08
4e-08
4e-08
4e-08
4e-08
4e-08
4e-08
4e-08
4e-08
4e-08
4e-08
4e-08
4e-08
4e-08
4e-08
4e-08
4e-08
4e-08
4e-08
4e-08
4e-08
4e-08
4e-08
4e-08
4e-08
4e-08
4e-08
4e-08
4e-08
4e-08
4e-08
4e-08
4e-08
4e-08
4e-08
4e-08
4e-08
4e-08
4e-08
4e-08
4e-08
4e-08
4e-08
4e-08
4e-08
4e-08
4e-08
4e-08
4e-08
4e-08
4e-08
4e-08
4e-08
4e-08
4e-08
4e-08
4e-08
4e-08
4e-08
4e-08
4e-08
4e-08
4e-08
4e-08
4e-08
4e-08
4e-08
4e-08
4e-08
4e-08
4e-08
4e-08
4e-08
4e-08
4e-08
4e-08
4e-08
4e-08
4e-08
3.958333333333314e-08
3.916666666666686e-08
3.875e-08
3.833333333333315e-08
3.791666666666686e-08
3.75e-08
3.7083333333333146e-08
3.6666666666666856e-08
3.625e-08
3.5833333333333145e-08
3.5416666666666855e-08
3.5e-08
3.4583333333333143e-08
3.416666666666686e-08
3.375e-08
3.333333333333314e-08
3.291666666666686e-08
3.25e-08
3.208333333333314e-08
3.166666666666686e-08
3.125e-08
3.0833333333333146e-08
3.0416666666666856e-08
3.0000000000000004e-08
2.9583333333333145e-08
2.9166666666666855e-08
2.8750000000000003e-08
2.8333333333333144e-08
2.7916666666666857e-08
2.75e-08
2.7083333333333142e-08
2.666666666666686e-08
2.625e-08
2.5833333333333144e-08
2.5416666666666858e-08
2.5e-08
2.4583333333333143e-08
2.4166666666666857e-08
2.375e-08
2.3333333333333145e-08
2.2916666666666855e-08
2.25e-08
2.2083333333333144e-08
2.1666666666666857e-08
2.1250000000000002e-08
2.0833333333333143e-08
2.0416666666666856e-08
2e-08
1.9583333333333145e-08
1.9166666666666858e-08
1.875e-08
1.8333333333333143e-08
1.7916666666666857e-08
1.75e-08
1.7083333333333146e-08
1.6666666666666856e-08
1.625e-08
1.5833333333333144e-08
1.5416666666666858e-08
1.5000000000000002e-08
1.4583333333333143e-08
1.4166666666666856e-08
1.375e-08
1.3333333333333145e-08
1.2916666666666855e-08
1.25e-08
1.2083333333333144e-08
1.1666666666666857e-08
1.1250000000000001e-08
1.0833333333333142e-08
1.0416666666666856e-08
9.999999999999997e-09
9.583333333333145e-09
9.166666666666855e-09
8.750000000000002e-09
8.333333333333143e-09
7.916666666666853e-09
7.500000000000001e-09
7.083333333333142e-09
6.666666666666859e-09
6.25e-09
5.833333333333141e-09
5.4166666666668574e-09
4.9999999999999985e-09
4.583333333333146e-09
4.166666666666856e-09
3.749999999999997e-09
3.333333333333145e-09
2.916666666666855e-09
2.5000000000000025e-09
2.0833333333331435e-09
1.6666666666668536e-09
1.2500000000000013e-09
8.333333333331423e-10
4.16666666666859e-10
0
0
0
0
0
0
0
0
0
0
0
0
0
0
0
0
0
0
0
0
0
0
0
0
0
0
0
0
0
0
0
0
0
0
0
0
0
0
0
0
0
0
0
0
0
0
0
0
0
0
0
0
0
0
0
0
0
0
0
0
0
0
0
0
0
0
0
0
0
0
0
0
0
0
0
0
0
0
0
0
0
0
0
0
0
0
0
0
0
0
0
0
0
0
0
0
0
0
0
0
0
0
0
0
0
0
0
0
0
0
0
0
0
0
0
0
0
0
0
0
0
0
0
0
0
0
0
0
0
0
0
0
0
0
0
0
0
0
0
0
0
0
0
0
0
0
0
0
0
0
0
0
0
0
0
0
0
0
0
0
0
0
0
0
0
0
0
0
0
0
0
0
0
0
0
0
0
0
0
0
0
0
0
0
0
0
0
0
0
0
0
0
0
0
0
0
0
0
0
0
0
0
0
0
0
0
0
0
0
0
0
0
0
0
0
0
0
0
0
0
0
0
0
0
0
0
0
0
0
0
0
0
0
0
0
0
0
0
0
0
0
0
0
0
0
0
0
0
0
0
0
0
0
0
0
0
0
0
0
0
0
0
0
0
0
0
0
0
0
0
0
0
0
0
0
0
0
0
0
0
0
0
0
0
0
0
0
0
0
0
0
0
0
0
0
0
0
0
0
0
0
0
0
0
0
0
0
0
0
0
0
0
0
0
0
0
0
0
0
0
0
0
0
0
0
0
0
0
0
0
0
0
0
0
0
0
0
0
0
0
0
0
0
0
0
0
0
0
0
0
0
0
0
0
0
0
0
0
0
0
0
0
0
0
0
0
0
0
0
0
0
0
0
0
0
0
0
0
0
0
0
0
0
0
0
0
0
0
0
0
0
0
0
0
0
0
0
0
0
0
0
0
0
0
0
0
0
0
0
0
0
0
0
0
0
0
0
0
0
0
0
0
0
0
0
0
0
0
0
0
0
0
0
0
0
0
0
0
0
0
0
0
0
0
0
0
0
0
0
0
0
0
0
0
0
0
0
0
0
0
0
0
0
0
0
0
0
0
0
0
0
0
0
0
0
0
0
0
0
0
0
0
0
0
0
0
0
0
0
0
0
0
0
0
0
0
0
0
0
0
0
0
0
0
0
0
0
0
0
0
0
0
0
0
0
0
0
0
0
0
0
0
0
0
0
0
0
0
0
0
0
0
0
0
0
0
0
0
0
0
0
0
0
0
0
0
0
0
0
0
0
0
0
0
0
0
0
0
0
0
0
0
0
0
0
0
0
0
0
0
0
0
0
0
0
0
0
0
0
0
0
0
0
0
0
0
0
0
0
0
0
0
0
0
0
0
0
0
0
0
0
0
0
0
0
0
0
0
0
0
0
0
0
0
0
0
0
0
0
0
0
0
0
0
0
0
0
0
0
0
0
0
0
0
0
0
0
0
0
0
0
0
0
0
0
0
0
0
0
0
0
0
0
0
0
0
0
0
0
0
0
0
0
0
0
0
0
0
0
0
0
0
0
0
0
0
0
0
0
0
0
0
0
0
0
0
0
0
0
0
0
0
0
0
0
0
0
0
0
0
0
0
0
0
0
0
0
0
0
0
0
0
0
0
0
0
0
0
0
0
0
0
0
0
0
0
0
0
0
0
0
0
0
0
0
0
0
0
0
0
0
0
0
0
0
0
0
0
0
0
0
0
0
0
0
0
0
0
0
0
0
0
0
0
0
0
0
0
0
0
0
0
0
0
0
0
0
0
0
0
0
0
0
0
0
0
0
0
0
0
0
0
0
0
0
0
0
0
0
0
0
0
0
0
0
0
0
0
0
0
0
0
0
0
0
0
0
0
0
0
0
0
0
0
0
0
0
0
0
0
0
0
0
0
0
0
0
0
0
0
0
0
0
0
0
0
0
0
0
0
0
0
0
0
0
0
0
0
0
0
0
0
0
0
0
0
0
0
0
0
0
0
0
0
0
0
0
0
0
0
0
0
0
0
0
0
0
0
0
0
0
0
0
0
0
0
0
0
0
0
0
0
0
0
0
0
0
0
0
0
0
0
0
0
0
0
0
0
0
0
0
0
0
0
0
0
0
0
0
0
0
0
0
0
0
0
0
0
0
0
0
0
0
0
0
0
0
0
0
0
0
0
0
0
0
0
0
0
0
0
0
0
0
0
0
0
0
0
0
0
0
0
0
0
0
0
0
0
0
0
0
0
0
0
0
0
0
0
0
0
0
0
0
0
0
0
0
0
0
0
0
0
0
0
0
0
0
0
0
0
0
0
0
0
0
0
0
0
0
0
0
0
0
0
0
0
0
0
0
0
0
0
0
0
0
0
0
0
0
0
0
0
0
0
0
0
0
0
0
0
0
0
0
0
0
0
0
0
0
0
0
0
0
0
0
0
0
0
0
0
0
0
0
0
0
0
0
0
0
0
0
0
0
0
0
0
0
0
0
0
0
0
0
0
0
0
0
0
0
0
0
0
0
0
0
0
0
0
0
0
0
0
0
0
0
0
0
0
0
0
0
0
0
0
0
0
0
0
0
0
0
0
0
0
0
0
0
0
0
0
0
0
0
0
0
0
0
0
0
0
0
0
0
0
0
0
0
0
0
0
0
0
0
0
0
0
0
0
0
0
0
0
0
0
0
0
0
0
0
0
0
0
0
0
0
0
0
0
0
0
0
0
0
0
0
0
0
0
0
0
0
0
0
0
0
0
0
0
0
0
0
0
0
0
0
0
0
0
0
0
0
0
0
0
0
0
0
0
0
0
0
0
0
0
0
0
0
0
0
0
0
0
0
0
0
0
0
0
0
0
0
0
0
0
0
0
0
0
0
0
0
0
0
0
0
0
0
0
0
0
0
0
0
0
0
0
0
0
0
0
0
0
0
0
0
0
0
0
0
0
0
0
0
0
0
0
0
0
0
0
0
0
0
0
0
0
0
0
0
0
0
0
0
0
0
0
0
0
0
0
0
0
0
0
0
0
0
0
0
0
0
0
0
0
0
0
0
0
0
0
0
0
0
0
0
0
0
0
0
0
0
0
0
0
0
0
0
0
0
0
0
0
0
0
0
0
0
0
0
0
0
0
0
0
0
0
0
0
0
0
0
0
0
0
0
0
0
0
0
0
0
0
0
0
0
0
0
0
0
0
0
0
0
0
0
0
0
0
0
0
0
0
0
0
0
0
0
0
0
0
0
0
0
0
0
0
0
0
0
0
0
0
0
0
0
0
0
0
0
0
