-0.06997661720200206
-0.06820505727283745
-0.06643349734367285
-0.06466193741450824
-0.06289037748534362
-0.06111881755617901
-0.059347257627014406
-0.057575697697849794
-0.05580413776868519
-0.054032577839520576
-0.05226101791035597
-0.05048945798119136
-0.048717898052026753
-0.04694633812286214
-0.04517477819369753
-0.043403218264532924
-0.04163165833536831
-0.039860098406203706
-0.038088538477039094
-0.03631697854787449
-0.034545418618709876
-0.03277385868954527
-0.03100229876038066
-0.02923073883121605
-0.02745917890205144
-0.025687618972886832
-0.023916059043722224
-0.022144499114557615
-0.020372939185393006
-0.018601379256228394
-0.016829819327063785
-0.015058259397899178
-0.013286699468734568
-0.011515139539569959
-0.00974357961040535
-0.007972019681240741
-0.006200459752076132
-0.004428899822911523
-0.0026573398937469136
-0.0008857799645823045
