12.832047619047625
12.651095238095245
12.470142857142863
12.289190476190482
12.1082380952381
11.92728571428572
11.746333333333338
11.565380952380957
11.384428571428575
11.203476190476195
11.10995
11.10385
11.09775
11.09165
11.08555
11.07945
11.07335
11.06725
11.06115
11.05505
11.049949999999999
11.04585
11.04175
11.03765
11.03355
11.029449999999999
11.02535
11.02125
11.017149999999999
11.01305
11.012599999999999
11.015799999999999
11.018999999999998
11.0222
11.0254
11.028599999999999
11.031799999999999
11.034999999999998
11.0382
11.0414
