0 13.7276671630473
900 13.73
1800 13.729
2700 13.727
3600 13.726
4500 13.724
5400 13.724
6300 13.723
7200 13.723
8100 13.723
9000 13.721
9900 13.721
10800 13.721
11700 13.72
12600 13.72
13500 13.72
14400 13.72
15300 13.718
16200 13.718
17100 13.718
18000 13.72
18900 13.718
19800 13.72
20700 13.72
21600 13.72
22500 13.72
23400 13.72
24300 13.718
25200 13.718
26100 13.718
27000 13.717
27900 13.717
28800 13.715
29700 13.714
30600 13.714
31500 13.712
32400 13.712
33300 13.711
34200 13.711
35100 13.711
36000 13.712
36900 13.714
37800 13.715
38700 13.717
39600 13.72
40500 13.721
41400 13.724
42300 13.726
43200 13.727
44100 13.727
45000 13.727
45900 13.727
46800 13.727
47700 13.726
48600 13.726
49500 13.726
50400 13.727
51300 13.729
52200 13.733
53100 13.738
54000 13.742
54900 13.748
55800 13.753
56700 13.757
57600 13.76
58500 13.765
59400 13.768
60300 13.769
61200 13.771
62100 13.771
63000 13.771
63900 13.768
64800 13.765
65700 13.762
66600 13.757
67500 13.753
68400 13.747
69300 13.741
70200 13.733
71100 13.726
72000 13.717
72900 13.709
73800 13.7
74700 13.69
75600 13.681
76500 13.67
77400 13.66
78300 13.649
79200 13.64
80100 13.629
81000 13.62
81900 13.61
82800 13.601
83700 13.593
84600 13.586
85500 13.58
86400 13.574
87300 13.568
88200 13.562
89100 13.557
90000 13.553
90900 13.548
91800 13.542
92700 13.538
93600 13.533
94500 13.529
95400 13.524
96300 13.52
97200 13.514
98100 13.509
99000 13.505
99900 13.499
100800 13.494
101700 13.488
102600 13.484
103500 13.478
104400 13.473
105300 13.467
106200 13.463
107100 13.457
108000 13.451
108900 13.445
109800 13.44
110700 13.434
111600 13.43
112500 13.424
113400 13.421
114300 13.416
115200 13.413
116100 13.412
117000 13.412
117900 13.412
118800 13.415
119700 13.419
120600 13.424
121500 13.431
122400 13.44
123300 13.452
124200 13.466
125100 13.481
126000 13.496
126900 13.514
127800 13.532
128700 13.551
129600 13.572
130500 13.593
131400 13.611
132300 13.631
133200 13.651
134100 13.667
135000 13.682
135900 13.699
136800 13.712
137700 13.724
138600 13.735
139500 13.744
140400 13.75
141300 13.753
142200 13.756
143100 13.756
144000 13.754
144900 13.751
145800 13.747
146700 13.742
147600 13.735
148500 13.726
149400 13.717
150300 13.706
151200 13.696
152100 13.684
153000 13.67
153900 13.657
154800 13.642
155700 13.626
156600 13.611
157500 13.598
158400 13.584
159300 13.572
160200 13.562
161100 13.551
162000 13.541
162900 13.532
163800 13.524
164700 13.515
165600 13.508
166500 13.5
167400 13.493
168300 13.485
169200 13.478
170100 13.472
171000 13.466
171900 13.46
172800 13.454
173700 13.449
174600 13.445
175500 13.442
176400 13.437
177300 13.434
178200 13.431
179100 13.427
180000 13.424
180900 13.421
181800 13.418
182700 13.415
183600 13.412
184500 13.409
185400 13.406
186300 13.403
187200 13.401
188100 13.398
189000 13.395
189900 13.392
190800 13.389
191700 13.388
192600 13.385
193500 13.38
194400 13.377
195300 13.373
196200 13.368
197100 13.364
198000 13.359
198900 13.354
199800 13.35
200700 13.345
201600 13.341
202500 13.338
203400 13.335
204300 13.333
205200 13.332
206100 13.332
207000 13.332
207900 13.333
208800 13.336
209700 13.341
210600 13.347
211500 13.353
212400 13.36
213300 13.37
214200 13.382
215100 13.392
216000 13.406
216900 13.419
217800 13.431
218700 13.445
219600 13.458
220500 13.472
221400 13.484
222300 13.497
223200 13.508
224100 13.517
225000 13.524
225900 13.53
226800 13.535
227700 13.538
228600 13.539
229500 13.539
230400 13.539
231300 13.538
232200 13.535
233100 13.533
234000 13.53
234900 13.529
235800 13.526
236700 13.524
237600 13.523
238500 13.523
239400 13.523
240300 13.523
241200 13.521
242100 13.52
243000 13.517
243900 13.512
244800 13.505
245700 13.494
246600 13.485
247500 13.473
248400 13.463
249300 13.451
250200 13.439
251100 13.427
252000 13.415
252900 13.403
253800 13.389
254700 13.377
255600 13.364
256500 13.35
257400 13.338
258300 13.327
259200 13.317
260100 13.308
261000 13.3
261900 13.294
262800 13.288
263700 13.284
264600 13.281
265500 13.278
266400 13.275
267300 13.272
268200 13.27
269100 13.267
270000 13.266
270900 13.263
271800 13.261
272700 13.258
273600 13.257
274500 13.254
275400 13.252
276300 13.251
277200 13.248
278100 13.246
279000 13.245
279900 13.242
280800 13.24
281700 13.237
282600 13.236
283500 13.233
284400 13.23
285300 13.228
286200 13.225
287100 13.224
288000 13.221
288900 13.219
289800 13.219
290700 13.219
291600 13.219
292500 13.222
293400 13.225
294300 13.23
295200 13.237
296100 13.245
297000 13.254
297900 13.266
298800 13.278
299700 13.291
300600 13.308
301500 13.323
302400 13.339
303300 13.354
304200 13.371
305100 13.388
306000 13.403
306900 13.421
307800 13.437
308700 13.455
309600 13.475
310500 13.494
311400 13.511
312300 13.529
313200 13.544
314100 13.56
315000 13.575
315900 13.587
316800 13.599
317700 13.61
318600 13.619
319500 13.623
320400 13.628
321300 13.629
322200 13.629
323100 13.626
324000 13.622
324900 13.617
325800 13.61
326700 13.602
327600 13.593
328500 13.581
329400 13.569
330300 13.556
331200 13.544
332100 13.53
333000 13.518
333900 13.505
334800 13.493
335700 13.481
336600 13.47
337500 13.458
338400 13.449
339300 13.439
340200 13.431
341100 13.424
342000 13.418
342900 13.413
343800 13.409
344700 13.406
345600 13.404
346500 13.403
347400 13.403
348300 13.404
349200 13.406
350100 13.409
351000 13.412
351900 13.416
352800 13.421
353700 13.425
354600 13.431
355500 13.436
356400 13.44
357300 13.446
358200 13.451
359100 13.455
360000 13.461
360900 13.466
361800 13.472
362700 13.476
363600 13.482
364500 13.487
365400 13.491
366300 13.496
367200 13.5
368100 13.505
369000 13.509
369900 13.512
370800 13.515
371700 13.518
372600 13.521
373500 13.523
374400 13.524
375300 13.524
376200 13.526
377100 13.526
378000 13.526
378900 13.527
379800 13.527
380700 13.527
381600 13.527
382500 13.529
383400 13.529
384300 13.529
385200 13.53
386100 13.532
387000 13.533
387900 13.535
388800 13.538
389700 13.541
390600 13.547
391500 13.553
392400 13.559
393300 13.565
394200 13.571
395100 13.578
396000 13.584
396900 13.59
397800 13.598
398700 13.605
399600 13.613
400500 13.619
401400 13.626
402300 13.632
403200 13.638
404100 13.643
405000 13.648
405900 13.649
406800 13.651
407700 13.651
408600 13.651
409500 13.648
410400 13.645
411300 13.64
412200 13.634
413100 13.628
414000 13.622
414900 13.614
415800 13.608
416700 13.602
417600 13.595
418500 13.589
419400 13.581
420300 13.575
421200 13.569
422100 13.563
423000 13.559
423900 13.554
424800 13.55
425700 13.545
426600 13.541
427500 13.536
428400 13.53
429300 13.526
430200 13.52
431100 13.514
432000 13.508
432900 13.502
433800 13.496
434700 13.49
435600 13.484
436500 13.479
437400 13.473
438300 13.469
439200 13.466
440100 13.463
441000 13.461
441900 13.46
442800 13.458
443700 13.458
444600 13.458
445500 13.46
446400 13.46
447300 13.46
448200 13.461
449100 13.461
450000 13.463
450900 13.463
451800 13.461
452700 13.461
453600 13.46
454500 13.46
455400 13.458
456300 13.455
457200 13.454
458100 13.452
459000 13.451
459900 13.451
460800 13.449
461700 13.449
462600 13.451
463500 13.451
464400 13.454
465300 13.457
466200 13.461
467100 13.469
468000 13.476
468900 13.485
469800 13.497
470700 13.509
471600 13.524
472500 13.541
473400 13.559
474300 13.578
475200 13.599
476100 13.622
477000 13.645
477900 13.667
478800 13.691
479700 13.717
480600 13.741
481500 13.766
482400 13.789
483300 13.813
484200 13.834
485100 13.856
486000 13.876
486900 13.895
487800 13.913
488700 13.93
489600 13.943
490500 13.955
491400 13.966
492300 13.975
493200 13.981
494100 13.985
495000 13.99
495900 13.993
496800 13.994
497700 13.994
498600 13.996
499500 13.996
500400 13.994
501300 13.993
502200 13.991
503100 13.987
504000 13.982
504900 13.976
505800 13.97
506700 13.963
507600 13.954
508500 13.946
509400 13.937
510300 13.93
511200 13.924
512100 13.919
513000 13.915
513900 13.912
514800 13.909
515700 13.907
516600 13.907
517500 13.907
518400 13.907
519300 13.909
520200 13.909
521100 13.912
522000 13.913
522900 13.916
523800 13.918
524700 13.921
525600 13.924
526500 13.927
527400 13.93
528300 13.931
529200 13.934
530100 13.937
531000 13.939
531900 13.942
532800 13.943
533700 13.946
534600 13.948
535500 13.951
536400 13.954
537300 13.955
538200 13.958
539100 13.961
540000 13.964
540900 13.966
541800 13.969
542700 13.972
543600 13.973
544500 13.976
545400 13.978
546300 13.979
547200 13.981
548100 13.984
549000 13.985
549900 13.987
550800 13.988
551700 13.988
552600 13.99
553500 13.991
554400 13.991
555300 13.991
556200 13.993
557100 13.993
558000 13.993
558900 13.993
559800 13.993
560700 13.993
561600 13.994
562500 13.996
563400 13.999
564300 14.003
565200 14.009
566100 14.017
567000 14.024
567900 14.032
568800 14.041
569700 14.05
570600 14.059
571500 14.065
572400 14.071
573300 14.075
574200 14.08
575100 14.083
576000 14.083
576900 14.084
577800 14.083
578700 14.081
579600 14.08
580500 14.078
581400 14.077
582300 14.075
583200 14.074
584100 14.074
585000 14.072
585900 14.071
586800 14.068
587700 14.065
588600 14.059
589500 14.051
590400 14.042
591300 14.032
592200 14.02
593100 14.006
594000 13.993
594900 13.981
595800 13.969
596700 13.958
597600 13.948
598500 13.939
599400 13.928
600300 13.918
601200 13.907
602100 13.895
603000 13.885
603900 13.874
604800 13.865
605700 13.856
606600 13.847
607500 13.841
608400 13.834
609300 13.828
610200 13.822
611100 13.816
612000 13.811
612900 13.805
613800 13.801
614700 13.796
615600 13.792
616500 13.787
617400 13.784
618300 13.78
619200 13.777
620100 13.774
621000 13.771
621900 13.766
622800 13.763
623700 13.76
624600 13.757
625500 13.754
626400 13.751
627300 13.748
628200 13.745
629100 13.742
630000 13.739
630900 13.735
631800 13.732
632700 13.729
633600 13.727
634500 13.724
635400 13.723
636300 13.723
637200 13.723
638100 13.724
639000 13.726
639900 13.73
640800 13.735
641700 13.741
642600 13.747
643500 13.756
644400 13.766
645300 13.778
646200 13.792
647100 13.807
648000 13.822
648900 13.838
649800 13.856
650700 13.874
651600 13.894
652500 13.915
653400 13.934
654300 13.957
655200 13.978
656100 13.999
657000 14.02
657900 14.041
658800 14.062
659700 14.083
660600 14.104
661500 14.123
662400 14.141
663300 14.159
664200 14.174
665100 14.191
666000 14.206
666900 14.219
667800 14.231
668700 14.241
669600 14.25
670500 14.258
671400 14.262
672300 14.265
673200 14.265
674100 14.265
675000 14.262
675900 14.258
676800 14.253
677700 14.249
678600 14.241
679500 14.234
680400 14.225
681300 14.214
682200 14.204
683100 14.194
684000 14.183
684900 14.174
685800 14.165
686700 14.158
687600 14.15
688500 14.144
689400 14.14
690300 14.135
691200 14.132
692100 14.129
693000 14.126
693900 14.125
694800 14.123
695700 14.12
696600 14.119
697500 14.117
698400 14.114
699300 14.111
700200 14.107
701100 14.105
702000 14.102
702900 14.101
703800 14.101
704700 14.101
705600 14.101
706500 14.102
707400 14.104
708300 14.105
709200 14.108
710100 14.11
711000 14.113
711900 14.116
712800 14.117
713700 14.119
714600 14.122
715500 14.123
716400 14.123
717300 14.125
718200 14.125
719100 14.125
720000 14.125
720900 14.125
721800 14.125
722700 14.125
723600 14.125
724500 14.126
725400 14.126
726300 14.129
727200 14.131
728100 14.135
729000 14.141
729900 14.149
730800 14.158
731700 14.167
732600 14.177
733500 14.189
734400 14.201
735300 14.214
736200 14.226
737100 14.238
738000 14.252
738900 14.264
739800 14.277
740700 14.291
741600 14.303
742500 14.315
743400 14.325
744300 14.336
745200 14.346
746100 14.357
747000 14.366
747900 14.375
748800 14.382
749700 14.388
750600 14.393
751500 14.394
752400 14.396
753300 14.394
754200 14.39
755100 14.385
756000 14.378
756900 14.367
757800 14.357
758700 14.345
759600 14.333
760500 14.319
761400 14.306
762300 14.292
763200 14.277
764100 14.264
765000 14.249
765900 14.234
766800 14.22
767700 14.207
768600 14.194
769500 14.182
770400 14.171
771300 14.162
772200 14.156
773100 14.152
774000 14.149
774900 14.15
775800 14.152
776700 14.156
777600 14.161
778500 14.167
779400 14.171
780300 14.177
781200 14.182
782100 14.186
783000 14.191
783900 14.194
784800 14.197
785700 14.2
786600 14.203
787500 14.206
788400 14.207
789300 14.21
790200 14.211
791100 14.214
792000 14.216
792900 14.217
793800 14.219
794700 14.22
795600 14.222
796500 14.223
797400 14.225
798300 14.226
799200 14.229
800100 14.231
801000 14.232
801900 14.234
802800 14.235
803700 14.237
804600 14.237
805500 14.238
806400 14.238
807300 14.24
808200 14.24
809100 14.24
810000 14.24
810900 14.24
811800 14.24
812700 14.241
813600 14.243
814500 14.246
815400 14.25
816300 14.255
817200 14.262
818100 14.271
819000 14.282
819900 14.294
820800 14.306
821700 14.318
822600 14.327
823500 14.336
824400 14.343
825300 14.349
826200 14.354
827100 14.358
828000 14.361
828900 14.363
829800 14.363
830700 14.361
831600 14.36
832500 14.357
833400 14.352
834300 14.348
835200 14.342
836100 14.337
837000 14.331
837900 14.327
838800 14.321
839700 14.315
840600 14.31
841500 14.304
842400 14.3
843300 14.292
844200 14.286
845100 14.277
846000 14.268
846900 14.258
847800 14.247
848700 14.235
849600 14.222
850500 14.211
851400 14.2
852300 14.188
853200 14.179
854100 14.168
855000 14.159
855900 14.152
856800 14.144
857700 14.137
858600 14.129
859500 14.122
860400 14.114
861300 14.108
862200 14.102
863100 14.095
864000 14.089
864900 14.083
865800 14.077
866700 14.069
867600 14.063
868500 14.056
869400 14.048
870300 14.042
871200 14.035
872100 14.027
873000 14.02
873900 14.014
874800 14.006
875700 13.999
876600 13.991
877500 13.984
878400 13.976
879300 13.969
880200 13.96
881100 13.952
882000 13.945
882900 13.936
883800 13.928
884700 13.919
885600 13.912
886500 13.903
887400 13.895
888300 13.886
889200 13.879
890100 13.871
891000 13.864
891900 13.858
892800 13.853
893700 13.849
894600 13.844
895500 13.841
896400 13.841
897300 13.841
898200 13.843
899100 13.846
9e+05 13.85
900900 13.856
901800 13.864
902700 13.874
903600 13.886
904500 13.901
905400 13.918
906300 13.936
907200 13.955
908100 13.976
909000 13.999
909900 14.021
910800 14.045
911700 14.069
912600 14.093
913500 14.117
914400 14.141
915300 14.164
916200 14.186
917100 14.206
918000 14.225
918900 14.241
919800 14.255
920700 14.267
921600 14.276
922500 14.282
923400 14.285
924300 14.285
925200 14.28
926100 14.274
927000 14.264
927900 14.252
928800 14.237
929700 14.219
930600 14.2
931500 14.179
932400 14.156
933300 14.132
934200 14.107
935100 14.081
936000 14.056
936900 14.032
937800 14.008
938700 13.984
939600 13.963
940500 13.943
941400 13.925
942300 13.909
943200 13.894
944100 13.88
945000 13.868
945900 13.858
946800 13.849
947700 13.841
948600 13.835
949500 13.831
950400 13.828
951300 13.826
952200 13.826
953100 13.828
954000 13.832
954900 13.837
955800 13.843
956700 13.85
957600 13.861
958500 13.871
959400 13.885
960300 13.898
961200 13.913
962100 13.93
963000 13.946
963900 13.963
964800 13.981
965700 14
966600 14.018
967500 14.036
968400 14.054
969300 14.074
970200 14.09
971100 14.108
972000 14.126
972900 14.143
973800 14.159
974700 14.174
975600 14.191
976500 14.207
977400 14.222
978300 14.237
979200 14.252
980100 14.267
981000 14.282
981900 14.297
982800 14.31
983700 14.324
984600 14.336
985500 14.348
986400 14.358
987300 14.369
988200 14.381
989100 14.391
990000 14.4
990900 14.409
991800 14.418
992700 14.427
993600 14.435
994500 14.442
995400 14.448
996300 14.454
997200 14.459
998100 14.465
999000 14.469
999900 14.475
1000800 14.481
1001700 14.487
1002600 14.495
1003500 14.502
1004400 14.508
1005300 14.515
1006200 14.521
1007100 14.527
1008000 14.532
1008900 14.536
1009800 14.539
1010700 14.542
1011600 14.544
1012500 14.545
1013400 14.545
1014300 14.544
1015200 14.541
1016100 14.538
1017000 14.532
1017900 14.526
1018800 14.517
1019700 14.508
1020600 14.499
1021500 14.489
1022400 14.478
1023300 14.468
1024200 14.457
1025100 14.447
1026000 14.438
1026900 14.429
1027800 14.42
1028700 14.412
1029600 14.405
1030500 14.397
1031400 14.39
1032300 14.382
1033200 14.375
1034100 14.369
1035000 14.364
1035900 14.36
1036800 14.357
1037700 14.354
1038600 14.352
1039500 14.352
1040400 14.351
1041300 14.352
1042200 14.354
1043100 14.355
1044000 14.357
1044900 14.36
1045800 14.363
1046700 14.366
1047600 14.369
1048500 14.372
1049400 14.376
1050300 14.381
1051200 14.385
1052100 14.39
1053000 14.396
1053900 14.402
1054800 14.408
1055700 14.414
1056600 14.42
1057500 14.427
1058400 14.435
1059300 14.442
1060200 14.451
1061100 14.459
1062000 14.468
1062900 14.477
1063800 14.486
1064700 14.496
1065600 14.505
1066500 14.515
1067400 14.524
1068300 14.535
1069200 14.545
1070100 14.557
1071000 14.568
1071900 14.578
1072800 14.59
1073700 14.601
1074600 14.613
1075500 14.623
1076400 14.634
1077300 14.646
1078200 14.658
1079100 14.67
1080000 14.682
1080900 14.695
1081800 14.707
1082700 14.72
1083600 14.735
1084500 14.747
1085400 14.761
1086300 14.774
1087200 14.786
1088100 14.797
1089000 14.807
1089900 14.818
1090800 14.827
1091700 14.834
1092600 14.842
1093500 14.848
1094400 14.852
1095300 14.855
1096200 14.855
1097100 14.855
1098000 14.853
1098900 14.851
1099800 14.845
1100700 14.839
1101600 14.83
1102500 14.821
1103400 14.81
1104300 14.798
1105200 14.786
1106100 14.773
1107000 14.759
1107900 14.744
1108800 14.731
1109700 14.719
1110600 14.705
1111500 14.695
1112400 14.685
1113300 14.674
1114200 14.665
1115100 14.656
1116000 14.649
1116900 14.643
1117800 14.635
1118700 14.631
1119600 14.626
1120500 14.623
1121400 14.62
1122300 14.62
1123200 14.62
1124100 14.62
1125000 14.623
1125900 14.626
1126800 14.629
1127700 14.634
1128600 14.64
1129500 14.646
1130400 14.652
1131300 14.659
1132200 14.667
1133100 14.674
1134000 14.683
1134900 14.694
1135800 14.702
1136700 14.713
1137600 14.723
1138500 14.735
1139400 14.747
1140300 14.758
1141200 14.77
1142100 14.782
1143000 14.794
1143900 14.806
1144800 14.818
1145700 14.83
1146600 14.842
1147500 14.852
1148400 14.864
1149300 14.876
1150200 14.886
1151100 14.898
1152000 14.909
1152900 14.919
1153800 14.93
1154700 14.94
1155600 14.951
1156500 14.961
1157400 14.972
1158300 14.982
1159200 14.992
1160100 15.001
1161000 15.01
1161900 15.018
1162800 15.025
1163700 15.031
1164600 15.037
1165500 15.042
1166400 15.046
1167300 15.051
1168200 15.054
1169100 15.058
1170000 15.061
1170900 15.066
1171800 15.072
1172700 15.076
1173600 15.084
1174500 15.09
1175400 15.099
1176300 15.106
1177200 15.115
1178100 15.124
1179000 15.133
1179900 15.142
1180800 15.151
1181700 15.16
1182600 15.167
1183500 15.175
1184400 15.182
1185300 15.188
1186200 15.193
1187100 15.196
1188000 15.199
1188900 15.2
1189800 15.2
1190700 15.199
1191600 15.197
1192500 15.193
1193400 15.188
1194300 15.182
1195200 15.175
1196100 15.166
1197000 15.157
1197900 15.148
1198800 15.137
1199700 15.125
1200600 15.115
1201500 15.103
1202400 15.091
1203300 15.081
1204200 15.069
1205100 15.06
1206000 15.051
1206900 15.043
1207800 15.037
1208700 15.031
1209600 15.027
1210500 15.022
1211400 15.019
1212300 15.016
1213200 15.015
1214100 15.013
1215000 15.012
1215900 15.012
1216800 15.012
1217700 15.012
1218600 15.01
1219500 15.01
1220400 15.012
1221300 15.012
1222200 15.012
1223100 15.012
1224000 15.013
1224900 15.013
1225800 15.015
1226700 15.016
1227600 15.018
1228500 15.019
1229400 15.021
1230300 15.024
1231200 15.027
1232100 15.03
1233000 15.034
1233900 15.039
1234800 15.043
1235700 15.049
1236600 15.055
1237500 15.061
1238400 15.067
1239300 15.073
1240200 15.081
1241100 15.088
1242000 15.096
1242900 15.105
1243800 15.113
1244700 15.121
1245600 15.131
1246500 15.14
1247400 15.149
1248300 15.16
1249200 15.17
1250100 15.181
1251000 15.194
1251900 15.209
1252800 15.224
1253700 15.24
1254600 15.258
1255500 15.276
1256400 15.296
1257300 15.315
1258200 15.333
1259100 15.351
1260000 15.37
1260900 15.388
1261800 15.405
1262700 15.421
1263600 15.436
1264500 15.451
1265400 15.463
1266300 15.475
1267200 15.485
1268100 15.496
1269000 15.506
1269900 15.515
1270800 15.521
1271700 15.528
1272600 15.533
1273500 15.536
1274400 15.539
1275300 15.54
1276200 15.54
1277100 15.54
1278000 15.539
1278900 15.539
1279800 15.54
1280700 15.54
1281600 15.54
1282500 15.539
1283400 15.539
1284300 15.537
1285200 15.534
1286100 15.533
1287000 15.528
1287900 15.525
1288800 15.52
1289700 15.515
1290600 15.509
1291500 15.505
1292400 15.502
1293300 15.499
1294200 15.497
1295100 15.496
1296000 15.496
1296900 15.497
1297800 15.499
1298700 15.502
1299600 15.505
1300500 15.509
1301400 15.514
1302300 15.52
1303200 15.525
1304100 15.531
1305000 15.539
1305900 15.545
1306800 15.552
1307700 15.558
1308600 15.566
1309500 15.572
1310400 15.578
1311300 15.584
1312200 15.59
1313100 15.594
1314000 15.599
1314900 15.603
1315800 15.606
1316700 15.609
1317600 15.612
1318500 15.613
1319400 15.615
1320300 15.615
1321200 15.616
1322100 15.616
1323000 15.616
1323900 15.616
1324800 15.616
1325700 15.616
1326600 15.616
1327500 15.619
1328400 15.622
1329300 15.625
1330200 15.631
1331100 15.639
1332000 15.648
1332900 15.657
1333800 15.669
1334700 15.682
1335600 15.697
1336500 15.713
1337400 15.731
1338300 15.751
1339200 15.772
1340100 15.792
1341000 15.815
1341900 15.837
1342800 15.86
1343700 15.88
1344600 15.903
1345500 15.924
1346400 15.944
1347300 15.965
1348200 15.988
1349100 16.009
1350000 16.029
1350900 16.05
1351800 16.073
1352700 16.093
1353600 16.114
1354500 16.135
1355400 16.156
1356300 16.175
1357200 16.192
1358100 16.208
1359000 16.222
1359900 16.234
1360800 16.244
1361700 16.251
1362600 16.256
1363500 16.26
1364400 16.262
1365300 16.263
1366200 16.265
1367100 16.263
1368000 16.26
1368900 16.257
1369800 16.253
1370700 16.248
1371600 16.244
1372500 16.239
1373400 16.237
1374300 16.232
1375200 16.229
1376100 16.226
1377000 16.225
1377900 16.225
1378800 16.225
1379700 16.225
1380600 16.226
1381500 16.228
1382400 16.229
1383300 16.232
1384200 16.235
1385100 16.238
1386000 16.242
1386900 16.245
1387800 16.25
1388700 16.253
1389600 16.257
1390500 16.26
1391400 16.262
1392300 16.265
1393200 16.266
1394100 16.268
1395000 16.269
1395900 16.272
1396800 16.274
1397700 16.275
1398600 16.277
1399500 16.278
1400400 16.278
1401300 16.28
1402200 16.28
1403100 16.28
1404000 16.278
1404900 16.277
1405800 16.275
1406700 16.274
1407600 16.271
1408500 16.268
1409400 16.265
1410300 16.262
1411200 16.26
1412100 16.257
1413000 16.254
1413900 16.253
1414800 16.253
1415700 16.253
1416600 16.254
1417500 16.257
1418400 16.262
1419300 16.268
1420200 16.277
1421100 16.286
1422000 16.298
1422900 16.311
1423800 16.326
1424700 16.344
1425600 16.362
1426500 16.381
1427400 16.402
1428300 16.424
1429200 16.446
1430100 16.469
1431000 16.493
1431900 16.515
1432800 16.539
1433700 16.561
1434600 16.583
1435500 16.604
1436400 16.625
1437300 16.643
1438200 16.661
1439100 16.676
1440000 16.691
1440900 16.702
1441800 16.711
1442700 16.719
1443600 16.725
1444500 16.728
1445400 16.728
1446300 16.726
1447200 16.722
1448100 16.714
1449000 16.705
1449900 16.695
1450800 16.682
1451700 16.667
1452600 16.649
1453500 16.633
1454400 16.613
1455300 16.594
1456200 16.576
1457100 16.558
1458000 16.543
1458900 16.53
1459800 16.518
1460700 16.509
1461600 16.502
1462500 16.497
1463400 16.494
1464300 16.493
1465200 16.494
1466100 16.496
1467000 16.499
1467900 16.503
1468800 16.508
1469700 16.513
1470600 16.521
1471500 16.53
1472400 16.537
1473300 16.548
1474200 16.558
1475100 16.569
1476000 16.58
1476900 16.594
1477800 16.606
1478700 16.619
1479600 16.634
1480500 16.647
1481400 16.662
1482300 16.677
1483200 16.692
1484100 16.707
1485000 16.722
1485900 16.737
1486800 16.752
1487700 16.765
1488600 16.78
1489500 16.792
1490400 16.805
1491300 16.817
1492200 16.829
1493100 16.839
1494000 16.85
1494900 16.86
1495800 16.871
1496700 16.88
1497600 16.888
1498500 16.897
1499400 16.905
1500300 16.914
1501200 16.923
1502100 16.932
1503000 16.942
1503900 16.948
1504800 16.957
1505700 16.969
1506600 16.982
1507500 16.996
1508400 17.012
1509300 17.027
1510200 17.045
1511100 17.063
1512000 17.082
1512900 17.1
1513800 17.118
1514700 17.135
1515600 17.152
1516500 17.168
1517400 17.183
1518300 17.196
1519200 17.21
1520100 17.222
1521000 17.232
1521900 17.24
1522800 17.245
1523700 17.251
1524600 17.257
1525500 17.259
1526400 17.26
1527300 17.26
1528200 17.259
1529100 17.256
1530000 17.253
1530900 17.247
1531800 17.241
1532700 17.235
1533600 17.228
1534500 17.219
1535400 17.21
1536300 17.201
1537200 17.19
1538100 17.18
1539000 17.168
1539900 17.158
1540800 17.146
1541700 17.132
1542600 17.121
1543500 17.109
1544400 17.097
1545300 17.085
1546200 17.073
1547100 17.061
1548000 17.049
1548900 17.039
1549800 17.028
1550700 17.016
1551600 17.006
1552500 16.996
1553400 16.984
1554300 16.973
1555200 16.963
1556100 16.954
1557000 16.944
1557900 16.935
1558800 16.926
1559700 16.917
1560600 16.909
1561500 16.902
1562400 16.894
1563300 16.888
1564200 16.883
1565100 16.877
1566000 16.871
1566900 16.865
1567800 16.86
1568700 16.854
1569600 16.85
1570500 16.844
1571400 16.839
1572300 16.833
1573200 16.829
1574100 16.823
1575000 16.819
1575900 16.813
1576800 16.808
1577700 16.802
1578600 16.796
1579500 16.792
1580400 16.786
1581300 16.78
1582200 16.775
1583100 16.771
1584000 16.768
1584900 16.764
1585800 16.762
1586700 16.761
1587600 16.759
1588500 16.759
1589400 16.761
1590300 16.764
1591200 16.766
1592100 16.771
1593000 16.775
1593900 16.781
1594800 16.789
1595700 16.798
1596600 16.807
1597500 16.817
1598400 16.83
1599300 16.844
1600200 16.859
1601100 16.874
1602000 16.89
1602900 16.906
1603800 16.918
1604700 16.93
1605600 16.941
1606500 16.949
1607400 16.958
1608300 16.967
1609200 16.973
1610100 16.981
1611000 16.985
1611900 16.99
1612800 16.991
1613700 16.993
1614600 16.991
1615500 16.987
1616400 16.982
1617300 16.975
1618200 16.966
1619100 16.954
1620000 16.942
1620900 16.927
1621800 16.911
1622700 16.893
1623600 16.874
1624500 16.853
1625400 16.83
1626300 16.808
1627200 16.783
1628100 16.758
1629000 16.732
1629900 16.705
1630800 16.68
1631700 16.655
1632600 16.631
1633500 16.609
1634400 16.588
1635300 16.569
1636200 16.549
1637100 16.533
1638000 16.516
1638900 16.502
1639800 16.487
1640700 16.473
1641600 16.46
1642500 16.446
1643400 16.435
1644300 16.423
1645200 16.411
1646100 16.4
1647000 16.39
1647900 16.379
1648800 16.371
1649700 16.362
1650600 16.353
1651500 16.344
1652400 16.336
1653300 16.329
1654200 16.32
1655100 16.312
1656000 16.305
1656900 16.299
1657800 16.292
1658700 16.286
1659600 16.278
1660500 16.272
1661400 16.266
1662300 16.26
1663200 16.254
1664100 16.25
1665000 16.244
1665900 16.239
1666800 16.237
1667700 16.234
1668600 16.231
1669500 16.229
1670400 16.228
1671300 16.228
1672200 16.229
1673100 16.232
1674000 16.235
1674900 16.239
1675800 16.247
1676700 16.253
1677600 16.262
1678500 16.271
1679400 16.281
1680300 16.295
1681200 16.308
1682100 16.323
1683000 16.339
1683900 16.357
1684800 16.378
1685700 16.399
1686600 16.421
1687500 16.445
1688400 16.47
1689300 16.496
1690200 16.522
1691100 16.548
1692000 16.572
1692900 16.595
1693800 16.618
1694700 16.638
1695600 16.656
1696500 16.673
1697400 16.686
1698300 16.697
1699200 16.705
1700100 16.71
1701000 16.713
1701900 16.711
1702800 16.707
1703700 16.701
1704600 16.691
1705500 16.679
1706400 16.664
1707300 16.646
1708200 16.627
1709100 16.604
1710000 16.582
1710900 16.558
1711800 16.531
1712700 16.506
1713600 16.479
1714500 16.454
1715400 16.429
1716300 16.405
1717200 16.381
1718100 16.36
1719000 16.341
1719900 16.323
1720800 16.306
1721700 16.292
1722600 16.278
1723500 16.268
1724400 16.257
1725300 16.248
1726200 16.241
1727100 16.235
1728000 16.229
1728900 16.225
1729800 16.22
1730700 16.217
1731600 16.214
1732500 16.213
1733400 16.211
1734300 16.21
1735200 16.208
1736100 16.208
1737000 16.207
1737900 16.207
1738800 16.205
1739700 16.205
1740600 16.204
1741500 16.204
1742400 16.202
1743300 16.202
1744200 16.201
1745100 16.199
1746000 16.198
1746900 16.196
1747800 16.195
1748700 16.193
1749600 16.192
1750500 16.19
1751400 16.187
1752300 16.186
1753200 16.184
1754100 16.181
1755000 16.18
1755900 16.178
1756800 16.178
1757700 16.178
1758600 16.178
1759500 16.18
1760400 16.183
1761300 16.186
1762200 16.192
1763100 16.198
1764000 16.205
1764900 16.214
1765800 16.226
1766700 16.238
1767600 16.253
1768500 16.269
1769400 16.287
1770300 16.305
1771200 16.326
1772100 16.348
1773000 16.371
1773900 16.394
1774800 16.42
1775700 16.445
1776600 16.47
1777500 16.496
1778400 16.521
1779300 16.546
1780200 16.572
1781100 16.595
1782000 16.619
1782900 16.643
1783800 16.665
1784700 16.686
1785600 16.705
1786500 16.725
1787400 16.743
1788300 16.759
1789200 16.774
1790100 16.789
1791000 16.804
1791900 16.816
1792800 16.829
1793700 16.841
1794600 16.854
1795500 16.866
1796400 16.88
1797300 16.893
1798200 16.906
1799100 16.92
1800000 16.932
1800900 16.944
1801800 16.954
1802700 16.964
1803600 16.973
1804500 16.982
1805400 16.99
1806300 16.997
1807200 17.003
1808100 17.009
1809000 17.013
1809900 17.016
1810800 17.018
1811700 17.018
1812600 17.018
1813500 17.016
1814400 17.012
1815300 17.009
1816200 17.003
1817100 16.997
1818000 16.991
1818900 16.985
1819800 16.978
1820700 16.972
1821600 16.964
1822500 16.957
1823400 16.951
1824300 16.944
1825200 16.938
1826100 16.93
1827000 16.923
1827900 16.917
1828800 16.909
1829700 16.902
1830600 16.896
1831500 16.888
1832400 16.881
1833300 16.874
1834200 16.866
1835100 16.859
1836000 16.851
1836900 16.844
1837800 16.836
1838700 16.829
1839600 16.822
1840500 16.814
1841400 16.807
1842300 16.801
1843200 16.793
1844100 16.786
1845000 16.778
1845900 16.772
1846800 16.765
1847700 16.759
1848600 16.753
1849500 16.747
1850400 16.741
1851300 16.735
1852200 16.731
1853100 16.726
1854000 16.722
1854900 16.719
1855800 16.716
1856700 16.716
1857600 16.716
1858500 16.719
1859400 16.725
1860300 16.732
1861200 16.741
1862100 16.752
1863000 16.762
1863900 16.774
1864800 16.784
1865700 16.798
1866600 16.811
1867500 16.825
1868400 16.841
1869300 16.856
1870200 16.872
1871100 16.888
1872000 16.903
1872900 16.918
1873800 16.93
1874700 16.942
1875600 16.951
1876500 16.96
1877400 16.966
1878300 16.972
1879200 16.975
1880100 16.978
1881000 16.981
1881900 16.982
1882800 16.984
1883700 16.984
1884600 16.982
1885500 16.981
1886400 16.978
1887300 16.973
1888200 16.969
1889100 16.963
1890000 16.957
1890900 16.951
1891800 16.944
1892700 16.938
1893600 16.93
1894500 16.923
1895400 16.915
1896300 16.906
1897200 16.899
1898100 16.893
1899000 16.887
1899900 16.883
1900800 16.878
1901700 16.874
1902600 16.871
1903500 16.868
1904400 16.863
1905300 16.86
1906200 16.856
1907100 16.851
1908000 16.847
1908900 16.842
1909800 16.836
1910700 16.832
1911600 16.826
1912500 16.82
1913400 16.814
1914300 16.808
1915200 16.801
1916100 16.795
1917000 16.787
1917900 16.781
1918800 16.774
1919700 16.766
1920600 16.761
1921500 16.753
1922400 16.746
1923300 16.738
1924200 16.731
1925100 16.723
1926000 16.716
1926900 16.71
1927800 16.702
1928700 16.697
1929600 16.689
1930500 16.685
1931400 16.679
1932300 16.676
1933200 16.671
1934100 16.67
1935000 16.67
1935900 16.67
1936800 16.673
1937700 16.677
1938600 16.683
1939500 16.691
1940400 16.701
1941300 16.711
1942200 16.723
1943100 16.738
1944000 16.753
1944900 16.768
1945800 16.784
1946700 16.801
1947600 16.817
1948500 16.835
1949400 16.851
1950300 16.869
1951200 16.887
1952100 16.902
1953000 16.917
1953900 16.932
1954800 16.947
1955700 16.96
1956600 16.973
1957500 16.985
1958400 16.996
1959300 17.006
1960200 17.015
1961100 17.022
1962000 17.027
1962900 17.03
1963800 17.03
1964700 17.027
1965600 17.021
1966500 17.013
1967400 17.005
1968300 16.994
1969200 16.982
1970100 16.969
1971000 16.955
1971900 16.941
1972800 16.926
1973700 16.909
1974600 16.893
1975500 16.877
1976400 16.859
1977300 16.841
1978200 16.822
1979100 16.802
1980000 16.781
1980900 16.761
1981800 16.74
1982700 16.717
1983600 16.697
1984500 16.677
1985400 16.658
1986300 16.64
1987200 16.622
1988100 16.606
1989000 16.589
1989900 16.573
1990800 16.557
1991700 16.54
1992600 16.524
1993500 16.508
1994400 16.491
1995300 16.475
1996200 16.457
1997100 16.441
1998000 16.424
1998900 16.409
1999800 16.393
2000700 16.378
2001600 16.365
2002500 16.35
2003400 16.338
2004300 16.326
2005200 16.314
2006100 16.305
2007000 16.296
2007900 16.289
2008800 16.283
2009700 16.277
2010600 16.274
2011500 16.271
2012400 16.269
2013300 16.269
2014200 16.272
2015100 16.275
2016000 16.28
2016900 16.286
2017800 16.295
2018700 16.304
2019600 16.314
2020500 16.326
2021400 16.341
2022300 16.356
2023200 16.374
2024100 16.394
2025000 16.417
2025900 16.441
2026800 16.466
2027700 16.494
2028600 16.522
2029500 16.552
2030400 16.582
2031300 16.613
2032200 16.643
2033100 16.673
2034000 16.702
2034900 16.731
2035800 16.758
2036700 16.783
2037600 16.807
2038500 16.83
2039400 16.853
2040300 16.875
2041200 16.896
2042100 16.915
2043000 16.935
2043900 16.951
2044800 16.967
2045700 16.984
2046600 16.997
2047500 17.009
2048400 17.021
2049300 17.031
2050200 17.042
2051100 17.051
2052000 17.06
2052900 17.067
2053800 17.074
2054700 17.08
2055600 17.086
2056500 17.091
2057400 17.095
2058300 17.098
2059200 17.1
2060100 17.101
2061000 17.103
2061900 17.103
2062800 17.103
2063700 17.103
2064600 17.101
2065500 17.101
2066400 17.101
2067300 17.103
2068200 17.103
2069100 17.103
2070000 17.104
2070900 17.104
2071800 17.106
2072700 17.106
2073600 17.107
2074500 17.109
2075400 17.11
2076300 17.112
2077200 17.115
2078100 17.118
2079000 17.122
2079900 17.126
2080800 17.132
2081700 17.138
2082600 17.144
2083500 17.15
2084400 17.158
2085300 17.165
2086200 17.173
2087100 17.18
2088000 17.187
2088900 17.195
2089800 17.202
2090700 17.21
2091600 17.217
2092500 17.223
2093400 17.229
2094300 17.235
2095200 17.241
2096100 17.245
2097000 17.251
2097900 17.256
2098800 17.262
2099700 17.268
2100600 17.274
2101500 17.28
2102400 17.286
2103300 17.293
2104200 17.3
2105100 17.309
2106000 17.318
2106900 17.327
2107800 17.338
2108700 17.348
2109600 17.358
2110500 17.372
2111400 17.384
2112300 17.397
2113200 17.411
2114100 17.425
2115000 17.442
2115900 17.457
2116800 17.473
2117700 17.489
2118600 17.506
2119500 17.522
2120400 17.538
2121300 17.553
2122200 17.567
2123100 17.581
2124000 17.593
2124900 17.605
2125800 17.616
2126700 17.625
2127600 17.634
2128500 17.639
2129400 17.644
2130300 17.648
2131200 17.651
2132100 17.653
2133000 17.654
2133900 17.653
2134800 17.653
2135700 17.651
2136600 17.648
2137500 17.645
2138400 17.642
2139300 17.638
2140200 17.635
2141100 17.632
2142000 17.631
2142900 17.629
2143800 17.628
2144700 17.628
2145600 17.628
2146500 17.629
2147400 17.632
2148300 17.635
2149200 17.639
2150100 17.645
2151000 17.653
2151900 17.66
2152800 17.668
2153700 17.675
2154600 17.683
2155500 17.69
2156400 17.697
2157300 17.705
2158200 17.712
2159100 17.718
2160000 17.724
2160900 17.732
2161800 17.738
2162700 17.742
2163600 17.748
2164500 17.754
2165400 17.758
2166300 17.764
2167200 17.77
2168100 17.775
2169000 17.781
2169900 17.787
2170800 17.793
2171700 17.799
2172600 17.804
2173500 17.81
2174400 17.816
2175300 17.822
2176200 17.828
2177100 17.834
2178000 17.84
2178900 17.846
2179800 17.852
2180700 17.858
2181600 17.864
2182500 17.868
2183400 17.873
2184300 17.876
2185200 17.879
2186100 17.88
2187000 17.882
2187900 17.882
2188800 17.882
2189700 17.88
2190600 17.877
2191500 17.874
2192400 17.87
2193300 17.867
2194200 17.862
2195100 17.858
2196000 17.855
2196900 17.852
2197800 17.849
2198700 17.848
2199600 17.848
2200500 17.848
2201400 17.849
2202300 17.851
2203200 17.852
2204100 17.855
2205000 17.858
2205900 17.862
2206800 17.867
2207700 17.871
2208600 17.876
2209500 17.879
2210400 17.882
2211300 17.883
2212200 17.885
2213100 17.885
2214000 17.885
2214900 17.883
2215800 17.88
2216700 17.879
2217600 17.876
2218500 17.873
2219400 17.87
2220300 17.868
2221200 17.865
2222100 17.864
2223000 17.862
2223900 17.861
2224800 17.861
2225700 17.862
2226600 17.864
2227500 17.867
2228400 17.87
2229300 17.874
2230200 17.879
2231100 17.885
2232000 17.891
2232900 17.897
2233800 17.904
2234700 17.911
2235600 17.919
2236500 17.928
2237400 17.935
2238300 17.944
2239200 17.953
2240100 17.964
2241000 17.974
2241900 17.984
2242800 17.995
2243700 18.007
2244600 18.017
2245500 18.029
2246400 18.041
2247300 18.051
2248200 18.062
2249100 18.072
2250000 18.081
2250900 18.091
2251800 18.1
2252700 18.109
2253600 18.117
2254500 18.125
2255400 18.133
2256300 18.139
2257200 18.145
2258100 18.151
2259000 18.155
2259900 18.16
2260800 18.163
2261700 18.166
2262600 18.167
2263500 18.167
2264400 18.167
2265300 18.166
2266200 18.164
2267100 18.161
2268000 18.157
2268900 18.151
2269800 18.145
2270700 18.137
2271600 18.128
2272500 18.12
2273400 18.111
2274300 18.102
2275200 18.091
2276100 18.082
2277000 18.072
2277900 18.062
2278800 18.051
2279700 18.041
2280600 18.029
2281500 18.017
2282400 18.004
2283300 17.99
2284200 17.975
2285100 17.961
2286000 17.946
2286900 17.931
2287800 17.916
2288700 17.9
2289600 17.883
2290500 17.868
2291400 17.855
2292300 17.843
2293200 17.833
2294100 17.825
2295000 17.819
2295900 17.815
2296800 17.81
2297700 17.807
2298600 17.806
2299500 17.804
2300400 17.804
2301300 17.804
2302200 17.806
2303100 17.806
2304000 17.807
2304900 17.807
2305800 17.809
2306700 17.809
2307600 17.809
2308500 17.807
2309400 17.806
2310300 17.804
2311200 17.801
2312100 17.799
2313000 17.793
2313900 17.788
2314800 17.781
2315700 17.775
2316600 17.767
2317500 17.761
2318400 17.754
2319300 17.748
2320200 17.744
2321100 17.739
2322000 17.735
2322900 17.732
2323800 17.73
2324700 17.729
2325600 17.729
2326500 17.729
2327400 17.729
2328300 17.73
2329200 17.732
2330100 17.733
2331000 17.735
2331900 17.736
2332800 17.739
2333700 17.741
2334600 17.742
2335500 17.744
2336400 17.744
2337300 17.745
2338200 17.745
2339100 17.744
2340000 17.742
2340900 17.741
2341800 17.738
2342700 17.735
2343600 17.73
2344500 17.726
2345400 17.72
2346300 17.712
2347200 17.703
2348100 17.694
2349000 17.686
2349900 17.674
2350800 17.662
2351700 17.65
2352600 17.636
2353500 17.622
2354400 17.608
2355300 17.592
2356200 17.577
2357100 17.561
2358000 17.546
2358900 17.529
2359800 17.513
2360700 17.498
2361600 17.482
2362500 17.467
2363400 17.452
2364300 17.437
2365200 17.424
2366100 17.411
2367000 17.399
2367900 17.387
2368800 17.378
2369700 17.369
2370600 17.361
2371500 17.356
2372400 17.35
2373300 17.344
2374200 17.339
2375100 17.335
2376000 17.33
2376900 17.327
2377800 17.326
2378700 17.323
2379600 17.321
2380500 17.321
2381400 17.32
2382300 17.32
2383200 17.32
2384100 17.32
2385000 17.32
2385900 17.321
2386800 17.321
2387700 17.321
2388600 17.321
2389500 17.321
2390400 17.321
2391300 17.323
2392200 17.324
2393100 17.327
2394000 17.33
2394900 17.335
2395800 17.341
2396700 17.348
2397600 17.357
2398500 17.367
2399400 17.378
2400300 17.39
2401200 17.403
2402100 17.416
2403000 17.431
2403900 17.446
2404800 17.46
2405700 17.474
2406600 17.489
2407500 17.506
2408400 17.521
2409300 17.535
2410200 17.552
2411100 17.567
2412000 17.583
2412900 17.599
2413800 17.614
2414700 17.631
2415600 17.647
2416500 17.663
2417400 17.68
2418300 17.696
2419200 17.712
2420100 17.727
2421000 17.744
2421900 17.758
2422800 17.775
2423700 17.788
2424600 17.803
2425500 17.816
2426400 17.828
2427300 17.84
2428200 17.851
2429100 17.859
2430000 17.867
2430900 17.874
2431800 17.88
2432700 17.885
2433600 17.888
2434500 17.891
2435400 17.891
2436300 17.891
2437200 17.888
2438100 17.885
2439000 17.88
2439900 17.874
2440800 17.867
2441700 17.859
2442600 17.851
2443500 17.84
2444400 17.828
2445300 17.816
2446200 17.804
2447100 17.791
2448000 17.778
2448900 17.763
2449800 17.749
2450700 17.735
2451600 17.72
2452500 17.706
2453400 17.691
2454300 17.678
2455200 17.663
2456100 17.65
2457000 17.635
2457900 17.622
2458800 17.607
2459700 17.593
2460600 17.58
2461500 17.565
2462400 17.552
2463300 17.538
2464200 17.526
2465100 17.515
2466000 17.504
2466900 17.495
2467800 17.488
2468700 17.482
2469600 17.477
2470500 17.476
2471400 17.474
2472300 17.476
2473200 17.479
2474100 17.482
2475000 17.486
2475900 17.492
2476800 17.498
2477700 17.506
2478600 17.513
2479500 17.519
2480400 17.526
2481300 17.535
2482200 17.543
2483100 17.552
2484000 17.559
2484900 17.568
2485800 17.577
2486700 17.587
2487600 17.596
2488500 17.607
2489400 17.617
2490300 17.629
2491200 17.641
2492100 17.653
2493000 17.665
2493900 17.678
2494800 17.69
2495700 17.703
2496600 17.717
2497500 17.729
2498400 17.742
2499300 17.755
2500200 17.767
2501100 17.781
2502000 17.793
2502900 17.806
2503800 17.818
2504700 17.83
2505600 17.842
2506500 17.852
2507400 17.862
2508300 17.873
2509200 17.882
2510100 17.891
2511000 17.9
2511900 17.907
2512800 17.914
2513700 17.922
2514600 17.926
2515500 17.932
2516400 17.937
2517300 17.94
2518200 17.943
2519100 17.944
2520000 17.944
2520900 17.944
2521800 17.943
2522700 17.941
2523600 17.938
2524500 17.935
2525400 17.931
2526300 17.925
2527200 17.919
2528100 17.911
2529000 17.904
2529900 17.895
2530800 17.886
2531700 17.876
2532600 17.865
2533500 17.855
2534400 17.842
2535300 17.83
2536200 17.816
2537100 17.801
2538000 17.787
2538900 17.77
2539800 17.755
2540700 17.738
2541600 17.721
2542500 17.703
2543400 17.686
2544300 17.668
2545200 17.65
2546100 17.632
2547000 17.614
2547900 17.598
2548800 17.58
2549700 17.562
2550600 17.546
2551500 17.531
2552400 17.516
2553300 17.503
2554200 17.489
2555100 17.477
2556000 17.467
2556900 17.46
2557800 17.451
2558700 17.445
2559600 17.437
2560500 17.431
2561400 17.425
2562300 17.418
2563200 17.411
2564100 17.403
2565000 17.394
2565900 17.385
2566800 17.375
2567700 17.364
2568600 17.354
2569500 17.344
2570400 17.332
2571300 17.321
2572200 17.311
2573100 17.3
2574000 17.29
2574900 17.283
2575800 17.275
2576700 17.269
2577600 17.263
2578500 17.259
2579400 17.254
2580300 17.251
2581200 17.247
2582100 17.242
2583000 17.238
2583900 17.234
2584800 17.228
2585700 17.222
2586600 17.216
2587500 17.207
2588400 17.198
2589300 17.189
2590200 17.179
2591100 17.167
2592000 17.153
2592900 17.14
2593800 17.125
2594700 17.11
2595600 17.094
2596500 17.076
2597400 17.058
2598300 17.04
2599200 17.022
2600100 17.003
2601000 16.984
2601900 16.963
2602800 16.942
2603700 16.923
2604600 16.902
2605500 16.88
2606400 16.859
2607300 16.836
2608200 16.814
2609100 16.792
2610000 16.769
2610900 16.746
2611800 16.722
2612700 16.698
2613600 16.673
2614500 16.647
2615400 16.622
2616300 16.597
2617200 16.57
2618100 16.545
2619000 16.518
2619900 16.491
2620800 16.466
2621700 16.441
2622600 16.415
2623500 16.391
2624400 16.368
2625300 16.344
2626200 16.323
2627100 16.302
2628000 16.283
2628900 16.265
2629800 16.247
2630700 16.231
2631600 16.216
2632500 16.202
2633400 16.189
2634300 16.175
2635200 16.165
2636100 16.155
2637000 16.144
2637900 16.135
2638800 16.129
2639700 16.123
2640600 16.12
2641500 16.12
2642400 16.123
2643300 16.128
2644200 16.137
2645100 16.147
2646000 16.161
2646900 16.177
2647800 16.195
2648700 16.214
2649600 16.235
2650500 16.256
2651400 16.278
2652300 16.302
2653200 16.324
2654100 16.348
2655000 16.372
2655900 16.397
2656800 16.421
2657700 16.445
2658600 16.47
2659500 16.494
2660400 16.516
2661300 16.539
2662200 16.561
2663100 16.582
2664000 16.6
2664900 16.619
2665800 16.634
2666700 16.649
2667600 16.662
2668500 16.673
2669400 16.683
2670300 16.691
2671200 16.697
2672100 16.702
2673000 16.707
2673900 16.71
2674800 16.71
2675700 16.71
2676600 16.708
2677500 16.705
2678400 16.701
2679300 16.695
2680200 16.686
2681100 16.676
2682000 16.664
2682900 16.65
2683800 16.636
2684700 16.619
2685600 16.601
2686500 16.582
2687400 16.561
2688300 16.539
2689200 16.516
2690100 16.493
2691000 16.469
2691900 16.443
2692800 16.418
2693700 16.391
2694600 16.363
2695500 16.335
2696400 16.306
2697300 16.277
2698200 16.247
2699100 16.217
2700000 16.186
2700900 16.155
2701800 16.123
2702700 16.092
2703600 16.061
2704500 16.031
2705400 16
2706300 15.97
2707200 15.94
2708100 15.91
2709000 15.883
2709900 15.857
2710800 15.83
2711700 15.804
2712600 15.781
2713500 15.757
2714400 15.734
2715300 15.713
2716200 15.693
2717100 15.673
2718000 15.654
2718900 15.637
2719800 15.622
2720700 15.608
2721600 15.596
2722500 15.584
2723400 15.573
2724300 15.564
2725200 15.557
2726100 15.549
2727000 15.543
2727900 15.539
2728800 15.534
2729700 15.53
2730600 15.528
2731500 15.527
2732400 15.527
2733300 15.527
2734200 15.528
2735100 15.531
2736000 15.534
2736900 15.539
2737800 15.543
2738700 15.548
2739600 15.554
2740500 15.561
2741400 15.567
2742300 15.573
2743200 15.579
2744100 15.587
2745000 15.593
2745900 15.597
2746800 15.603
2747700 15.608
2748600 15.612
2749500 15.615
2750400 15.618
2751300 15.621
2752200 15.622
2753100 15.624
2754000 15.624
2754900 15.622
2755800 15.621
2756700 15.619
2757600 15.616
2758500 15.613
2759400 15.611
2760300 15.606
2761200 15.602
2762100 15.596
2763000 15.591
2763900 15.585
2764800 15.579
2765700 15.572
2766600 15.566
2767500 15.558
2768400 15.551
2769300 15.543
2770200 15.534
2771100 15.525
2772000 15.517
2772900 15.508
2773800 15.497
2774700 15.488
2775600 15.478
2776500 15.467
2777400 15.457
2778300 15.446
2779200 15.436
2780100 15.424
2781000 15.414
2781900 15.402
2782800 15.39
2783700 15.378
2784600 15.366
2785500 15.354
2786400 15.342
2787300 15.33
2788200 15.318
2789100 15.306
2790000 15.294
2790900 15.282
2791800 15.272
2792700 15.26
2793600 15.248
2794500 15.237
2795400 15.227
2796300 15.217
2797200 15.208
2798100 15.197
2799000 15.188
2799900 15.181
2800800 15.173
2801700 15.167
2802600 15.161
2803500 15.157
2804400 15.154
2805300 15.151
2806200 15.149
2807100 15.148
2808000 15.148
2808900 15.148
2809800 15.149
2810700 15.151
2811600 15.154
2812500 15.157
2813400 15.161
2814300 15.166
2815200 15.172
2816100 15.178
2817000 15.184
2817900 15.191
2818800 15.199
2819700 15.206
2820600 15.214
2821500 15.221
2822400 15.228
2823300 15.236
2824200 15.243
2825100 15.251
2826000 15.258
2826900 15.266
2827800 15.273
2828700 15.279
2829600 15.287
2830500 15.293
2831400 15.299
2832300 15.305
2833200 15.311
2834100 15.317
2835000 15.323
2835900 15.327
2836800 15.333
2837700 15.337
2838600 15.34
2839500 15.345
2840400 15.346
2841300 15.349
2842200 15.351
2843100 15.352
2844000 15.352
2844900 15.352
2845800 15.351
2846700 15.349
2847600 15.348
2848500 15.345
2849400 15.342
2850300 15.339
2851200 15.336
2852100 15.331
2853000 15.327
2853900 15.321
2854800 15.317
2855700 15.311
2856600 15.305
2857500 15.297
2858400 15.291
2859300 15.284
2860200 15.275
2861100 15.267
2862000 15.258
2862900 15.249
2863800 15.24
2864700 15.231
2865600 15.223
2866500 15.214
2867400 15.203
2868300 15.194
2869200 15.184
2870100 15.175
2871000 15.164
2871900 15.155
2872800 15.145
2873700 15.136
2874600 15.125
2875500 15.116
2876400 15.106
2877300 15.097
2878200 15.088
2879100 15.079
2880000 15.07
2880900 15.063
2881800 15.055
2882700 15.048
2883600 15.04
2884500 15.034
2885400 15.028
2886300 15.022
2887200 15.018
2888100 15.013
2889000 15.009
2889900 15.006
2890800 15.003
2891700 15.001
2892600 15
2893500 15
2894400 15.001
2895300 15.003
2896200 15.006
2897100 15.01
2898000 15.016
2898900 15.024
2899800 15.031
2900700 15.042
2901600 15.054
2902500 15.067
2903400 15.084
2904300 15.102
2905200 15.121
2906100 15.143
2907000 15.167
2907900 15.191
2908800 15.218
2909700 15.246
2910600 15.275
2911500 15.303
2912400 15.333
2913300 15.361
2914200 15.391
2915100 15.421
2916000 15.451
2916900 15.481
2917800 15.511
2918700 15.54
2919600 15.57
2920500 15.599
2921400 15.627
2922300 15.654
2923200 15.679
2924100 15.703
2925000 15.727
2925900 15.748
2926800 15.767
2927700 15.785
2928600 15.801
2929500 15.816
2930400 15.83
2931300 15.84
2932200 15.849
2933100 15.857
2934000 15.863
2934900 15.865
2935800 15.868
2936700 15.868
2937600 15.867
2938500 15.864
2939400 15.86
2940300 15.854
2941200 15.846
2942100 15.839
2943000 15.828
2943900 15.818
2944800 15.806
2945700 15.792
2946600 15.779
2947500 15.763
2948400 15.748
2949300 15.73
2950200 15.712
2951100 15.694
2952000 15.675
2952900 15.654
2953800 15.633
2954700 15.611
2955600 15.588
2956500 15.564
2957400 15.54
2958300 15.517
2959200 15.491
2960100 15.466
2961000 15.44
2961900 15.414
2962800 15.388
2963700 15.361
2964600 15.334
2965500 15.309
2966400 15.282
2967300 15.257
2968200 15.233
2969100 15.209
2970000 15.187
2970900 15.166
2971800 15.145
2972700 15.127
2973600 15.111
2974500 15.097
2975400 15.085
2976300 15.075
2977200 15.067
2978100 15.063
2979000 15.061
2979900 15.061
2980800 15.066
2981700 15.073
2982600 15.084
2983500 15.097
2984400 15.115
2985300 15.136
2986200 15.161
2987100 15.188
2988000 15.22
2988900 15.254
2989800 15.291
2990700 15.331
2991600 15.375
2992500 15.42
2993400 15.466
2994300 15.515
2995200 15.564
2996100 15.615
2997000 15.666
2997900 15.718
2998800 15.77
2999700 15.822
3000600 15.874
3001500 15.925
3002400 15.974
3003300 16.022
3004200 16.07
3005100 16.114
3006000 16.156
3006900 16.196
3007800 16.235
3008700 16.269
3009600 16.302
3010500 16.33
3011400 16.357
3012300 16.379
3013200 16.4
3014100 16.418
3015000 16.435
3015900 16.448
3016800 16.458
3017700 16.467
3018600 16.473
3019500 16.478
3020400 16.481
3021300 16.482
3022200 16.482
3023100 16.479
3024000 16.475
3024900 16.469
3025800 16.461
3026700 16.452
3027600 16.441
3028500 16.429
3029400 16.414
3030300 16.399
3031200 16.381
3032100 16.363
3033000 16.344
3033900 16.323
3034800 16.301
3035700 16.278
3036600 16.253
3037500 16.228
3038400 16.202
3039300 16.174
3040200 16.146
3041100 16.117
3042000 16.088
3042900 16.056
3043800 16.025
3044700 15.994
3045600 15.961
3046500 15.928
3047400 15.895
3048300 15.863
3049200 15.828
3050100 15.794
3051000 15.761
3051900 15.727
3052800 15.694
3053700 15.663
3054600 15.631
3055500 15.602
3056400 15.572
3057300 15.545
3058200 15.518
3059100 15.493
3060000 15.47
3060900 15.448
3061800 15.429
3062700 15.411
3063600 15.396
3064500 15.382
3065400 15.37
3066300 15.361
3067200 15.357
3068100 15.354
3069000 15.354
3069900 15.358
3070800 15.366
3071700 15.376
3072600 15.391
3073500 15.411
3074400 15.431
3075300 15.457
3076200 15.484
3077100 15.514
3078000 15.545
3078900 15.578
3079800 15.612
3080700 15.648
3081600 15.684
3082500 15.718
3083400 15.754
3084300 15.788
3085200 15.822
3086100 15.855
3087000 15.888
3087900 15.919
3088800 15.947
3089700 15.976
3090600 16.003
3091500 16.028
3092400 16.05
3093300 16.071
3094200 16.091
3095100 16.108
3096000 16.123
3096900 16.137
3097800 16.149
3098700 16.158
3099600 16.165
3100500 16.169
3101400 16.172
3102300 16.172
3103200 16.172
3104100 16.169
3105000 16.165
3105900 16.161
3106800 16.153
3107700 16.146
3108600 16.137
3109500 16.126
3110400 16.114
3111300 16.101
3112200 16.086
3113100 16.071
3114000 16.053
3114900 16.035
3115800 16.016
3116700 15.995
3117600 15.974
3118500 15.95
3119400 15.927
3120300 15.901
3121200 15.876
3122100 15.849
3123000 15.821
3123900 15.792
3124800 15.763
3125700 15.733
3126600 15.701
3127500 15.67
3128400 15.639
3129300 15.605
3130200 15.572
3131100 15.537
3132000 15.502
3132900 15.467
3133800 15.431
3134700 15.396
3135600 15.36
3136500 15.324
3137400 15.29
3138300 15.254
3139200 15.22
3140100 15.187
3141000 15.154
3141900 15.122
3142800 15.093
3143700 15.064
3144600 15.039
3145500 15.013
3146400 14.991
3147300 14.972
3148200 14.954
3149100 14.939
3150000 14.927
3150900 14.916
3151800 14.909
3152700 14.903
3153600 14.9
3154500 14.898
3155400 14.9
3156300 14.903
3157200 14.91
3158100 14.921
3159000 14.936
3159900 14.954
3160800 14.976
3161700 15.001
3162600 15.03
3163500 15.061
3164400 15.094
3165300 15.128
3166200 15.161
3167100 15.194
3168000 15.225
3168900 15.254
3169800 15.282
3170700 15.309
3171600 15.336
3172500 15.363
3173400 15.388
3174300 15.415
3175200 15.442
3176100 15.467
3177000 15.494
3177900 15.518
3178800 15.543
3179700 15.566
3180600 15.587
3181500 15.608
3182400 15.625
3183300 15.643
3184200 15.658
3185100 15.673
3186000 15.685
3186900 15.697
3187800 15.707
3188700 15.715
3189600 15.722
3190500 15.727
3191400 15.73
3192300 15.731
3193200 15.73
3194100 15.727
3195000 15.722
3195900 15.716
3196800 15.707
3197700 15.697
3198600 15.687
3199500 15.673
3200400 15.66
3201300 15.645
3202200 15.63
3203100 15.613
3204000 15.596
3204900 15.579
3205800 15.56
3206700 15.542
3207600 15.523
3208500 15.503
3209400 15.482
3210300 15.461
3211200 15.439
3212100 15.417
3213000 15.394
3213900 15.37
3214800 15.345
3215700 15.32
3216600 15.294
3217500 15.267
3218400 15.24
3219300 15.214
3220200 15.187
3221100 15.158
3222000 15.13
3222900 15.102
3223800 15.075
3224700 15.048
3225600 15.021
3226500 14.994
3227400 14.97
3228300 14.945
3229200 14.922
3230100 14.9
3231000 14.88
3231900 14.862
3232800 14.846
3233700 14.831
3234600 14.818
3235500 14.807
3236400 14.797
3237300 14.786
3238200 14.779
3239100 14.773
3240000 14.77
3240900 14.768
3241800 14.771
3242700 14.777
3243600 14.786
3244500 14.8
3245400 14.816
3246300 14.834
3247200 14.856
3248100 14.88
3249000 14.907
3249900 14.936
3250800 14.967
3251700 15.001
3252600 15.036
3253500 15.073
3254400 15.111
3255300 15.151
3256200 15.191
3257100 15.231
3258000 15.273
3258900 15.315
3259800 15.357
3260700 15.4
3261600 15.44
3262500 15.482
3263400 15.523
3264300 15.561
3265200 15.599
3266100 15.634
3267000 15.667
3267900 15.7
3268800 15.73
3269700 15.757
3270600 15.782
3271500 15.804
3272400 15.825
3273300 15.843
3274200 15.86
3275100 15.874
3276000 15.886
3276900 15.897
3277800 15.904
3278700 15.91
3279600 15.915
3280500 15.916
3281400 15.916
3282300 15.915
3283200 15.91
3284100 15.904
3285000 15.897
3285900 15.888
3286800 15.877
3287700 15.865
3288600 15.852
3289500 15.837
3290400 15.822
3291300 15.804
3292200 15.785
3293100 15.766
3294000 15.745
3294900 15.722
3295800 15.7
3296700 15.676
3297600 15.651
3298500 15.625
3299400 15.599
3300300 15.57
3301200 15.543
3302100 15.514
3303000 15.484
3303900 15.454
3304800 15.424
3305700 15.393
3306600 15.361
3307500 15.33
3308400 15.297
3309300 15.266
3310200 15.233
3311100 15.202
3312000 15.17
3312900 15.139
3313800 15.109
3314700 15.081
3315600 15.052
3316500 15.027
3317400 15.001
3318300 14.979
3319200 14.96
3320100 14.942
3321000 14.925
3321900 14.913
3322800 14.903
3323700 14.895
3324600 14.891
3325500 14.889
3326400 14.889
3327300 14.894
3328200 14.901
3329100 14.912
3330000 14.927
3330900 14.946
3331800 14.969
3332700 14.995
