0 14.0448230123115
900 14.045
1800 14.047
2700 14.05
3600 14.053
4500 14.054
5400 14.057
6300 14.059
7200 14.059
8100 14.06
9000 14.062
9900 14.062
10800 14.062
11700 14.062
12600 14.063
13500 14.066
14400 14.068
15300 14.077
16200 14.081
17100 14.083
18000 14.089
18900 14.083
19800 14.08
20700 14.077
21600 14.072
22500 14.063
23400 14.057
24300 14.05
25200 14.042
26100 14.036
27000 14.032
27900 14.027
28800 14.029
29700 14.044
30600 14.06
31500 14.075
32400 14.087
33300 14.105
34200 14.128
35100 14.15
36000 14.15
36900 14.155
37800 14.153
38700 14.147
39600 14.137
40500 14.126
41400 14.11
42300 14.095
43200 14.077
44100 14.063
45000 14.054
45900 14.051
46800 14.069
47700 14.123
48600 14.203
49500 14.265
50400 14.289
51300 14.315
52200 14.322
53100 14.304
54000 14.289
54900 14.282
55800 14.276
56700 14.274
57600 14.258
58500 14.225
59400 14.183
60300 14.137
61200 14.093
62100 14.054
63000 14.023
63900 13.997
64800 13.972
65700 13.94
66600 13.904
67500 13.864
68400 13.825
69300 13.78
70200 13.747
71100 13.724
72000 13.696
72900 13.67
73800 13.646
74700 13.619
75600 13.602
76500 13.587
77400 13.572
78300 13.563
79200 13.557
80100 13.547
81000 13.554
81900 13.563
82800 13.572
83700 13.578
84600 13.584
85500 13.589
86400 13.59
87300 13.589
88200 13.581
89100 13.574
90000 13.571
90900 13.563
91800 13.554
92700 13.544
93600 13.532
94500 13.518
95400 13.512
96300 13.506
97200 13.496
98100 13.491
99000 13.484
99900 13.475
100800 13.464
101700 13.451
102600 13.44
103500 13.428
104400 13.418
105300 13.406
106200 13.397
107100 13.389
108000 13.383
108900 13.383
109800 13.385
110700 13.392
111600 13.406
112500 13.427
113400 13.457
114300 13.497
115200 13.542
116100 13.593
117000 13.652
117900 13.729
118800 13.81
119700 13.892
120600 13.969
121500 14.053
122400 14.141
123300 14.225
124200 14.303
125100 14.394
126000 14.459
126900 14.536
127800 14.605
128700 14.632
129600 14.656
130500 14.628
131400 14.613
132300 14.647
133200 14.632
134100 14.634
135000 14.617
135900 14.611
136800 14.566
137700 14.472
138600 14.378
139500 14.297
140400 14.286
141300 14.229
142200 14.165
143100 14.093
144000 14.017
144900 13.954
145800 13.901
146700 13.85
147600 13.798
148500 13.75
149400 13.694
150300 13.617
151200 13.53
152100 13.466
153000 13.428
153900 13.413
154800 13.403
155700 13.395
156600 13.397
157500 13.406
158400 13.421
159300 13.437
160200 13.445
161100 13.442
162000 13.439
162900 13.431
163800 13.418
164700 13.403
165600 13.394
166500 13.392
167400 13.398
168300 13.406
169200 13.415
170100 13.424
171000 13.433
171900 13.442
172800 13.448
173700 13.452
174600 13.451
175500 13.451
176400 13.449
177300 13.448
178200 13.448
179100 13.448
180000 13.449
180900 13.449
181800 13.446
182700 13.445
183600 13.442
184500 13.442
185400 13.442
186300 13.442
187200 13.44
188100 13.436
189000 13.427
189900 13.418
190800 13.404
191700 13.392
192600 13.379
193500 13.364
194400 13.348
195300 13.329
196200 13.312
197100 13.306
198000 13.305
198900 13.303
199800 13.311
200700 13.326
201600 13.348
202500 13.379
203400 13.416
204300 13.451
205200 13.469
206100 13.509
207000 13.569
207900 13.635
208800 13.69
209700 13.732
210600 13.771
211500 13.865
212400 13.948
213300 14.005
214200 14.024
215100 14.039
216000 14.066
216900 14.108
217800 14.156
218700 14.207
219600 14.241
220500 14.206
221400 14.158
222300 14.114
223200 14.086
224100 14.077
225000 14.029
225900 13.964
226800 13.912
227700 13.859
228600 13.831
229500 13.808
230400 13.78
231300 13.765
232200 13.763
233100 13.76
234000 13.75
234900 13.769
235800 13.79
236700 13.813
237600 13.841
238500 13.847
239400 13.819
240300 13.762
241200 13.688
242100 13.608
243000 13.52
243900 13.427
244800 13.351
245700 13.315
246600 13.294
247500 13.273
248400 13.246
249300 13.213
250200 13.184
251100 13.156
252000 13.123
252900 13.087
253800 13.054
254700 13.035
255600 13.037
256500 13.048
257400 13.067
258300 13.094
259200 13.127
260100 13.162
261000 13.194
261900 13.221
262800 13.239
263700 13.249
264600 13.254
265500 13.258
266400 13.26
267300 13.26
268200 13.258
269100 13.255
270000 13.255
270900 13.252
271800 13.249
272700 13.248
273600 13.249
274500 13.252
275400 13.254
276300 13.254
277200 13.252
278100 13.248
279000 13.243
279900 13.236
280800 13.23
281700 13.225
282600 13.221
283500 13.216
284400 13.218
285300 13.225
286200 13.234
287100 13.248
288000 13.267
288900 13.296
289800 13.336
290700 13.388
291600 13.449
292500 13.515
293400 13.589
294300 13.664
295200 13.739
296100 13.811
297000 13.883
297900 13.966
298800 14.038
299700 14.099
300600 14.141
301500 14.149
302400 14.158
303300 14.195
304200 14.252
305100 14.307
306000 14.36
306900 14.411
307800 14.459
308700 14.487
309600 14.501
310500 14.498
311400 14.484
312300 14.487
313200 14.487
314100 14.474
315000 14.444
315900 14.4
316800 14.337
317700 14.27
318600 14.189
319500 14.11
320400 14.035
321300 13.96
322200 13.889
323100 13.835
324000 13.789
324900 13.735
325800 13.66
326700 13.566
327600 13.476
328500 13.418
329400 13.395
330300 13.397
331200 13.401
332100 13.388
333000 13.36
333900 13.335
334800 13.32
335700 13.317
336600 13.326
337500 13.347
338400 13.373
339300 13.397
340200 13.421
341100 13.443
342000 13.467
342900 13.493
343800 13.524
344700 13.562
345600 13.604
346500 13.642
347400 13.675
348300 13.705
349200 13.733
350100 13.759
351000 13.783
351900 13.801
352800 13.817
353700 13.832
354600 13.844
355500 13.855
356400 13.867
357300 13.88
358200 13.894
359100 13.904
360000 13.918
360900 13.927
361800 13.933
362700 13.939
363600 13.942
364500 13.945
365400 13.946
366300 13.945
367200 13.942
368100 13.936
369000 13.927
369900 13.915
370800 13.903
371700 13.891
372600 13.88
373500 13.871
374400 13.864
375300 13.856
376200 13.852
377100 13.849
378000 13.849
378900 13.85
379800 13.853
380700 13.856
381600 13.862
382500 13.868
383400 13.877
384300 13.895
385200 13.913
386100 13.931
387000 13.958
387900 14.003
388800 14.038
389700 14.054
390600 14.069
391500 14.093
392400 14.117
393300 14.143
394200 14.159
395100 14.164
396000 14.17
396900 14.189
397800 14.211
398700 14.22
399600 14.22
400500 14.21
401400 14.197
402300 14.164
403200 14.117
404100 14.074
405000 14.033
405900 13.99
406800 13.943
407700 13.892
408600 13.844
409500 13.795
410400 13.75
411300 13.717
412200 13.705
413100 13.705
414000 13.703
414900 13.688
415800 13.667
416700 13.645
417600 13.628
418500 13.619
419400 13.625
420300 13.645
421200 13.664
422100 13.67
423000 13.658
423900 13.634
424800 13.604
425700 13.575
426600 13.553
427500 13.536
428400 13.526
429300 13.517
430200 13.506
431100 13.494
432000 13.481
432900 13.472
433800 13.47
434700 13.476
435600 13.49
436500 13.508
437400 13.529
438300 13.553
439200 13.58
440100 13.605
441000 13.625
441900 13.64
442800 13.649
443700 13.655
444600 13.66
445500 13.66
446400 13.658
447300 13.655
448200 13.649
449100 13.642
450000 13.629
450900 13.619
451800 13.605
452700 13.593
453600 13.583
454500 13.577
455400 13.575
456300 13.577
457200 13.586
458100 13.602
459000 13.625
459900 13.654
460800 13.685
461700 13.723
462600 13.757
463500 13.814
464400 13.888
465300 13.966
466200 14.044
467100 14.125
468000 14.211
468900 14.304
469800 14.399
470700 14.493
471600 14.583
472500 14.661
473400 14.734
474300 14.806
475200 14.885
476100 14.952
477000 15.009
477900 15.06
478800 15.096
479700 15.122
480600 15.131
481500 15.137
482400 15.157
483300 15.163
484200 15.167
485100 15.16
486000 15.13
486900 15.078
487800 15.018
488700 14.958
489600 14.901
490500 14.855
491400 14.816
492300 14.765
493200 14.708
494100 14.659
495000 14.628
495900 14.616
496800 14.608
497700 14.593
498600 14.565
499500 14.517
500400 14.45
501300 14.379
502200 14.313
503100 14.253
504000 14.204
504900 14.167
505800 14.141
506700 14.137
507600 14.149
508500 14.174
509400 14.206
510300 14.24
511200 14.268
512100 14.292
513000 14.313
513900 14.33
514800 14.343
515700 14.357
516600 14.37
517500 14.385
518400 14.403
519300 14.418
520200 14.432
521100 14.442
522000 14.448
522900 14.451
523800 14.453
524700 14.454
525600 14.453
526500 14.451
527400 14.453
528300 14.456
529200 14.457
530100 14.459
531000 14.462
531900 14.466
532800 14.472
533700 14.478
534600 14.486
535500 14.492
536400 14.498
537300 14.502
538200 14.506
539100 14.505
540000 14.503
540900 14.501
541800 14.496
542700 14.492
543600 14.49
544500 14.492
545400 14.495
546300 14.495
547200 14.492
548100 14.486
549000 14.478
549900 14.469
550800 14.459
551700 14.453
552600 14.447
553500 14.435
554400 14.429
555300 14.427
556200 14.418
557100 14.424
558000 14.442
558900 14.463
559800 14.509
560700 14.56
561600 14.613
562500 14.674
563400 14.732
564300 14.768
565200 14.783
566100 14.813
567000 14.809
567900 14.786
568800 14.768
569700 14.74
570600 14.711
571500 14.671
572400 14.632
573300 14.581
574200 14.53
575100 14.49
576000 14.463
576900 14.453
577800 14.466
578700 14.483
579600 14.492
580500 14.496
581400 14.498
582300 14.487
583200 14.462
584100 14.418
585000 14.355
585900 14.274
586800 14.18
587700 14.078
588600 13.984
589500 13.912
590400 13.87
591300 13.859
592200 13.876
593100 13.9
594000 13.919
594900 13.919
595800 13.897
596700 13.858
597600 13.814
598500 13.78
599400 13.756
600300 13.741
601200 13.736
602100 13.744
603000 13.759
603900 13.78
604800 13.798
605700 13.808
606600 13.811
607500 13.808
608400 13.805
609300 13.805
610200 13.807
611100 13.811
612000 13.814
612900 13.816
613800 13.817
614700 13.819
615600 13.82
616500 13.822
617400 13.825
618300 13.825
619200 13.823
620100 13.822
621000 13.82
621900 13.819
622800 13.816
623700 13.811
624600 13.804
625500 13.796
626400 13.789
627300 13.786
628200 13.783
629100 13.783
630000 13.789
630900 13.802
631800 13.822
632700 13.849
633600 13.88
634500 13.919
635400 13.961
636300 14.009
637200 14.065
638100 14.131
639000 14.195
639900 14.255
640800 14.321
641700 14.396
642600 14.486
643500 14.578
644400 14.658
645300 14.726
646200 14.786
647100 14.839
648000 14.897
648900 14.967
649800 15.043
650700 15.102
651600 15.152
652500 15.197
653400 15.243
654300 15.279
655200 15.305
656100 15.329
657000 15.357
657900 15.384
658800 15.375
659700 15.364
660600 15.358
661500 15.354
662400 15.355
663300 15.355
664200 15.336
665100 15.302
666000 15.252
666900 15.191
667800 15.116
668700 15.033
669600 14.946
670500 14.867
671400 14.806
672300 14.755
673200 14.711
674100 14.665
675000 14.614
675900 14.55
676800 14.477
677700 14.406
678600 14.351
679500 14.322
680400 14.307
681300 14.304
682200 14.309
683100 14.318
684000 14.325
684900 14.339
685800 14.361
686700 14.384
687600 14.4
688500 14.412
689400 14.42
690300 14.433
691200 14.447
692100 14.454
693000 14.448
693900 14.418
694800 14.382
695700 14.358
696600 14.346
697500 14.346
698400 14.357
699300 14.375
700200 14.399
701100 14.427
702000 14.45
702900 14.478
703800 14.487
704700 14.501
705600 14.511
706500 14.523
707400 14.53
708300 14.536
709200 14.538
710100 14.539
711000 14.538
711900 14.533
712800 14.527
713700 14.52
714600 14.512
715500 14.503
716400 14.495
717300 14.489
718200 14.486
719100 14.484
720000 14.484
720900 14.49
721800 14.503
722700 14.523
723600 14.548
724500 14.583
725400 14.635
726300 14.689
727200 14.746
728100 14.783
729000 14.842
729900 14.924
730800 15.004
731700 15.042
732600 15.037
733500 15.07
734400 15.1
735300 15.124
736200 15.166
737100 15.209
738000 15.225
738900 15.23
739800 15.225
740700 15.208
741600 15.214
742500 15.228
743400 15.236
744300 15.254
745200 15.254
746100 15.22
747000 15.17
747900 15.112
748800 15.042
749700 14.97
750600 14.898
751500 14.822
752400 14.738
753300 14.653
754200 14.569
755100 14.493
756000 14.432
756900 14.378
757800 14.33
758700 14.289
759600 14.25
760500 14.207
761400 14.164
762300 14.129
763200 14.11
764100 14.089
765000 14.074
765900 14.072
766800 14.074
767700 14.092
768600 14.128
769500 14.188
770400 14.259
771300 14.334
772200 14.42
773100 14.511
774000 14.572
774900 14.616
775800 14.641
776700 14.653
777600 14.65
778500 14.644
779400 14.637
780300 14.629
781200 14.626
782100 14.632
783000 14.635
783900 14.638
784800 14.641
785700 14.641
786600 14.64
787500 14.635
788400 14.632
789300 14.632
790200 14.632
791100 14.644
792000 14.646
792900 14.644
793800 14.647
794700 14.649
795600 14.653
796500 14.652
797400 14.655
798300 14.656
799200 14.653
800100 14.65
801000 14.647
801900 14.64
802800 14.632
803700 14.625
804600 14.62
805500 14.617
806400 14.613
807300 14.613
808200 14.62
809100 14.635
810000 14.659
810900 14.696
811800 14.738
812700 14.798
813600 14.846
814500 14.921
815400 15.01
816300 15.121
817200 15.185
818100 15.197
819000 15.175
819900 15.13
820800 15.072
821700 15.027
822600 14.997
823500 14.97
824400 14.948
825300 14.921
826200 14.883
827100 14.839
828000 14.785
828900 14.72
829800 14.661
830700 14.62
831600 14.593
832500 14.577
833400 14.571
834300 14.565
835200 14.548
836100 14.53
837000 14.521
837900 14.515
838800 14.502
839700 14.478
840600 14.438
841500 14.378
842400 14.309
843300 14.246
844200 14.189
845100 14.134
846000 14.095
846900 14.071
847800 14.056
848700 14.051
849600 14.056
850500 14.066
851400 14.081
852300 14.095
853200 14.102
854100 14.087
855000 14.078
855900 14.065
856800 14.05
857700 14.042
858600 14.042
859500 14.044
860400 14.045
861300 14.038
862200 14.02
863100 13.999
864000 13.969
864900 13.957
865800 13.943
866700 13.934
867600 13.918
868500 13.906
869400 13.892
870300 13.882
871200 13.865
872100 13.849
873000 13.834
873900 13.817
874800 13.799
875700 13.781
876600 13.771
877500 13.753
878400 13.736
879300 13.718
880200 13.706
881100 13.688
882000 13.672
882900 13.658
883800 13.645
884700 13.635
885600 13.631
886500 13.634
887400 13.64
888300 13.654
889200 13.675
890100 13.702
891000 13.729
891900 13.769
892800 13.82
893700 13.876
894600 13.936
895500 14.006
896400 14.068
897300 14.137
898200 14.229
899100 14.34
9e+05 14.445
900900 14.547
901800 14.656
902700 14.773
903600 14.876
904500 14.969
905400 15.051
906300 15.134
907200 15.211
908100 15.267
909000 15.318
909900 15.369
910800 15.405
911700 15.427
912600 15.433
913500 15.421
914400 15.396
915300 15.349
916200 15.29
917100 15.221
918000 15.14
918900 15.043
919800 14.931
920700 14.809
921600 14.682
922500 14.545
923400 14.403
924300 14.273
925200 14.14
926100 14.011
927000 13.895
927900 13.79
928800 13.685
929700 13.58
930600 13.473
931500 13.389
932400 13.324
933300 13.285
934200 13.273
935100 13.282
936000 13.3
936900 13.32
937800 13.342
938700 13.37
939600 13.398
940500 13.43
941400 13.461
942300 13.499
943200 13.538
944100 13.583
945000 13.626
945900 13.678
946800 13.729
947700 13.781
948600 13.835
949500 13.897
950400 13.963
951300 14.036
952200 14.114
953100 14.197
954000 14.276
954900 14.355
955800 14.43
956700 14.505
957600 14.577
958500 14.649
959400 14.713
960300 14.777
961200 14.833
962100 14.888
963000 14.937
963900 14.978
964800 15.012
965700 15.048
966600 15.066
967500 15.113
968400 15.121
969300 15.14
970200 15.155
971100 15.172
972000 15.173
972900 15.19
973800 15.211
974700 15.236
975600 15.26
976500 15.276
977400 15.294
978300 15.305
979200 15.314
980100 15.315
981000 15.309
981900 15.299
982800 15.294
983700 15.302
984600 15.299
985500 15.314
986400 15.331
987300 15.306
988200 15.266
989100 15.282
990000 15.305
990900 15.278
991800 15.255
992700 15.234
993600 15.211
994500 15.194
995400 15.181
996300 15.206
997200 15.251
998100 15.285
999000 15.311
999900 15.321
1000800 15.327
1001700 15.321
1002600 15.314
1003500 15.303
1004400 15.282
1005300 15.26
1006200 15.234
1007100 15.211
1008000 15.187
1008900 15.151
1009800 15.115
1010700 15.073
1011600 15.021
1012500 14.961
1013400 14.9
1014300 14.839
1015200 14.78
1016100 14.716
1017000 14.655
1017900 14.604
1018800 14.568
1019700 14.542
1020600 14.527
1021500 14.52
1022400 14.518
1023300 14.52
1024200 14.517
1025100 14.511
1026000 14.502
1026900 14.49
1027800 14.483
1028700 14.475
1029600 14.472
1030500 14.475
1031400 14.49
1032300 14.511
1033200 14.538
1034100 14.568
1035000 14.595
1035900 14.619
1036800 14.643
1037700 14.665
1038600 14.692
1039500 14.729
1040400 14.753
1041300 14.771
1042200 14.786
1043100 14.792
1044000 14.807
1044900 14.824
1045800 14.846
1046700 14.864
1047600 14.883
1048500 14.91
1049400 14.94
1050300 14.966
1051200 14.992
1052100 15.018
1053000 15.039
1053900 15.066
1054800 15.09
1055700 15.115
1056600 15.142
1057500 15.167
1058400 15.19
1059300 15.22
1060200 15.245
1061100 15.269
1062000 15.282
1062900 15.308
1063800 15.336
1064700 15.361
1065600 15.385
1066500 15.405
1067400 15.423
1068300 15.451
1069200 15.476
1070100 15.499
1071000 15.52
1071900 15.543
1072800 15.554
1073700 15.554
1074600 15.587
1075500 15.636
1076400 15.672
1077300 15.712
1078200 15.728
1079100 15.763
1080000 15.809
1080900 15.828
1081800 15.827
1082700 15.825
1083600 15.828
1084500 15.83
1085400 15.83
1086300 15.816
1087200 15.801
1088100 15.773
1089000 15.745
1089900 15.713
1090800 15.675
1091700 15.625
1092600 15.569
1093500 15.509
1094400 15.445
1095300 15.375
1096200 15.305
1097100 15.236
1098000 15.176
1098900 15.103
1099800 15.033
1100700 14.961
1101600 14.9
1102500 14.84
1103400 14.786
1104300 14.747
1105200 14.722
1106100 14.713
1107000 14.716
1107900 14.723
1108800 14.731
1109700 14.737
1110600 14.741
1111500 14.746
1112400 14.749
1113300 14.755
1114200 14.768
1115100 14.789
1116000 14.815
1116900 14.846
1117800 14.879
1118700 14.915
1119600 14.954
1120500 14.994
1121400 15.031
1122300 15.069
1123200 15.109
1124100 15.145
1125000 15.179
1125900 15.212
1126800 15.245
1127700 15.279
1128600 15.318
1129500 15.355
1130400 15.393
1131300 15.423
1132200 15.458
1133100 15.494
1134000 15.54
1134900 15.579
1135800 15.615
1136700 15.646
1137600 15.673
1138500 15.697
1139400 15.718
1140300 15.737
1141200 15.757
1142100 15.778
1143000 15.795
1143900 15.813
1144800 15.834
1145700 15.851
1146600 15.867
1147500 15.885
1148400 15.897
1149300 15.907
1150200 15.913
1151100 15.924
1152000 15.936
1152900 15.952
1153800 15.973
1154700 15.982
1155600 15.994
1156500 15.988
1157400 15.97
1158300 15.949
1159200 15.933
1160100 15.915
1161000 15.9
1161900 15.883
1162800 15.863
1163700 15.839
1164600 15.827
1165500 15.825
1166400 15.825
1167300 15.851
1168200 15.886
1169100 15.895
1170000 15.942
1170900 15.976
1171800 16.019
1172700 16.046
1173600 16.074
1174500 16.093
1175400 16.107
1176300 16.114
1177200 16.129
1178100 16.143
1179000 16.14
1179900 16.117
1180800 16.096
1181700 16.08
1182600 16.056
1183500 16.023
1184400 15.982
1185300 15.939
1186200 15.892
1187100 15.839
1188000 15.775
1188900 15.715
1189800 15.661
1190700 15.613
1191600 15.563
1192500 15.506
1193400 15.448
1194300 15.394
1195200 15.346
1196100 15.303
1197000 15.261
1197900 15.225
1198800 15.197
1199700 15.181
1200600 15.178
1201500 15.187
1202400 15.205
1203300 15.227
1204200 15.252
1205100 15.276
1206000 15.297
1206900 15.317
1207800 15.333
1208700 15.349
1209600 15.363
1210500 15.376
1211400 15.39
1212300 15.403
1213200 15.414
1214100 15.421
1215000 15.424
1215900 15.427
1216800 15.43
1217700 15.431
1218600 15.434
1219500 15.437
1220400 15.443
1221300 15.451
1222200 15.461
1223100 15.472
1224000 15.485
1224900 15.497
1225800 15.512
1226700 15.53
1227600 15.549
1228500 15.569
1229400 15.59
1230300 15.615
1231200 15.64
1232100 15.666
1233000 15.691
1233900 15.716
1234800 15.739
1235700 15.764
1236600 15.789
1237500 15.813
1238400 15.839
1239300 15.865
1240200 15.891
1241100 15.915
1242000 15.937
1242900 15.961
1243800 15.985
1244700 16.006
1245600 16.032
1246500 16.089
1247400 16.153
1248300 16.222
1249200 16.274
1250100 16.342
1251000 16.42
1251900 16.496
1252800 16.543
1253700 16.572
1254600 16.589
1255500 16.637
1256400 16.71
1257300 16.775
1258200 16.734
1259100 16.719
1260000 16.74
1260900 16.726
1261800 16.688
1262700 16.667
1263600 16.634
1264500 16.628
1265400 16.633
1266300 16.622
1267200 16.592
1268100 16.558
1269000 16.505
1269900 16.452
1270800 16.393
1271700 16.35
1272600 16.305
1273500 16.269
1274400 16.254
1275300 16.268
1276200 16.286
1277100 16.293
1278000 16.275
1278900 16.242
1279800 16.213
1280700 16.192
1281600 16.172
1282500 16.146
1283400 16.107
1284300 16.058
1285200 16.006
1286100 15.964
1287000 15.942
1287900 15.943
1288800 15.968
1289700 16.007
1290600 16.044
1291500 16.077
1292400 16.105
1293300 16.134
1294200 16.161
1295100 16.192
1296000 16.232
1296900 16.269
1297800 16.304
1298700 16.332
1299600 16.356
1300500 16.376
1301400 16.4
1302300 16.418
1303200 16.432
1304100 16.442
1305000 16.452
1305900 16.454
1306800 16.452
1307700 16.446
1308600 16.441
1309500 16.427
1310400 16.417
1311300 16.403
1312200 16.391
1313100 16.375
1314000 16.356
1314900 16.333
1315800 16.312
1316700 16.293
1317600 16.274
1318500 16.259
1319400 16.247
1320300 16.239
1321200 16.239
1322100 16.247
1323000 16.268
1323900 16.298
1324800 16.336
1325700 16.39
1326600 16.448
1327500 16.51
1328400 16.582
1329300 16.652
1330200 16.726
1331100 16.805
1332000 16.891
1332900 16.973
1333800 17.055
1334700 17.134
1335600 17.217
1336500 17.296
1337400 17.363
1338300 17.416
1339200 17.455
1340100 17.46
1341000 17.476
1341900 17.51
1342800 17.543
1343700 17.574
1344600 17.625
1345500 17.656
1346400 17.684
1347300 17.717
1348200 17.76
1349100 17.8
1350000 17.834
1350900 17.859
1351800 17.862
1352700 17.855
1353600 17.825
1354500 17.785
1355400 17.729
1356300 17.674
1357200 17.613
1358100 17.535
1359000 17.446
1359900 17.369
1360800 17.309
1361700 17.271
1362600 17.245
1363500 17.214
1364400 17.153
1365300 17.077
1366200 17.013
1367100 16.981
1368000 16.972
1368900 16.973
1369800 16.969
1370700 16.952
1371600 16.944
1372500 16.954
1373400 16.984
1374300 17.027
1375200 17.061
1376100 17.073
1377000 17.063
1377900 17.058
1378800 17.07
1379700 17.1
1380600 17.126
1381500 17.15
1382400 17.171
1383300 17.18
1384200 17.182
1385100 17.183
1386000 17.167
1386900 17.15
1387800 17.134
1388700 17.119
1389600 17.11
1390500 17.106
1391400 17.106
1392300 17.103
1393200 17.101
1394100 17.1
1395000 17.095
1395900 17.092
1396800 17.083
1397700 17.071
1398600 17.052
1399500 17.028
1400400 17.003
1401300 16.975
1402200 16.949
1403100 16.927
1404000 16.908
1404900 16.893
1405800 16.88
1406700 16.863
1407600 16.853
1408500 16.853
1409400 16.86
1410300 16.871
1411200 16.89
1412100 16.921
1413000 16.961
1413900 17.013
1414800 17.071
1415700 17.138
1416600 17.208
1417500 17.286
1418400 17.366
1419300 17.449
1420200 17.537
1421100 17.626
1422000 17.714
1422900 17.799
1423800 17.88
1424700 17.958
1425600 18.02
1426500 18.073
1427400 18.12
1428300 18.157
1429200 18.195
1430100 18.24
1431000 18.267
1431900 18.28
1432800 18.276
1433700 18.262
1434600 18.237
1435500 18.206
1436400 18.167
1437300 18.12
1438200 18.063
1439100 17.995
1440000 17.919
1440900 17.836
1441800 17.745
1442700 17.647
1443600 17.546
1444500 17.446
1445400 17.348
1446300 17.248
1447200 17.147
1448100 17.045
1449000 16.944
1449900 16.854
1450800 16.774
1451700 16.708
1452600 16.667
1453500 16.655
1454400 16.674
1455300 16.719
1456200 16.778
1457100 16.839
1458000 16.9
1458900 16.958
1459800 17.009
1460700 17.066
1461600 17.121
1462500 17.174
1463400 17.223
1464300 17.271
1465200 17.312
1466100 17.351
1467000 17.396
1467900 17.437
1468800 17.48
1469700 17.525
1470600 17.573
1471500 17.62
1472400 17.665
1473300 17.706
1474200 17.748
1475100 17.791
1476000 17.831
1476900 17.873
1477800 17.917
1478700 17.95
1479600 17.993
1480500 18.021
1481400 18.045
1482300 18.069
1483200 18.085
1484100 18.09
1485000 18.094
1485900 18.099
1486800 18.1
1487700 18.097
1488600 18.093
1489500 18.091
1490400 18.091
1491300 18.09
1492200 18.09
1493100 18.087
1494000 18.084
1494900 18.085
1495800 18.091
1496700 18.1
1497600 18.115
1498500 18.136
1499400 18.161
1500300 18.188
1501200 18.222
1502100 18.271
1503000 18.341
1503900 18.435
1504800 18.51
1505700 18.57
1506600 18.634
1507500 18.683
1508400 18.735
1509300 18.784
1510200 18.818
1511100 18.843
1512000 18.833
1512900 18.828
1513800 18.815
1514700 18.806
1515600 18.79
1516500 18.781
1517400 18.732
1518300 18.677
1519200 18.617
1520100 18.549
1521000 18.478
1521900 18.427
1522800 18.393
1523700 18.359
1524600 18.326
1525500 18.267
1526400 18.207
1527300 18.154
1528200 18.103
1529100 18.047
1530000 17.987
1530900 17.943
1531800 17.9
1532700 17.852
1533600 17.809
1534500 17.761
1535400 17.718
1536300 17.68
1537200 17.636
1538100 17.596
1539000 17.558
1539900 17.526
1540800 17.503
1541700 17.486
1542600 17.473
1543500 17.458
1544400 17.443
1545300 17.425
1546200 17.405
1547100 17.384
1548000 17.363
1548900 17.341
1549800 17.32
1550700 17.302
1551600 17.29
1552500 17.284
1553400 17.277
1554300 17.271
1555200 17.266
1556100 17.265
1557000 17.266
1557900 17.269
1558800 17.274
1559700 17.28
1560600 17.284
1561500 17.289
1562400 17.29
1563300 17.289
1564200 17.283
1565100 17.275
1566000 17.269
1566900 17.26
1567800 17.251
1568700 17.244
1569600 17.235
1570500 17.225
1571400 17.214
1572300 17.204
1573200 17.195
1574100 17.184
1575000 17.174
1575900 17.164
1576800 17.156
1577700 17.15
1578600 17.149
1579500 17.155
1580400 17.17
1581300 17.189
1582200 17.213
1583100 17.244
1584000 17.275
1584900 17.299
1585800 17.326
1586700 17.361
1587600 17.413
1588500 17.464
1589400 17.522
1590300 17.553
1591200 17.596
1592100 17.629
1593000 17.697
1593900 17.784
1594800 17.871
1595700 17.94
1596600 18.007
1597500 18.065
1598400 18.079
1599300 18.105
1600200 18.112
1601100 18.09
1602000 18.048
1602900 18.029
1603800 18.007
1604700 17.981
1605600 17.966
1606500 17.962
1607400 17.941
1608300 17.906
1609200 17.858
1610100 17.799
1611000 17.73
1611900 17.65
1612800 17.567
1613700 17.482
1614600 17.394
1615500 17.306
1616400 17.222
1617300 17.134
1618200 17.046
1619100 16.958
1620000 16.866
1620900 16.774
1621800 16.68
1622700 16.589
1623600 16.502
1624500 16.417
1625400 16.338
1626300 16.266
1627200 16.217
1628100 16.195
1629000 16.195
1629900 16.207
1630800 16.225
1631700 16.241
1632600 16.253
1633500 16.262
1634400 16.266
1635300 16.268
1636200 16.268
1637100 16.266
1638000 16.262
1638900 16.257
1639800 16.256
1640700 16.256
1641600 16.256
1642500 16.257
1643400 16.257
1644300 16.259
1645200 16.26
1646100 16.26
1647000 16.26
1647900 16.262
1648800 16.262
1649700 16.262
1650600 16.259
1651500 16.256
1652400 16.254
1653300 16.254
1654200 16.254
1655100 16.254
1656000 16.254
1656900 16.254
1657800 16.253
1658700 16.253
1659600 16.253
1660500 16.257
1661400 16.266
1662300 16.278
1663200 16.293
1664100 16.314
1665000 16.338
1665900 16.366
1666800 16.399
1667700 16.435
1668600 16.473
1669500 16.516
1670400 16.57
1671300 16.634
1672200 16.694
1673100 16.756
1674000 16.805
1674900 16.856
1675800 16.921
1676700 16.997
1677600 17.074
1678500 17.137
1679400 17.229
1680300 17.339
1681200 17.451
1682100 17.54
1683000 17.599
1683900 17.689
1684800 17.788
1685700 17.874
1686600 17.935
1687500 17.983
1688400 18.005
1689300 18.014
1690200 18.007
1691100 17.987
1692000 17.953
1692900 17.904
1693800 17.845
1694700 17.776
1695600 17.696
1696500 17.604
1697400 17.501
1698300 17.393
1699200 17.278
1700100 17.167
1701000 17.049
1701900 16.92
1702800 16.789
1703700 16.676
1704600 16.566
1705500 16.455
1706400 16.351
1707300 16.251
1708200 16.161
1709100 16.082
1710000 16.015
1710900 15.968
1711800 15.939
1712700 15.927
1713600 15.928
1714500 15.937
1715400 15.953
1716300 15.977
1717200 16.007
1718100 16.041
1719000 16.074
1719900 16.107
1720800 16.135
1721700 16.162
1722600 16.186
1723500 16.208
1724400 16.231
1725300 16.254
1726200 16.28
1727100 16.304
1728000 16.326
1728900 16.348
1729800 16.365
1730700 16.379
1731600 16.388
1732500 16.396
1733400 16.402
1734300 16.408
1735200 16.411
1736100 16.412
1737000 16.414
1737900 16.415
1738800 16.414
1739700 16.414
1740600 16.411
1741500 16.409
1742400 16.406
1743300 16.403
1744200 16.399
1745100 16.394
1746000 16.388
1746900 16.382
1747800 16.378
1748700 16.372
1749600 16.369
1750500 16.371
1751400 16.376
1752300 16.387
1753200 16.403
1754100 16.426
1755000 16.454
1755900 16.487
1756800 16.522
1757700 16.567
1758600 16.619
1759500 16.679
1760400 16.744
1761300 16.814
1762200 16.887
1763100 16.966
1764000 17.049
1764900 17.137
1765800 17.228
1766700 17.317
1767600 17.405
1768500 17.489
1769400 17.571
1770300 17.65
1771200 17.721
1772100 17.787
1773000 17.845
1773900 17.9
1774800 17.943
1775700 17.978
1776600 18.013
1777500 18.057
1778400 18.093
1779300 18.105
1780200 18.1
1781100 18.094
1782000 18.097
1782900 18.096
1783800 18.09
1784700 18.071
1785600 18.056
1786500 18.044
1787400 18.036
1788300 18.033
1789200 18.032
1790100 18.038
1791000 18.056
1791900 18.085
1792800 18.117
1793700 18.142
1794600 18.166
1795500 18.186
1796400 18.198
1797300 18.188
1798200 18.161
1799100 18.137
1800000 18.118
1800900 18.105
1801800 18.091
1802700 18.079
1803600 18.06
1804500 18.035
1805400 18.002
1806300 17.962
1807200 17.913
1808100 17.859
1809000 17.804
1809900 17.749
1810800 17.694
1811700 17.644
1812600 17.599
1813500 17.562
1814400 17.529
1815300 17.5
1816200 17.473
1817100 17.449
1818000 17.43
1818900 17.412
1819800 17.397
1820700 17.382
1821600 17.369
1822500 17.351
1823400 17.333
1824300 17.312
1825200 17.293
1826100 17.274
1827000 17.253
1827900 17.234
1828800 17.216
1829700 17.198
1830600 17.179
1831500 17.161
1832400 17.146
1833300 17.132
1834200 17.119
1835100 17.106
1836000 17.094
1836900 17.082
1837800 17.067
1838700 17.055
1839600 17.045
1840500 17.034
1841400 17.024
1842300 17.012
1843200 17.002
1844100 16.993
1845000 16.988
1845900 16.985
1846800 16.982
1847700 16.979
1848600 16.984
1849500 16.994
1850400 17.005
1851300 17.018
1852200 17.033
1853100 17.058
1854000 17.113
1854900 17.193
1855800 17.292
1856700 17.385
1857600 17.461
1858500 17.525
1859400 17.565
1860300 17.59
1861200 17.602
1862100 17.636
1863000 17.693
1863900 17.76
1864800 17.831
1865700 17.894
1866600 17.938
1867500 17.971
1868400 17.987
1869300 17.98
1870200 17.952
1871100 17.923
1872000 17.892
1872900 17.854
1873800 17.809
1874700 17.769
1875600 17.738
1876500 17.715
1877400 17.696
1878300 17.678
1879200 17.657
1880100 17.631
1881000 17.598
1881900 17.558
1882800 17.513
1883700 17.467
1884600 17.421
1885500 17.382
1886400 17.353
1887300 17.33
1888200 17.315
1889100 17.3
1890000 17.281
1890900 17.247
1891800 17.205
1892700 17.17
1893600 17.158
1894500 17.167
1895400 17.19
1896300 17.217
1897200 17.241
1898100 17.254
1899000 17.256
1899900 17.247
1900800 17.232
1901700 17.216
1902600 17.198
1903500 17.18
1904400 17.164
1905300 17.146
1906200 17.129
1907100 17.113
1908000 17.097
1908900 17.079
1909800 17.058
1910700 17.037
1911600 17.018
1912500 17.003
1913400 16.991
1914300 16.979
1915200 16.964
1916100 16.948
1917000 16.933
1917900 16.92
1918800 16.905
1919700 16.887
1920600 16.869
1921500 16.853
1922400 16.839
1923300 16.832
1924200 16.829
1925100 16.829
1926000 16.829
1926900 16.832
1927800 16.839
1928700 16.856
1929600 16.878
1930500 16.909
1931400 16.948
1932300 16.993
1933200 17.048
1934100 17.113
1935000 17.184
1935900 17.26
1936800 17.335
1937700 17.402
1938600 17.469
1939500 17.529
1940400 17.598
1941300 17.672
1942200 17.735
1943100 17.769
1944000 17.788
1944900 17.824
1945800 17.867
1946700 17.916
1947600 17.966
1948500 18.002
1949400 18.014
1950300 18.017
1951200 18.035
1952100 18.041
1953000 18.017
1953900 17.987
1954800 17.98
1955700 17.992
1956600 17.995
1957500 17.961
1958400 17.895
1959300 17.815
1960200 17.721
1961100 17.619
1962000 17.524
1962900 17.439
1963800 17.361
1964700 17.293
1965600 17.229
1966500 17.167
1967400 17.107
1968300 17.055
1969200 17.005
1970100 16.955
1971000 16.908
1971900 16.857
1972800 16.801
1973700 16.737
1974600 16.674
1975500 16.609
1976400 16.54
1977300 16.473
1978200 16.414
1979100 16.369
1980000 16.341
1980900 16.33
1981800 16.332
1982700 16.335
1983600 16.332
1984500 16.32
1985400 16.299
1986300 16.272
1987200 16.242
1988100 16.216
1989000 16.189
1989900 16.162
1990800 16.134
1991700 16.102
1992600 16.071
1993500 16.041
1994400 16.019
1995300 16.001
1996200 15.992
1997100 15.988
1998000 15.985
1998900 15.983
1999800 15.986
2000700 15.995
2001600 16.01
2002500 16.031
2003400 16.056
2004300 16.086
2005200 16.117
2006100 16.153
2007000 16.19
2007900 16.231
2008800 16.274
2009700 16.323
2010600 16.376
2011500 16.445
2012400 16.51
2013300 16.579
2014200 16.643
2015100 16.714
2016000 16.79
2016900 16.868
2017800 16.949
2018700 17.042
2019600 17.143
2020500 17.253
2021400 17.369
2022300 17.488
2023200 17.605
2024100 17.72
2025000 17.845
2025900 17.955
2026800 18.038
2027700 18.1
2028600 18.149
2029500 18.189
2030400 18.23
2031300 18.256
2032200 18.268
2033100 18.25
2034000 18.235
2034900 18.247
2035800 18.273
2036700 18.29
2037600 18.308
2038500 18.319
2039400 18.302
2040300 18.277
2041200 18.27
2042100 18.259
2043000 18.225
2043900 18.198
2044800 18.188
2045700 18.185
2046600 18.18
2047500 18.172
2048400 18.158
2049300 18.14
2050200 18.118
2051100 18.102
2052000 18.087
2052900 18.062
2053800 18.035
2054700 18.002
2055600 17.965
2056500 17.928
2057400 17.898
2058300 17.877
2059200 17.862
2060100 17.851
2061000 17.842
2061900 17.837
2062800 17.839
2063700 17.842
2064600 17.848
2065500 17.849
2066400 17.845
2067300 17.836
2068200 17.83
2069100 17.827
2070000 17.831
2070900 17.839
2071800 17.848
2072700 17.858
2073600 17.874
2074500 17.897
2075400 17.922
2076300 17.949
2077200 17.975
2078100 18.004
2079000 18.03
2079900 18.056
2080800 18.076
2081700 18.094
2082600 18.106
2083500 18.114
2084400 18.178
2085300 18.191
2086200 18.198
2087100 18.203
2088000 18.204
2088900 18.201
2089800 18.197
2090700 18.192
2091600 18.188
2092500 18.186
2093400 18.191
2094300 18.198
2095200 18.21
2096100 18.227
2097000 18.244
2097900 18.267
2098800 18.293
2099700 18.323
2100600 18.351
2101500 18.384
2102400 18.42
2103300 18.457
2104200 18.496
2105100 18.525
2106000 18.559
2106900 18.6
2107800 18.644
2108700 18.704
2109600 18.754
2110500 18.794
2111400 18.833
2112300 18.885
2113200 18.928
2114100 18.959
2115000 18.982
2115900 18.992
2116800 18.999
2117700 19.01
2118600 19.013
2119500 19.004
2120400 18.982
2121300 18.965
2122200 18.932
2123100 18.892
2124000 18.848
2124900 18.811
2125800 18.762
2126700 18.72
2127600 18.686
2128500 18.64
2129400 18.595
2130300 18.565
2131200 18.534
2132100 18.493
2133000 18.455
2133900 18.429
2134800 18.405
2135700 18.392
2136600 18.393
2137500 18.4
2138400 18.408
2139300 18.42
2140200 18.435
2141100 18.454
2142000 18.481
2142900 18.515
2143800 18.556
2144700 18.607
2145600 18.659
2146500 18.705
2147400 18.741
2148300 18.766
2149200 18.785
2150100 18.791
2151000 18.799
2151900 18.805
2152800 18.805
2153700 18.802
2154600 18.802
2155500 18.803
2156400 18.805
2157300 18.805
2158200 18.805
2159100 18.803
2160000 18.805
2160900 18.809
2161800 18.815
2162700 18.822
2163600 18.831
2164500 18.842
2165400 18.851
2166300 18.86
2167200 18.872
2168100 18.88
2169000 18.888
2169900 18.897
2170800 18.906
2171700 18.913
2172600 18.921
2173500 18.928
2174400 18.937
2175300 18.943
2176200 18.944
2177100 18.944
2178000 18.938
2178900 18.928
2179800 18.913
2180700 18.892
2181600 18.866
2182500 18.837
2183400 18.803
2184300 18.765
2185200 18.724
2186100 18.683
2187000 18.643
2187900 18.604
2188800 18.576
2189700 18.567
2190600 18.564
2191500 18.552
2192400 18.548
2193300 18.57
2194200 18.591
2195100 18.626
2196000 18.644
2196900 18.675
2197800 18.702
2198700 18.723
2199600 18.742
2200500 18.765
2201400 18.802
2202300 18.831
2203200 18.849
2204100 18.849
2205000 18.846
2205900 18.833
2206800 18.806
2207700 18.77
2208600 18.735
2209500 18.708
2210400 18.655
2211300 18.622
2212200 18.613
2213100 18.595
2214000 18.571
2214900 18.565
2215800 18.562
2216700 18.562
2217600 18.568
2218500 18.571
2219400 18.589
2220300 18.623
2221200 18.66
2222100 18.69
2223000 18.718
2223900 18.745
2224800 18.779
2225700 18.811
2226600 18.846
2227500 18.879
2228400 18.912
2229300 18.949
2230200 18.976
2231100 18.999
2232000 19.019
2232900 19.039
2233800 19.062
2234700 19.089
2235600 19.118
2236500 19.154
2237400 19.191
2238300 19.227
2239200 19.265
2240100 19.3
2241000 19.329
2241900 19.356
2242800 19.368
2243700 19.375
2244600 19.38
2245500 19.384
2246400 19.387
2247300 19.392
2248200 19.399
2249100 19.399
2250000 19.398
2250900 19.395
2251800 19.386
2252700 19.375
2253600 19.362
2254500 19.346
2255400 19.325
2256300 19.303
2257200 19.277
2258100 19.248
2259000 19.215
2259900 19.184
2260800 19.151
2261700 19.114
2262600 19.071
2263500 19.02
2264400 18.967
2265300 18.91
2266200 18.852
2267100 18.797
2268000 18.747
2268900 18.704
2269800 18.669
2270700 18.646
2271600 18.623
2272500 18.598
2273400 18.571
2274300 18.539
2275200 18.499
2276100 18.454
2277000 18.406
2277900 18.353
2278800 18.298
2279700 18.244
2280600 18.198
2281500 18.161
2282400 18.125
2283300 18.078
2284200 18.021
2285100 17.978
2286000 17.947
2286900 17.931
2287800 17.95
2288700 18.002
2289600 18.068
2290500 18.133
2291400 18.188
2292300 18.224
2293200 18.243
2294100 18.268
2295000 18.289
2295900 18.31
2296800 18.337
2297700 18.357
2298600 18.375
2299500 18.39
2300400 18.396
2301300 18.394
2302200 18.389
2303100 18.383
2304000 18.374
2304900 18.359
2305800 18.338
2306700 18.31
2307600 18.276
2308500 18.234
2309400 18.189
2310300 18.145
2311200 18.109
2312100 18.081
2313000 18.065
2313900 18.056
2314800 18.054
2315700 18.062
2316600 18.078
2317500 18.1
2318400 18.124
2319300 18.149
2320200 18.176
2321100 18.201
2322000 18.224
2322900 18.244
2323800 18.261
2324700 18.276
2325600 18.292
2326500 18.304
2327400 18.314
2328300 18.322
2329200 18.325
2330100 18.325
2331000 18.319
2331900 18.31
2332800 18.299
2333700 18.286
2334600 18.268
2335500 18.249
2336400 18.227
2337300 18.201
2338200 18.173
2339100 18.142
2340000 18.106
2340900 18.068
2341800 18.024
2342700 17.98
2343600 17.934
2344500 17.885
2345400 17.831
2346300 17.778
2347200 17.726
2348100 17.675
2349000 17.623
2349900 17.573
2350800 17.526
2351700 17.483
2352600 17.44
2353500 17.4
2354400 17.366
2355300 17.338
2356200 17.312
2357100 17.292
2358000 17.272
2358900 17.254
2359800 17.241
2360700 17.228
2361600 17.21
2362500 17.207
2363400 17.231
2364300 17.254
2365200 17.293
2366100 17.324
2367000 17.35
2367900 17.373
2368800 17.39
2369700 17.384
2370600 17.369
2371500 17.387
2372400 17.416
2373300 17.449
2374200 17.476
2375100 17.494
2376000 17.498
2376900 17.513
2377800 17.534
2378700 17.555
2379600 17.567
2380500 17.577
2381400 17.583
2382300 17.59
2383200 17.596
2384100 17.59
2385000 17.583
2385900 17.584
2386800 17.598
2387700 17.623
2388600 17.656
2389500 17.691
2390400 17.736
2391300 17.79
2392200 17.848
2393100 17.909
2394000 17.969
2394900 18.033
2395800 18.097
2396700 18.155
2397600 18.209
2398500 18.255
2399400 18.298
2400300 18.338
2401200 18.377
2402100 18.412
2403000 18.444
2403900 18.473
2404800 18.506
2405700 18.54
2406600 18.573
2407500 18.604
2408400 18.637
2409300 18.668
2410200 18.699
2411100 18.73
2412000 18.763
2412900 18.797
2413800 18.83
2414700 18.854
2415600 18.88
2416500 18.904
2417400 18.925
2418300 18.941
2419200 18.952
2420100 18.961
2421000 18.962
2421900 18.962
2422800 18.955
2423700 18.943
2424600 18.927
2425500 18.904
2426400 18.876
2427300 18.845
2428200 18.811
2429100 18.773
2430000 18.733
2430900 18.692
2431800 18.646
2432700 18.597
2433600 18.546
2434500 18.49
2435400 18.432
2436300 18.374
2437200 18.317
2438100 18.259
2439000 18.198
2439900 18.145
2440800 18.087
2441700 18.029
2442600 17.978
2443500 17.931
2444400 17.886
2445300 17.843
2446200 17.801
2447100 17.767
2448000 17.736
2448900 17.711
2449800 17.689
2450700 17.669
2451600 17.647
2452500 17.619
2453400 17.584
2454300 17.552
2455200 17.524
2456100 17.507
2457000 17.489
2457900 17.463
2458800 17.433
2459700 17.419
2460600 17.422
2461500 17.436
2462400 17.455
2463300 17.501
2464200 17.547
2465100 17.576
2466000 17.625
2466900 17.694
2467800 17.769
2468700 17.815
2469600 17.859
2470500 17.919
2471400 17.98
2472300 18.018
2473200 18.056
2474100 18.082
2475000 18.097
2475900 18.114
2476800 18.14
2477700 18.172
2478600 18.201
2479500 18.221
2480400 18.244
2481300 18.27
2482200 18.296
2483100 18.328
2484000 18.362
2484900 18.4
2485800 18.441
2486700 18.479
2487600 18.518
2488500 18.553
2489400 18.588
2490300 18.614
2491200 18.643
2492100 18.669
2493000 18.693
2493900 18.717
2494800 18.739
2495700 18.762
2496600 18.784
2497500 18.802
2498400 18.82
2499300 18.831
2500200 18.843
2501100 18.852
2502000 18.86
2502900 18.863
2503800 18.864
2504700 18.866
2505600 18.864
2506500 18.861
2507400 18.855
2508300 18.846
2509200 18.836
2510100 18.821
2511000 18.805
2511900 18.785
2512800 18.762
2513700 18.736
2514600 18.71
2515500 18.68
2516400 18.646
2517300 18.61
2518200 18.573
2519100 18.534
2520000 18.497
2520900 18.458
2521800 18.418
2522700 18.378
2523600 18.338
2524500 18.296
2525400 18.252
2526300 18.209
2527200 18.166
2528100 18.12
2529000 18.072
2529900 18.024
2530800 17.977
2531700 17.925
2532600 17.87
2533500 17.815
2534400 17.761
2535300 17.709
2536200 17.656
2537100 17.608
2538000 17.564
2538900 17.522
2539800 17.48
2540700 17.44
2541600 17.405
2542500 17.369
2543400 17.333
2544300 17.302
2545200 17.283
2546100 17.269
2547000 17.263
2547900 17.259
2548800 17.254
2549700 17.274
2550600 17.298
2551500 17.32
2552400 17.335
2553300 17.382
2554200 17.428
2555100 17.448
2556000 17.455
2556900 17.449
2557800 17.428
2558700 17.4
2559600 17.367
2560500 17.332
2561400 17.295
2562300 17.262
2563200 17.234
2564100 17.202
2565000 17.167
2565900 17.135
2566800 17.113
2567700 17.098
2568600 17.092
2569500 17.1
2570400 17.121
2571300 17.149
2572200 17.183
2573100 17.217
2574000 17.247
2574900 17.268
2575800 17.277
2576700 17.277
2577600 17.271
2578500 17.26
2579400 17.245
2580300 17.225
2581200 17.202
2582100 17.173
2583000 17.138
2583900 17.095
2584800 17.046
2585700 16.994
2586600 16.941
2587500 16.887
2588400 16.835
2589300 16.781
2590200 16.728
2591100 16.674
2592000 16.622
2592900 16.569
2593800 16.518
2594700 16.466
2595600 16.415
2596500 16.369
2597400 16.323
2598300 16.277
2599200 16.231
2600100 16.184
2601000 16.138
2601900 16.089
2602800 16.043
2603700 15.992
2604600 15.944
2605500 15.895
2606400 15.843
2607300 15.788
2608200 15.731
2609100 15.676
2610000 15.621
2610900 15.561
2611800 15.503
2612700 15.449
2613600 15.396
2614500 15.348
2615400 15.303
2616300 15.263
2617200 15.227
2618100 15.197
2619000 15.173
2619900 15.155
2620800 15.149
2621700 15.152
2622600 15.151
2623500 15.151
2624400 15.175
2625300 15.203
2626200 15.212
2627100 15.228
2628000 15.248
2628900 15.26
2629800 15.263
2630700 15.278
2631600 15.312
2632500 15.342
2633400 15.36
2634300 15.375
2635200 15.403
2636100 15.466
2637000 15.567
2637900 15.681
2638800 15.8
2639700 15.925
2640600 16.056
2641500 16.184
2642400 16.305
2643300 16.424
2644200 16.543
2645100 16.65
2646000 16.743
2646900 16.823
2647800 16.893
2648700 16.957
2649600 17.021
2650500 17.086
2651400 17.153
2652300 17.217
2653200 17.277
2654100 17.33
2655000 17.375
2655900 17.413
2656800 17.445
2657700 17.467
2658600 17.482
2659500 17.489
2660400 17.488
2661300 17.477
2662200 17.454
2663100 17.418
2664000 17.376
2664900 17.336
2665800 17.296
2666700 17.26
2667600 17.226
2668500 17.192
2669400 17.155
2670300 17.115
2671200 17.07
2672100 17.018
2673000 16.963
2673900 16.9
2674800 16.832
2675700 16.758
2676600 16.68
2677500 16.597
2678400 16.51
2679300 16.421
2680200 16.333
2681100 16.247
2682000 16.161
2682900 16.077
2683800 15.995
2684700 15.916
2685600 15.839
2686500 15.761
2687400 15.687
2688300 15.612
2689200 15.536
2690100 15.461
2691000 15.385
2691900 15.309
2692800 15.234
2693700 15.16
2694600 15.085
2695500 15.013
2696400 14.945
2697300 14.883
2698200 14.824
2699100 14.765
2700000 14.711
2700900 14.659
2701800 14.613
2702700 14.572
2703600 14.545
2704500 14.532
2705400 14.518
2706300 14.499
2707200 14.483
2708100 14.475
2709000 14.468
2709900 14.463
2710800 14.463
2711700 14.465
2712600 14.466
2713500 14.471
2714400 14.481
2715300 14.505
2716200 14.542
2717100 14.587
2718000 14.617
2718900 14.644
2719800 14.677
2720700 14.711
2721600 14.746
2722500 14.783
2723400 14.818
2724300 14.846
2725200 14.874
2726100 14.907
2727000 14.945
2727900 14.982
2728800 15.025
2729700 15.072
2730600 15.121
2731500 15.166
2732400 15.209
2733300 15.255
2734200 15.299
2735100 15.336
2736000 15.373
2736900 15.408
2737800 15.433
2738700 15.457
2739600 15.476
2740500 15.49
2741400 15.497
2742300 15.503
2743200 15.506
2744100 15.505
2745000 15.5
2745900 15.494
2746800 15.484
2747700 15.472
2748600 15.457
2749500 15.439
2750400 15.418
2751300 15.396
2752200 15.372
2753100 15.348
2754000 15.326
2754900 15.303
2755800 15.284
2756700 15.264
2757600 15.246
2758500 15.23
2759400 15.212
2760300 15.194
2761200 15.175
2762100 15.154
2763000 15.131
2763900 15.108
2764800 15.082
2765700 15.057
2766600 15.028
2767500 15.001
2768400 14.973
2769300 14.948
2770200 14.924
2771100 14.9
2772000 14.879
2772900 14.856
2773800 14.834
2774700 14.812
2775600 14.788
2776500 14.765
2777400 14.741
2778300 14.717
2779200 14.694
2780100 14.67
2781000 14.647
2781900 14.625
2782800 14.602
2783700 14.581
2784600 14.56
2785500 14.541
2786400 14.524
2787300 14.509
2788200 14.498
2789100 14.487
2790000 14.478
2790900 14.471
2791800 14.466
2792700 14.463
2793600 14.46
2794500 14.463
2795400 14.469
2796300 14.486
2797200 14.511
2798100 14.536
2799000 14.562
2799900 14.586
2800800 14.616
2801700 14.65
2802600 14.683
2803500 14.713
2804400 14.743
2805300 14.776
2806200 14.807
2807100 14.839
2808000 14.867
2808900 14.9
2809800 14.936
2810700 14.976
2811600 15.015
2812500 15.051
2813400 15.088
2814300 15.127
2815200 15.157
2816100 15.179
2817000 15.2
2817900 15.22
2818800 15.239
2819700 15.258
2820600 15.276
2821500 15.294
2822400 15.311
2823300 15.323
2824200 15.331
2825100 15.337
2826000 15.345
2826900 15.351
2827800 15.36
2828700 15.373
2829600 15.385
2830500 15.394
2831400 15.402
2832300 15.408
2833200 15.408
2834100 15.402
2835000 15.393
2835900 15.384
2836800 15.37
2837700 15.357
2838600 15.342
2839500 15.326
2840400 15.308
2841300 15.287
2842200 15.266
2843100 15.245
2844000 15.225
2844900 15.205
2845800 15.185
2846700 15.167
2847600 15.146
2848500 15.127
2849400 15.105
2850300 15.082
2851200 15.06
2852100 15.036
2853000 15.012
2853900 14.987
2854800 14.961
2855700 14.934
2856600 14.909
2857500 14.883
2858400 14.858
2859300 14.833
2860200 14.807
2861100 14.785
2862000 14.764
2862900 14.743
2863800 14.722
2864700 14.704
2865600 14.686
2866500 14.668
2867400 14.652
2868300 14.634
2869200 14.616
2870100 14.599
2871000 14.586
2871900 14.572
2872800 14.56
2873700 14.551
2874600 14.544
2875500 14.538
2876400 14.533
2877300 14.53
2878200 14.53
2879100 14.53
2880000 14.533
2880900 14.538
2881800 14.544
2882700 14.553
2883600 14.56
2884500 14.574
2885400 14.592
2886300 14.611
2887200 14.632
2888100 14.653
2889000 14.677
2889900 14.71
2890800 14.746
2891700 14.785
2892600 14.83
2893500 14.877
2894400 14.934
2895300 14.991
2896200 15.046
2897100 15.118
2898000 15.196
2898900 15.291
2899800 15.394
2900700 15.505
2901600 15.605
2902500 15.703
2903400 15.807
2904300 15.907
2905200 16.006
2906100 16.099
2907000 16.189
2907900 16.266
2908800 16.332
2909700 16.394
2910600 16.46
2911500 16.524
2912400 16.582
2913300 16.637
2914200 16.694
2915100 16.752
2916000 16.807
2916900 16.847
2917800 16.875
2918700 16.887
2919600 16.891
2920500 16.893
2921400 16.891
2922300 16.886
2923200 16.872
2924100 16.853
2925000 16.825
2925900 16.79
2926800 16.753
2927700 16.711
2928600 16.665
2929500 16.616
2930400 16.563
2931300 16.505
2932200 16.445
2933100 16.385
2934000 16.326
2934900 16.265
2935800 16.204
2936700 16.141
2937600 16.077
2938500 16.012
2939400 15.946
2940300 15.88
2941200 15.815
2942100 15.751
2943000 15.685
2943900 15.621
2944800 15.555
2945700 15.491
2946600 15.424
2947500 15.357
2948400 15.287
2949300 15.218
2950200 15.148
2951100 15.079
2952000 15.01
2952900 14.942
2953800 14.874
2954700 14.809
2955600 14.744
2956500 14.682
2957400 14.62
2958300 14.559
2959200 14.499
2960100 14.442
2961000 14.391
2961900 14.346
2962800 14.307
2963700 14.274
2964600 14.249
2965500 14.231
2966400 14.222
2967300 14.223
2968200 14.234
2969100 14.255
2970000 14.285
2970900 14.324
2971800 14.37
2972700 14.424
2973600 14.487
2974500 14.562
2975400 14.646
2976300 14.738
2977200 14.843
2978100 14.96
2979000 15.084
2979900 15.221
2980800 15.366
2981700 15.518
2982600 15.678
2983500 15.845
2984400 16.015
2985300 16.181
2986200 16.35
2987100 16.516
2988000 16.682
2988900 16.841
2989800 16.984
2990700 17.131
2991600 17.277
2992500 17.412
2993400 17.54
2994300 17.66
2995200 17.772
2996100 17.87
2997000 17.958
2997900 18.036
2998800 18.102
2999700 18.154
3000600 18.195
3001500 18.227
3002400 18.244
3003300 18.246
3004200 18.234
3005100 18.21
3006000 18.175
3006900 18.131
3007800 18.081
3008700 18.027
3009600 17.974
3010500 17.92
3011400 17.864
3012300 17.806
3013200 17.744
3014100 17.68
3015000 17.617
3015900 17.553
3016800 17.489
3017700 17.424
3018600 17.356
3019500 17.284
3020400 17.208
3021300 17.131
3022200 17.049
3023100 16.966
3024000 16.884
3024900 16.799
3025800 16.714
3026700 16.628
3027600 16.542
3028500 16.455
3029400 16.369
3030300 16.283
3031200 16.196
3032100 16.108
3033000 16.022
3033900 15.937
3034800 15.851
3035700 15.763
3036600 15.676
3037500 15.59
3038400 15.503
3039300 15.418
3040200 15.334
3041100 15.252
3042000 15.172
3042900 15.093
3043800 15.016
3044700 14.942
3045600 14.87
3046500 14.804
3047400 14.744
3048300 14.688
3049200 14.64
3050100 14.598
3051000 14.565
3051900 14.541
3052800 14.523
3053700 14.512
3054600 14.508
3055500 14.509
3056400 14.517
3057300 14.526
3058200 14.548
3059100 14.575
3060000 14.616
3060900 14.671
3061800 14.723
3062700 14.783
3063600 14.859
3064500 14.955
3065400 15.06
3066300 15.175
3067200 15.3
3068100 15.439
3069000 15.588
3069900 15.74
3070800 15.894
3071700 16.05
3072600 16.198
3073500 16.329
3074400 16.454
3075300 16.577
3076200 16.688
3077100 16.786
3078000 16.874
3078900 16.949
3079800 17.018
3080700 17.077
3081600 17.124
3082500 17.173
3083400 17.22
3084300 17.253
3085200 17.265
3086100 17.268
3087000 17.271
3087900 17.268
3088800 17.259
3089700 17.244
3090600 17.225
3091500 17.196
3092400 17.161
3093300 17.118
3094200 17.071
3095100 17.021
3096000 16.961
3096900 16.899
3097800 16.832
3098700 16.766
3099600 16.707
3100500 16.649
3101400 16.591
3102300 16.533
3103200 16.476
3104100 16.418
3105000 16.354
3105900 16.286
3106800 16.216
3107700 16.143
3108600 16.073
3109500 15.997
3110400 15.924
3111300 15.843
3112200 15.763
3113100 15.681
3114000 15.599
3114900 15.52
3115800 15.437
3116700 15.354
3117600 15.273
3118500 15.191
3119400 15.111
3120300 15.031
3121200 14.952
3122100 14.873
3123000 14.794
3123900 14.711
3124800 14.629
3125700 14.545
3126600 14.463
3127500 14.381
3128400 14.3
3129300 14.222
3130200 14.149
3131100 14.078
3132000 14.012
3132900 13.951
3133800 13.895
3134700 13.846
3135600 13.804
3136500 13.768
3137400 13.739
3138300 13.721
3139200 13.714
3140100 13.715
3141000 13.727
3141900 13.747
3142800 13.775
3143700 13.816
3144600 13.865
3145500 13.922
3146400 13.988
3147300 14.056
3148200 14.129
3149100 14.208
3150000 14.283
3150900 14.346
3151800 14.406
3152700 14.481
3153600 14.604
3154500 14.729
3155400 14.9
3156300 15.091
3157200 15.267
3158100 15.414
3159000 15.572
3159900 15.727
3160800 15.876
3161700 16.018
3162600 16.108
3163500 16.128
3164400 16.116
3165300 16.12
3166200 16.143
3167100 16.159
3168000 16.183
3168900 16.228
3169800 16.292
3170700 16.363
3171600 16.423
3172500 16.47
3173400 16.505
3174300 16.53
3175200 16.549
3176100 16.561
3177000 16.56
3177900 16.552
3178800 16.537
3179700 16.519
3180600 16.499
3181500 16.478
3182400 16.457
3183300 16.433
3184200 16.406
3185100 16.374
3186000 16.332
3186900 16.283
3187800 16.226
3188700 16.162
3189600 16.095
3190500 16.025
3191400 15.95
3192300 15.876
3193200 15.801
3194100 15.727
3195000 15.654
3195900 15.582
3196800 15.515
3197700 15.451
3198600 15.391
3199500 15.334
3200400 15.279
3201300 15.224
3202200 15.169
3203100 15.115
3204000 15.058
3204900 15.001
3205800 14.942
3206700 14.88
3207600 14.819
3208500 14.755
3209400 14.689
3210300 14.622
3211200 14.554
3212100 14.486
3213000 14.417
3213900 14.351
3214800 14.285
3215700 14.222
3216600 14.161
3217500 14.104
3218400 14.048
3219300 13.997
3220200 13.952
3221100 13.912
3222000 13.879
3222900 13.853
3223800 13.835
3224700 13.825
3225600 13.825
3226500 13.832
3227400 13.85
3228300 13.876
3229200 13.907
3230100 13.934
3231000 13.969
3231900 14.003
3232800 14.032
3233700 14.054
3234600 14.072
3235500 14.111
3236400 14.185
3237300 14.282
3238200 14.391
3239100 14.517
3240000 14.656
3240900 14.8
3241800 14.937
3242700 15.073
3243600 15.206
3244500 15.337
3245400 15.469
3246300 15.6
3247200 15.731
3248100 15.865
3249000 15.998
3249900 16.126
3250800 16.251
3251700 16.372
3252600 16.481
3253500 16.582
3254400 16.683
3255300 16.78
3256200 16.871
3257100 16.955
3258000 17.028
3258900 17.088
3259800 17.134
3260700 17.173
3261600 17.205
3262500 17.223
3263400 17.228
3264300 17.222
3265200 17.207
3266100 17.186
3267000 17.156
3267900 17.124
3268800 17.088
3269700 17.051
3270600 17.01
3271500 16.967
3272400 16.92
3273300 16.865
3274200 16.807
3275100 16.744
3276000 16.679
3276900 16.612
3277800 16.542
3278700 16.472
3279600 16.399
3280500 16.324
3281400 16.248
3282300 16.172
3283200 16.096
3284100 16.02
3285000 15.943
3285900 15.864
3286800 15.785
3287700 15.704
3288600 15.624
3289500 15.545
3290400 15.464
3291300 15.385
3292200 15.306
3293100 15.228
3294000 15.149
3294900 15.07
3295800 14.989
3296700 14.909
3297600 14.831
3298500 14.752
3299400 14.673
3300300 14.596
3301200 14.523
3302100 14.45
3303000 14.379
3303900 14.309
3304800 14.243
3305700 14.179
3306600 14.117
3307500 14.062
3308400 14.014
3309300 13.973
3310200 13.942
3311100 13.919
3312000 13.907
3312900 13.906
3313800 13.916
3314700 13.939
3315600 13.972
3316500 14.012
3317400 14.062
3318300 14.122
3319200 14.186
3320100 14.264
3321000 14.354
3321900 14.447
3322800 14.536
3323700 14.632
3324600 14.749
3325500 14.886
3326400 15.027
3327300 15.185
3328200 15.361
3329100 15.551
3330000 15.737
3330900 15.921
3331800 16.095
3332700 16.268
