0 13.9257281642162
900 13.927
1800 13.927
2700 13.927
3600 13.928
4500 13.928
5400 13.93
6300 13.931
7200 13.931
8100 13.933
9000 13.933
9900 13.933
10800 13.933
11700 13.933
12600 13.933
13500 13.933
14400 13.934
15300 13.936
16200 13.937
17100 13.939
18000 13.94
18900 13.94
19800 13.943
20700 13.945
21600 13.943
22500 13.942
23400 13.937
24300 13.936
25200 13.933
26100 13.931
27000 13.928
27900 13.925
28800 13.924
29700 13.922
30600 13.922
31500 13.924
32400 13.925
33300 13.928
34200 13.933
35100 13.937
36000 13.948
36900 13.955
37800 13.963
38700 13.969
39600 13.972
40500 13.975
41400 13.975
42300 13.972
43200 13.969
44100 13.964
45000 13.96
45900 13.955
46800 13.951
47700 13.951
48600 13.958
49500 13.973
50400 13.99
51300 14.008
52200 14.023
53100 14.038
54000 14.045
54900 14.05
55800 14.053
56700 14.059
57600 14.06
58500 14.059
59400 14.056
60300 14.048
61200 14.036
62100 14.023
63000 14.008
63900 13.993
64800 13.978
65700 13.963
66600 13.946
67500 13.93
68400 13.912
69300 13.892
70200 13.871
71100 13.852
72000 13.831
72900 13.811
73800 13.79
74700 13.757
75600 13.736
76500 13.72
77400 13.705
78300 13.681
79200 13.669
80100 13.664
81000 13.646
81900 13.643
82800 13.637
83700 13.637
84600 13.635
85500 13.634
86400 13.634
87300 13.629
88200 13.626
89100 13.623
90000 13.619
90900 13.613
91800 13.608
92700 13.602
93600 13.596
94500 13.587
95400 13.581
96300 13.574
97200 13.566
98100 13.559
99000 13.553
99900 13.545
100800 13.538
101700 13.529
102600 13.521
103500 13.512
104400 13.503
105300 13.494
106200 13.485
107100 13.478
108000 13.469
108900 13.463
109800 13.458
110700 13.457
111600 13.455
112500 13.458
113400 13.466
114300 13.476
115200 13.493
116100 13.514
117000 13.539
117900 13.569
118800 13.607
119700 13.649
120600 13.694
121500 13.741
122400 13.792
123300 13.849
124200 13.898
125100 13.954
126000 14.009
126900 14.062
127800 14.114
128700 14.159
129600 14.206
130500 14.228
131400 14.241
132300 14.28
133200 14.291
134100 14.301
135000 14.309
135900 14.307
136800 14.301
137700 14.285
138600 14.261
139500 14.226
140400 14.195
141300 14.173
142200 14.143
143100 14.11
144000 14.071
144900 14.03
145800 13.994
146700 13.958
147600 13.922
148500 13.888
149400 13.853
150300 13.816
151200 13.769
152100 13.724
153000 13.682
153900 13.648
154800 13.622
155700 13.599
156600 13.58
157500 13.565
158400 13.556
159300 13.553
160200 13.55
161100 13.545
162000 13.539
162900 13.533
163800 13.526
164700 13.517
165600 13.506
166500 13.499
167400 13.491
168300 13.488
169200 13.487
170100 13.487
171000 13.487
171900 13.488
172800 13.49
173700 13.491
174600 13.491
175500 13.491
176400 13.49
177300 13.488
178200 13.487
179100 13.485
180000 13.484
180900 13.484
181800 13.482
182700 13.479
183600 13.478
184500 13.476
185400 13.475
186300 13.473
187200 13.47
188100 13.469
189000 13.466
189900 13.461
190800 13.457
191700 13.451
192600 13.442
193500 13.433
194400 13.424
195300 13.412
196200 13.401
197100 13.391
198000 13.383
198900 13.377
199800 13.374
200700 13.374
201600 13.377
202500 13.385
203400 13.397
204300 13.413
205200 13.428
206100 13.443
207000 13.466
207900 13.496
208800 13.527
209700 13.559
210600 13.589
211500 13.623
212400 13.676
213300 13.72
214200 13.756
215100 13.787
216000 13.814
216900 13.846
217800 13.877
218700 13.912
219600 13.945
220500 13.964
221400 13.966
222300 13.952
223200 13.943
224100 13.934
225000 13.925
225900 13.901
226800 13.88
227700 13.853
228600 13.828
229500 13.807
230400 13.789
231300 13.772
232200 13.76
233100 13.753
234000 13.744
234900 13.739
235800 13.742
236700 13.748
237600 13.756
238500 13.765
239400 13.768
240300 13.754
241200 13.732
242100 13.699
243000 13.657
243900 13.608
244800 13.556
245700 13.518
246600 13.487
247500 13.46
248400 13.434
249300 13.41
250200 13.385
251100 13.359
252000 13.333
252900 13.308
253800 13.279
254700 13.255
255600 13.234
256500 13.222
257400 13.219
258300 13.219
259200 13.225
260100 13.234
261000 13.246
261900 13.26
262800 13.272
263700 13.281
264600 13.287
265500 13.291
266400 13.294
267300 13.297
268200 13.297
269100 13.297
270000 13.296
270900 13.296
271800 13.294
272700 13.293
273600 13.291
274500 13.291
275400 13.291
276300 13.291
277200 13.291
278100 13.29
279000 13.287
279900 13.284
280800 13.281
281700 13.278
282600 13.273
283500 13.27
284400 13.267
285300 13.266
286200 13.267
287100 13.27
288000 13.276
288900 13.285
289800 13.299
290700 13.317
291600 13.342
292500 13.373
293400 13.407
294300 13.448
295200 13.491
296100 13.533
297000 13.58
297900 13.626
298800 13.676
299700 13.726
300600 13.769
301500 13.801
302400 13.828
303300 13.85
304200 13.885
305100 13.921
306000 13.955
306900 13.991
307800 14.032
308700 14.069
309600 14.102
310500 14.123
311400 14.132
312300 14.146
313200 14.161
314100 14.168
315000 14.17
315900 14.165
316800 14.15
317700 14.131
318600 14.102
319500 14.068
320400 14.03
321300 13.99
322200 13.949
323100 13.909
324000 13.873
324900 13.838
325800 13.799
326700 13.753
327600 13.702
328500 13.652
329400 13.61
330300 13.581
331200 13.562
332100 13.544
333000 13.526
333900 13.505
334800 13.485
335700 13.467
336600 13.455
337500 13.449
338400 13.449
339300 13.452
340200 13.458
341100 13.466
342000 13.473
342900 13.482
343800 13.494
344700 13.509
345600 13.527
346500 13.547
347400 13.566
348300 13.584
349200 13.604
350100 13.622
351000 13.64
351900 13.657
352800 13.672
353700 13.685
354600 13.697
355500 13.709
356400 13.72
357300 13.73
358200 13.741
359100 13.751
360000 13.762
360900 13.771
361800 13.778
362700 13.786
363600 13.793
364500 13.798
365400 13.802
366300 13.808
367200 13.81
368100 13.811
369000 13.813
369900 13.811
370800 13.807
371700 13.805
372600 13.799
373500 13.795
374400 13.79
375300 13.786
376200 13.781
377100 13.778
378000 13.777
378900 13.774
379800 13.774
380700 13.774
381600 13.774
382500 13.775
383400 13.777
384300 13.781
385200 13.787
386100 13.795
387000 13.804
387900 13.817
388800 13.835
389700 13.852
390600 13.876
391500 13.895
392400 13.909
393300 13.921
394200 13.94
395100 13.952
396000 13.963
396900 13.976
397800 13.991
398700 14.005
399600 14.015
400500 14.021
401400 14.023
402300 14.021
403200 14.011
404100 13.996
405000 13.979
405900 13.96
406800 13.94
407700 13.918
408600 13.891
409500 13.864
410400 13.837
411300 13.81
412200 13.787
413100 13.769
414000 13.757
414900 13.747
415800 13.733
416700 13.72
417600 13.705
418500 13.693
419400 13.682
420300 13.676
421200 13.676
422100 13.678
423000 13.676
423900 13.67
424800 13.661
425700 13.648
426600 13.634
427500 13.62
428400 13.607
429300 13.596
430200 13.586
431100 13.575
432000 13.565
432900 13.556
433800 13.547
434700 13.541
435600 13.538
436500 13.538
437400 13.542
438300 13.547
439200 13.554
440100 13.565
441000 13.575
441900 13.586
442800 13.593
443700 13.599
444600 13.607
445500 13.61
446400 13.614
447300 13.616
448200 13.617
449100 13.616
450000 13.613
450900 13.61
451800 13.605
452700 13.599
453600 13.593
454500 13.587
455400 13.583
456300 13.58
457200 13.578
458100 13.58
459000 13.584
459900 13.592
460800 13.602
461700 13.616
462600 13.631
463500 13.649
464400 13.673
465300 13.703
466200 13.741
467100 13.778
468000 13.822
468900 13.868
469800 13.918
470700 13.97
471600 14.024
472500 14.077
473400 14.129
474300 14.18
475200 14.235
476100 14.286
477000 14.337
477900 14.384
478800 14.426
479700 14.468
480600 14.505
481500 14.532
482400 14.557
483300 14.58
484200 14.601
485100 14.617
486000 14.631
486900 14.634
487800 14.629
488700 14.617
489600 14.601
490500 14.584
491400 14.566
492300 14.548
493200 14.527
494100 14.502
495000 14.481
495900 14.463
496800 14.448
497700 14.435
498600 14.424
499500 14.409
500400 14.385
501300 14.36
502200 14.331
503100 14.3
504000 14.268
504900 14.238
505800 14.21
506700 14.188
507600 14.17
508500 14.158
509400 14.152
510300 14.152
511200 14.155
512100 14.159
513000 14.165
513900 14.173
514800 14.179
515700 14.185
516600 14.191
517500 14.197
518400 14.204
519300 14.211
520200 14.22
521100 14.226
522000 14.235
522900 14.24
523800 14.244
524700 14.249
525600 14.253
526500 14.253
527400 14.258
528300 14.259
529200 14.261
530100 14.265
531000 14.268
531900 14.271
532800 14.274
533700 14.279
534600 14.283
535500 14.286
536400 14.291
537300 14.294
538200 14.297
539100 14.301
540000 14.304
540900 14.306
541800 14.304
542700 14.303
543600 14.301
544500 14.301
545400 14.301
546300 14.301
547200 14.301
548100 14.301
549000 14.301
549900 14.3
550800 14.298
551700 14.295
552600 14.292
553500 14.288
554400 14.285
555300 14.282
556200 14.279
557100 14.276
558000 14.274
558900 14.274
559800 14.285
560700 14.295
561600 14.31
562500 14.33
563400 14.352
564300 14.375
565200 14.399
566100 14.424
567000 14.442
567900 14.451
568800 14.466
569700 14.472
570600 14.474
571500 14.469
572400 14.462
573300 14.451
574200 14.436
575100 14.421
576000 14.403
576900 14.387
577800 14.375
578700 14.369
579600 14.366
580500 14.364
581400 14.364
582300 14.363
583200 14.358
584100 14.351
585000 14.339
585900 14.319
586800 14.294
587700 14.259
588600 14.222
589500 14.179
590400 14.138
591300 14.101
592200 14.072
593100 14.051
594000 14.039
594900 14.03
595800 14.02
596700 14.006
597600 13.99
598500 13.969
599400 13.948
600300 13.928
601200 13.91
602100 13.895
603000 13.886
603900 13.88
604800 13.877
605700 13.877
606600 13.876
607500 13.874
608400 13.871
609300 13.868
610200 13.865
611100 13.864
612000 13.862
612900 13.861
613800 13.859
614700 13.858
615600 13.856
616500 13.855
617400 13.853
618300 13.852
619200 13.85
620100 13.849
621000 13.847
621900 13.846
622800 13.843
623700 13.841
624600 13.838
625500 13.834
626400 13.829
627300 13.825
628200 13.822
629100 13.819
630000 13.816
630900 13.814
631800 13.814
632700 13.817
633600 13.823
634500 13.832
635400 13.843
636300 13.858
637200 13.874
638100 13.894
639000 13.916
639900 13.943
640800 13.97
641700 14.002
642600 14.035
643500 14.075
644400 14.12
645300 14.165
646200 14.208
647100 14.25
648000 14.294
648900 14.334
649800 14.375
650700 14.418
651600 14.469
652500 14.503
653400 14.557
654300 14.598
655200 14.632
656100 14.661
657000 14.692
657900 14.723
658800 14.749
659700 14.777
660600 14.794
661500 14.809
662400 14.819
663300 14.83
664200 14.819
665100 14.851
666000 14.853
666900 14.851
667800 14.837
668700 14.816
669600 14.795
670500 14.765
671400 14.735
672300 14.704
673200 14.676
674100 14.647
675000 14.619
675900 14.59
676800 14.559
677700 14.524
678600 14.489
679500 14.454
680400 14.424
681300 14.4
682200 14.381
683100 14.364
684000 14.352
684900 14.343
685800 14.34
686700 14.339
687600 14.34
688500 14.343
689400 14.343
690300 14.346
691200 14.348
692100 14.352
693000 14.357
693900 14.357
694800 14.351
695700 14.34
696600 14.333
697500 14.324
698400 14.318
699300 14.315
700200 14.316
701100 14.324
702000 14.33
702900 14.339
703800 14.346
704700 14.355
705600 14.363
706500 14.375
707400 14.379
708300 14.388
709200 14.394
710100 14.397
711000 14.402
711900 14.405
712800 14.406
713700 14.406
714600 14.405
715500 14.399
716400 14.393
717300 14.393
718200 14.388
719100 14.387
720000 14.384
720900 14.382
721800 14.382
722700 14.385
723600 14.391
724500 14.399
725400 14.412
726300 14.43
727200 14.454
728100 14.478
729000 14.521
729900 14.562
730800 14.601
731700 14.64
732600 14.671
733500 14.692
734400 14.717
735300 14.738
736200 14.761
737100 14.789
738000 14.815
738900 14.834
739800 14.852
740700 14.861
741600 14.867
742500 14.873
743400 14.885
744300 14.897
745200 14.909
746100 14.913
747000 14.906
747900 14.897
748800 14.877
749700 14.853
750600 14.821
751500 14.791
752400 14.758
753300 14.72
754200 14.682
755100 14.638
756000 14.596
756900 14.556
757800 14.518
758700 14.484
759600 14.45
760500 14.418
761400 14.385
762300 14.355
763200 14.325
764100 14.3
765000 14.276
765900 14.255
766800 14.238
767700 14.225
768600 14.219
769500 14.217
770400 14.225
771300 14.241
772200 14.267
773100 14.301
774000 14.336
774900 14.367
775800 14.396
776700 14.418
777600 14.436
778500 14.45
779400 14.456
780300 14.463
781200 14.468
782100 14.469
783000 14.472
783900 14.474
784800 14.478
785700 14.481
786600 14.483
787500 14.486
788400 14.487
789300 14.489
790200 14.489
791100 14.489
792000 14.49
792900 14.49
793800 14.493
794700 14.492
795600 14.493
796500 14.496
797400 14.502
798300 14.506
799200 14.508
800100 14.508
801000 14.509
801900 14.509
802800 14.512
803700 14.514
804600 14.512
805500 14.511
806400 14.509
807300 14.506
808200 14.503
809100 14.503
810000 14.506
810900 14.512
811800 14.524
812700 14.539
813600 14.557
814500 14.578
815400 14.607
816300 14.638
817200 14.682
818100 14.719
819000 14.75
819900 14.768
820800 14.776
821700 14.773
822600 14.765
823500 14.759
824400 14.744
825300 14.746
826200 14.738
827100 14.726
828000 14.71
828900 14.692
829800 14.668
830700 14.643
831600 14.619
832500 14.598
833400 14.581
834300 14.566
835200 14.554
836100 14.542
837000 14.529
837900 14.517
838800 14.508
839700 14.493
840600 14.483
841500 14.468
842400 14.45
843300 14.424
844200 14.396
845100 14.36
846000 14.337
846900 14.297
847800 14.268
848700 14.244
849600 14.229
850500 14.217
851400 14.207
852300 14.203
853200 14.198
854100 14.188
855000 14.177
855900 14.171
856800 14.165
857700 14.156
858600 14.15
859500 14.144
860400 14.138
861300 14.132
862200 14.125
863100 14.117
864000 14.108
864900 14.098
865800 14.089
866700 14.078
867600 14.068
868500 14.059
869400 14.047
870300 14.038
871200 14.027
872100 14.017
873000 14.005
873900 13.997
874800 13.984
875700 13.972
876600 13.96
877500 13.949
878400 13.939
879300 13.927
880200 13.916
881100 13.906
882000 13.894
882900 13.882
883800 13.871
884700 13.859
885600 13.849
886500 13.841
887400 13.834
888300 13.828
889200 13.823
890100 13.822
891000 13.823
891900 13.828
892800 13.835
893700 13.844
894600 13.858
895500 13.876
896400 13.897
897300 13.921
898200 13.948
899100 13.979
9e+05 14.012
900900 14.057
901800 14.102
902700 14.152
903600 14.204
904500 14.256
905400 14.309
906300 14.36
907200 14.412
908100 14.468
909000 14.517
909900 14.566
910800 14.613
911700 14.653
912600 14.688
913500 14.723
914400 14.75
915300 14.774
916200 14.788
917100 14.791
918000 14.789
918900 14.782
919800 14.753
920700 14.734
921600 14.702
922500 14.662
923400 14.614
924300 14.563
925200 14.506
926100 14.45
927000 14.39
927900 14.328
928800 14.27
929700 14.21
930600 14.152
931500 14.09
932400 14.027
933300 13.97
934200 13.921
935100 13.88
936000 13.844
936900 13.819
937800 13.795
938700 13.775
939600 13.763
940500 13.754
941400 13.747
942300 13.745
943200 13.748
944100 13.747
945000 13.751
945900 13.76
946800 13.771
947700 13.784
948600 13.799
949500 13.817
950400 13.838
951300 13.861
952200 13.888
953100 13.918
954000 13.949
954900 13.985
955800 14.009
956700 14.06
957600 14.099
958500 14.146
959400 14.194
960300 14.225
961200 14.282
962100 14.324
963000 14.366
963900 14.402
964800 14.438
965700 14.466
966600 14.508
967500 14.541
968400 14.568
969300 14.592
970200 14.623
971100 14.641
972000 14.622
972900 14.643
973800 14.656
974700 14.685
975600 14.692
976500 14.711
977400 14.731
978300 14.744
979200 14.764
980100 14.78
981000 14.794
981900 14.807
982800 14.813
983700 14.818
984600 14.824
985500 14.83
986400 14.839
987300 14.849
988200 14.859
989100 14.862
990000 14.871
990900 14.877
991800 14.877
992700 14.879
993600 14.876
994500 14.871
995400 14.868
996300 14.865
997200 14.865
998100 14.871
999000 14.88
999900 14.891
1000800 14.901
1001700 14.912
1002600 14.918
1003500 14.924
1004400 14.94
1005300 14.942
1006200 14.94
1007100 14.939
1008000 14.934
1008900 14.927
1009800 14.919
1010700 14.921
1011600 14.91
1012500 14.895
1013400 14.874
1014300 14.851
1015200 14.822
1016100 14.798
1017000 14.77
1017900 14.74
1018800 14.71
1019700 14.682
1020600 14.658
1021500 14.635
1022400 14.616
1023300 14.601
1024200 14.586
1025100 14.574
1026000 14.563
1026900 14.553
1027800 14.542
1028700 14.532
1029600 14.521
1030500 14.512
1031400 14.506
1032300 14.502
1033200 14.499
1034100 14.499
1035000 14.502
1035900 14.505
1036800 14.508
1037700 14.52
1038600 14.526
1039500 14.532
1040400 14.541
1041300 14.556
1042200 14.565
1043100 14.568
1044000 14.578
1044900 14.593
1045800 14.604
1046700 14.613
1047600 14.625
1048500 14.652
1049400 14.662
1050300 14.643
1051200 14.653
1052100 14.664
1053000 14.676
1053900 14.689
1054800 14.702
1055700 14.716
1056600 14.729
1057500 14.744
1058400 14.759
1059300 14.774
1060200 14.789
1061100 14.804
1062000 14.819
1062900 14.834
1063800 14.851
1064700 14.867
1065600 14.883
1066500 14.9
1067400 14.916
1068300 14.933
1069200 14.951
1070100 14.967
1071000 14.985
1071900 15.001
1072800 15.018
1073700 15.033
1074600 15.046
1075500 15.063
1076400 15.079
1077300 15.099
1078200 15.118
1079100 15.137
1080000 15.157
1080900 15.178
1081800 15.199
1082700 15.218
1083600 15.234
1084500 15.248
1085400 15.261
1086300 15.272
1087200 15.281
1088100 15.288
1089000 15.293
1089900 15.294
1090800 15.293
1091700 15.29
1092600 15.284
1093500 15.273
1094400 15.26
1095300 15.243
1096200 15.224
1097100 15.202
1098000 15.178
1098900 15.152
1099800 15.124
1100700 15.094
1101600 15.063
1102500 15.031
1103400 14.998
1104300 14.966
1105200 14.934
1106100 14.906
1107000 14.88
1107900 14.859
1108800 14.842
1109700 14.827
1110600 14.815
1111500 14.804
1112400 14.795
1113300 14.788
1114200 14.78
1115100 14.774
1116000 14.771
1116900 14.77
1117800 14.771
1118700 14.774
1119600 14.78
1120500 14.788
1121400 14.798
1122300 14.809
1123200 14.821
1124100 14.836
1125000 14.849
1125900 14.865
1126800 14.88
1127700 14.895
1128600 14.912
1129500 14.93
1130400 14.948
1131300 14.966
1132200 14.987
1133100 15.006
1134000 15.027
1134900 15.048
1135800 15.069
1136700 15.088
1137600 15.109
1138500 15.13
1139400 15.149
1140300 15.169
1141200 15.187
1142100 15.205
1143000 15.221
1143900 15.237
1144800 15.254
1145700 15.27
1146600 15.285
1147500 15.3
1148400 15.315
1149300 15.33
1150200 15.343
1151100 15.355
1152000 15.367
1152900 15.379
1153800 15.393
1154700 15.406
1155600 15.418
1156500 15.431
1157400 15.442
1158300 15.451
1159200 15.457
1160100 15.461
1161000 15.464
1161900 15.466
1162800 15.466
1163700 15.464
1164600 15.463
1165500 15.46
1166400 15.458
1167300 15.457
1168200 15.458
1169100 15.463
1170000 15.469
1170900 15.478
1171800 15.488
1172700 15.502
1173600 15.517
1174500 15.531
1175400 15.545
1176300 15.558
1177200 15.572
1178100 15.584
1179000 15.596
1179900 15.608
1180800 15.615
1181700 15.621
1182600 15.625
1183500 15.627
1184400 15.625
1185300 15.622
1186200 15.615
1187100 15.606
1188000 15.594
1188900 15.579
1189800 15.561
1190700 15.54
1191600 15.52
1192500 15.499
1193400 15.476
1194300 15.451
1195200 15.426
1196100 15.4
1197000 15.375
1197900 15.349
1198800 15.324
1199700 15.3
1200600 15.278
1201500 15.258
1202400 15.242
1203300 15.23
1204200 15.221
1205100 15.215
1206000 15.212
1206900 15.211
1207800 15.211
1208700 15.212
1209600 15.214
1210500 15.217
1211400 15.22
1212300 15.223
1213200 15.225
1214100 15.23
1215000 15.233
1215900 15.236
1216800 15.239
1217700 15.24
1218600 15.242
1219500 15.245
1220400 15.246
1221300 15.248
1222200 15.251
1223100 15.254
1224000 15.257
1224900 15.261
1225800 15.266
1226700 15.27
1227600 15.276
1228500 15.284
1229400 15.291
1230300 15.299
1231200 15.308
1232100 15.318
1233000 15.33
1233900 15.342
1234800 15.354
1235700 15.366
1236600 15.379
1237500 15.391
1238400 15.406
1239300 15.42
1240200 15.434
1241100 15.449
1242000 15.464
1242900 15.479
1243800 15.496
1244700 15.511
1245600 15.525
1246500 15.54
1247400 15.558
1248300 15.581
1249200 15.606
1250100 15.634
1251000 15.664
1251900 15.699
1252800 15.734
1253700 15.77
1254600 15.803
1255500 15.833
1256400 15.86
1257300 15.888
1258200 15.918
1259100 15.943
1260000 15.962
1260900 15.98
1261800 15.997
1262700 16.007
1263600 16.015
1264500 16.02
1265400 16.023
1266300 16.029
1267200 16.034
1268100 16.037
1269000 16.037
1269900 16.034
1270800 16.028
1271700 16.018
1272600 16.006
1273500 15.992
1274400 15.979
1275300 15.965
1276200 15.956
1277100 15.95
1278000 15.946
1278900 15.943
1279800 15.937
1280700 15.93
1281600 15.922
1282500 15.913
1283400 15.904
1284300 15.894
1285200 15.88
1286100 15.864
1287000 15.848
1287900 15.831
1288800 15.816
1289700 15.807
1290600 15.801
1291500 15.8
1292400 15.803
1293300 15.807
1294200 15.812
1295100 15.819
1296000 15.827
1296900 15.837
1297800 15.849
1298700 15.861
1299600 15.874
1300500 15.888
1301400 15.901
1302300 15.913
1303200 15.927
1304100 15.939
1305000 15.95
1305900 15.961
1306800 15.97
1307700 15.979
1308600 15.986
1309500 15.992
1310400 15.997
1311300 16
1312200 16.001
1313100 16.003
1314000 16.003
1314900 16.001
1315800 15.998
1316700 15.994
1317600 15.989
1318500 15.985
1319400 15.979
1320300 15.973
1321200 15.968
1322100 15.964
1323000 15.961
1323900 15.961
1324800 15.962
1325700 15.967
1326600 15.976
1327500 15.988
1328400 16.004
1329300 16.023
1330200 16.046
1331100 16.071
1332000 16.099
1332900 16.131
1333800 16.165
1334700 16.202
1335600 16.239
1336500 16.28
1337400 16.321
1338300 16.362
1339200 16.403
1340100 16.442
1341000 16.475
1341900 16.506
1342800 16.536
1343700 16.566
1344600 16.594
1345500 16.624
1346400 16.652
1347300 16.682
1348200 16.71
1349100 16.738
1350000 16.766
1350900 16.795
1351800 16.823
1352700 16.848
1353600 16.872
1354500 16.89
1355400 16.903
1356300 16.911
1357200 16.914
1358100 16.912
1359000 16.906
1359900 16.894
1360800 16.88
1361700 16.862
1362600 16.844
1363500 16.827
1364400 16.813
1365300 16.795
1366200 16.775
1367100 16.753
1368000 16.731
1368900 16.711
1369800 16.697
1370700 16.683
1371600 16.671
1372500 16.659
1373400 16.65
1374300 16.646
1375200 16.646
1376100 16.649
1377000 16.653
1377900 16.656
1378800 16.658
1379700 16.659
1380600 16.664
1381500 16.67
1382400 16.676
1383300 16.685
1384200 16.692
1385100 16.7
1386000 16.704
1386900 16.708
1387800 16.71
1388700 16.71
1389600 16.71
1390500 16.708
1391400 16.707
1392300 16.705
1393200 16.705
1394100 16.704
1395000 16.704
1395900 16.704
1396800 16.702
1397700 16.702
1398600 16.701
1399500 16.698
1400400 16.694
1401300 16.688
1402200 16.68
1403100 16.673
1404000 16.664
1404900 16.653
1405800 16.644
1406700 16.637
1407600 16.628
1408500 16.621
1409400 16.613
1410300 16.607
1411200 16.604
1412100 16.603
1413000 16.606
1413900 16.61
1414800 16.619
1415700 16.631
1416600 16.647
1417500 16.668
1418400 16.692
1419300 16.72
1420200 16.75
1421100 16.784
1422000 16.822
1422900 16.86
1423800 16.902
1424700 16.944
1425600 16.987
1426500 17.028
1427400 17.068
1428300 17.109
1429200 17.146
1430100 17.182
1431000 17.216
1431900 17.248
1432800 17.278
1433700 17.305
1434600 17.327
1435500 17.345
1436400 17.357
1437300 17.366
1438200 17.372
1439100 17.37
1440000 17.366
1440900 17.357
1441800 17.342
1442700 17.323
1443600 17.299
1444500 17.271
1445400 17.238
1446300 17.204
1447200 17.165
1448100 17.125
1449000 17.082
1449900 17.037
1450800 16.991
1451700 16.945
1452600 16.902
1453500 16.86
1454400 16.823
1455300 16.793
1456200 16.772
1457100 16.759
1458000 16.753
1458900 16.753
1459800 16.758
1460700 16.765
1461600 16.775
1462500 16.789
1463400 16.804
1464300 16.82
1465200 16.838
1466100 16.856
1467000 16.875
1467900 16.894
1468800 16.914
1469700 16.933
1470600 16.955
1471500 16.978
1472400 17
1473300 17.024
1474200 17.048
1475100 17.073
1476000 17.097
1476900 17.122
1477800 17.147
1478700 17.173
1479600 17.196
1480500 17.222
1481400 17.245
1482300 17.268
1483200 17.29
1484100 17.311
1485000 17.33
1485900 17.348
1486800 17.364
1487700 17.379
1488600 17.393
1489500 17.403
1490400 17.413
1491300 17.422
1492200 17.431
1493100 17.439
1494000 17.446
1494900 17.454
1495800 17.46
1496700 17.466
1497600 17.473
1498500 17.48
1499400 17.491
1500300 17.501
1501200 17.513
1502100 17.526
1503000 17.543
1503900 17.562
1504800 17.587
1505700 17.617
1506600 17.647
1507500 17.678
1508400 17.709
1509300 17.741
1510200 17.772
1511100 17.801
1512000 17.83
1512900 17.854
1513800 17.873
1514700 17.891
1515600 17.904
1516500 17.914
1517400 17.925
1518300 17.929
1519200 17.931
1520100 17.926
1521000 17.919
1521900 17.906
1522800 17.892
1523700 17.877
1524600 17.868
1525500 17.854
1526400 17.837
1527300 17.819
1528200 17.799
1529100 17.778
1530000 17.755
1530900 17.732
1531800 17.708
1532700 17.684
1533600 17.66
1534500 17.635
1535400 17.611
1536300 17.586
1537200 17.562
1538100 17.537
1539000 17.513
1539900 17.488
1540800 17.464
1541700 17.442
1542600 17.421
1543500 17.402
1544400 17.384
1545300 17.366
1546200 17.35
1547100 17.333
1548000 17.317
1548900 17.3
1549800 17.284
1550700 17.269
1551600 17.253
1552500 17.238
1553400 17.223
1554300 17.211
1555200 17.199
1556100 17.187
1557000 17.179
1557900 17.17
1558800 17.161
1559700 17.155
1560600 17.149
1561500 17.143
1562400 17.138
1563300 17.135
1564200 17.131
1565100 17.126
1566000 17.122
1566900 17.116
1567800 17.112
1568700 17.106
1569600 17.1
1570500 17.094
1571400 17.088
1572300 17.08
1573200 17.074
1574100 17.067
1575000 17.06
1575900 17.052
1576800 17.046
1577700 17.039
1578600 17.031
1579500 17.025
1580400 17.019
1581300 17.016
1582200 17.015
1583100 17.016
1584000 17.019
1584900 17.024
1585800 17.03
1586700 17.037
1587600 17.046
1588500 17.058
1589400 17.073
1590300 17.091
1591200 17.107
1592100 17.126
1593000 17.144
1593900 17.165
1594800 17.19
1595700 17.22
1596600 17.251
1597500 17.284
1598400 17.317
1599300 17.347
1600200 17.372
1601100 17.394
1602000 17.413
1602900 17.425
1603800 17.445
1604700 17.452
1605600 17.457
1606500 17.46
1607400 17.461
1608300 17.464
1609200 17.463
1610100 17.457
1611000 17.448
1611900 17.434
1612800 17.416
1613700 17.394
1614600 17.367
1615500 17.338
1616400 17.305
1617300 17.271
1618200 17.234
1619100 17.195
1620000 17.153
1620900 17.11
1621800 17.066
1622700 17.019
1623600 16.972
1624500 16.924
1625400 16.874
1626300 16.825
1627200 16.775
1628100 16.729
1629000 16.688
1629900 16.65
1630800 16.621
1631700 16.595
1632600 16.574
1633500 16.557
1634400 16.54
1635300 16.527
1636200 16.513
1637100 16.502
1638000 16.49
1638900 16.478
1639800 16.467
1640700 16.455
1641600 16.446
1642500 16.436
1643400 16.429
1644300 16.42
1645200 16.412
1646100 16.405
1647000 16.399
1647900 16.391
1648800 16.385
1649700 16.379
1650600 16.374
1651500 16.369
1652400 16.363
1653300 16.357
1654200 16.351
1655100 16.347
1656000 16.342
1656900 16.338
1657800 16.333
1658700 16.329
1659600 16.324
1660500 16.32
1661400 16.317
1662300 16.314
1663200 16.312
1664100 16.311
1665000 16.312
1665900 16.315
1666800 16.32
1667700 16.326
1668600 16.333
1669500 16.344
1670400 16.356
1671300 16.369
1672200 16.387
1673100 16.406
1674000 16.429
1674900 16.452
1675800 16.476
1676700 16.502
1677600 16.53
1678500 16.56
1679400 16.592
1680300 16.627
1681200 16.667
1682100 16.71
1683000 16.756
1683900 16.801
1684800 16.845
1685700 16.894
1686600 16.944
1687500 16.991
1688400 17.036
1689300 17.077
1690200 17.113
1691100 17.144
1692000 17.17
1692900 17.19
1693800 17.204
1694700 17.213
1695600 17.214
1696500 17.211
1697400 17.201
1698300 17.184
1699200 17.161
1700100 17.132
1701000 17.1
1701900 17.063
1702800 17.019
1703700 16.973
1704600 16.924
1705500 16.874
1706400 16.82
1707300 16.766
1708200 16.711
1709100 16.658
1710000 16.604
1710900 16.552
1711800 16.503
1712700 16.458
1713600 16.418
1714500 16.384
1715400 16.356
1716300 16.33
1717200 16.311
1718100 16.296
1719000 16.286
1719900 16.278
1720800 16.274
1721700 16.271
1722600 16.269
1723500 16.271
1724400 16.272
1725300 16.274
1726200 16.277
1727100 16.281
1728000 16.286
1728900 16.292
1729800 16.298
1730700 16.304
1731600 16.309
1732500 16.314
1733400 16.32
1734300 16.324
1735200 16.327
1736100 16.33
1737000 16.333
1737900 16.335
1738800 16.338
1739700 16.338
1740600 16.339
1741500 16.339
1742400 16.339
1743300 16.339
1744200 16.339
1745100 16.338
1746000 16.336
1746900 16.335
1747800 16.332
1748700 16.329
1749600 16.327
1750500 16.324
1751400 16.321
1752300 16.32
1753200 16.32
1754100 16.321
1755000 16.323
1755900 16.327
1756800 16.335
1757700 16.344
1758600 16.354
1759500 16.368
1760400 16.385
1761300 16.405
1762200 16.429
1763100 16.454
1764000 16.484
1764900 16.515
1765800 16.551
1766700 16.589
1767600 16.63
1768500 16.671
1769400 16.716
1770300 16.761
1771200 16.805
1772100 16.851
1773000 16.896
1773900 16.941
1774800 16.984
1775700 17.024
1776600 17.063
1777500 17.098
1778400 17.134
1779300 17.17
1780200 17.201
1781100 17.229
1782000 17.253
1782900 17.275
1783800 17.295
1784700 17.312
1785600 17.327
1786500 17.339
1787400 17.35
1788300 17.36
1789200 17.367
1790100 17.376
1791000 17.385
1791900 17.396
1792800 17.408
1793700 17.421
1794600 17.436
1795500 17.452
1796400 17.467
1797300 17.483
1798200 17.497
1799100 17.507
1800000 17.513
1800900 17.518
1801800 17.521
1802700 17.524
1803600 17.525
1804500 17.526
1805400 17.526
1806300 17.524
1807200 17.518
1808100 17.51
1809000 17.5
1809900 17.486
1810800 17.47
1811700 17.452
1812600 17.433
1813500 17.412
1814400 17.393
1815300 17.373
1816200 17.354
1817100 17.336
1818000 17.318
1818900 17.302
1819800 17.286
1820700 17.272
1821600 17.257
1822500 17.245
1823400 17.232
1824300 17.22
1825200 17.207
1826100 17.195
1827000 17.182
1827900 17.17
1828800 17.156
1829700 17.143
1830600 17.131
1831500 17.118
1832400 17.106
1833300 17.092
1834200 17.08
1835100 17.068
1836000 17.058
1836900 17.046
1837800 17.036
1838700 17.025
1839600 17.015
1840500 17.005
1841400 16.994
1842300 16.985
1843200 16.975
1844100 16.966
1845000 16.957
1845900 16.948
1846800 16.941
1847700 16.933
1848600 16.927
1849500 16.921
1850400 16.917
1851300 16.914
1852200 16.912
1853100 16.912
1854000 16.914
1854900 16.92
1855800 16.932
1856700 16.951
1857600 16.976
1858500 17.005
1859400 17.034
1860300 17.063
1861200 17.089
1862100 17.112
1863000 17.134
1863900 17.158
1864800 17.184
1865700 17.214
1866600 17.245
1867500 17.277
1868400 17.306
1869300 17.333
1870200 17.357
1871100 17.375
1872000 17.387
1872900 17.394
1873800 17.399
1874700 17.399
1875600 17.396
1876500 17.391
1877400 17.385
1878300 17.379
1879200 17.373
1880100 17.366
1881000 17.36
1881900 17.351
1882800 17.341
1883700 17.327
1884600 17.314
1885500 17.296
1886400 17.28
1887300 17.262
1888200 17.245
1889100 17.229
1890000 17.216
1890900 17.202
1891800 17.187
1892700 17.171
1893600 17.153
1894500 17.137
1895400 17.124
1896300 17.115
1897200 17.11
1898100 17.107
1899000 17.107
1899900 17.106
1900800 17.104
1901700 17.101
1902600 17.097
1903500 17.089
1904400 17.083
1905300 17.076
1906200 17.067
1907100 17.058
1908000 17.049
1908900 17.04
1909800 17.03
1910700 17.019
1911600 17.009
1912500 16.997
1913400 16.987
1914300 16.975
1915200 16.964
1916100 16.955
1917000 16.944
1917900 16.933
1918800 16.923
1919700 16.912
1920600 16.902
1921500 16.891
1922400 16.88
1923300 16.869
1924200 16.859
1925100 16.848
1926000 16.841
1926900 16.833
1927800 16.827
1928700 16.823
1929600 16.82
1930500 16.819
1931400 16.822
1932300 16.826
1933200 16.835
1934100 16.845
1935000 16.862
1935900 16.881
1936800 16.905
1937700 16.932
1938600 16.96
1939500 16.991
1940400 17.022
1941300 17.055
1942200 17.089
1943100 17.124
1944000 17.158
1944900 17.187
1945800 17.216
1946700 17.244
1947600 17.274
1948500 17.303
1949400 17.333
1950300 17.36
1951200 17.382
1952100 17.403
1953000 17.422
1953900 17.437
1954800 17.448
1955700 17.455
1956600 17.464
1957500 17.471
1958400 17.477
1959300 17.477
1960200 17.469
1961100 17.454
1962000 17.433
1962900 17.406
1963800 17.376
1964700 17.345
1965600 17.312
1966500 17.28
1967400 17.245
1968300 17.213
1969200 17.18
1970100 17.147
1971000 17.116
1971900 17.085
1972800 17.054
1973700 17.021
1974600 16.988
1975500 16.954
1976400 16.918
1977300 16.881
1978200 16.842
1979100 16.804
1980000 16.766
1980900 16.731
1981800 16.701
1982700 16.674
1983600 16.65
1984500 16.631
1985400 16.612
1986300 16.592
1987200 16.573
1988100 16.554
1989000 16.533
1989900 16.512
1990800 16.49
1991700 16.469
1992600 16.446
1993500 16.424
1994400 16.402
1995300 16.381
1996200 16.36
1997100 16.341
1998000 16.323
1998900 16.306
1999800 16.292
2000700 16.28
2001600 16.268
2002500 16.259
2003400 16.253
2004300 16.25
2005200 16.248
2006100 16.25
2007000 16.253
2007900 16.259
2008800 16.266
2009700 16.277
2010600 16.289
2011500 16.304
2012400 16.321
2013300 16.342
2014200 16.366
2015100 16.391
2016000 16.418
2016900 16.448
2017800 16.479
2018700 16.513
2019600 16.551
2020500 16.591
2021400 16.636
2022300 16.685
2023200 16.737
2024100 16.792
2025000 16.85
2025900 16.909
2026800 16.969
2027700 17.028
2028600 17.085
2029500 17.137
2030400 17.186
2031300 17.232
2032200 17.275
2033100 17.314
2034000 17.347
2034900 17.375
2035800 17.4
2036700 17.424
2037600 17.449
2038500 17.473
2039400 17.497
2040300 17.516
2041200 17.531
2042100 17.544
2043000 17.556
2043900 17.564
2044800 17.57
2045700 17.574
2046600 17.579
2047500 17.584
2048400 17.589
2049300 17.592
2050200 17.595
2051100 17.595
2052000 17.595
2052900 17.593
2053800 17.592
2054700 17.587
2055600 17.583
2056500 17.576
2057400 17.567
2058300 17.556
2059200 17.547
2060100 17.537
2061000 17.529
2061900 17.522
2062800 17.515
2063700 17.51
2064600 17.506
2065500 17.504
2066400 17.503
2067300 17.501
2068200 17.5
2069100 17.497
2070000 17.495
2070900 17.494
2071800 17.494
2072700 17.495
2073600 17.497
2074500 17.5
2075400 17.504
2076300 17.512
2077200 17.519
2078100 17.529
2079000 17.54
2079900 17.552
2080800 17.564
2081700 17.577
2082600 17.589
2083500 17.601
2084400 17.61
2085300 17.62
2086200 17.632
2087100 17.641
2088000 17.65
2088900 17.659
2089800 17.666
2090700 17.672
2091600 17.678
2092500 17.683
2093400 17.687
2094300 17.69
2095200 17.694
2096100 17.7
2097000 17.705
2097900 17.712
2098800 17.72
2099700 17.729
2100600 17.739
2101500 17.751
2102400 17.763
2103300 17.778
2104200 17.793
2105100 17.809
2106000 17.827
2106900 17.845
2107800 17.862
2108700 17.883
2109600 17.906
2110500 17.929
2111400 17.953
2112300 17.978
2113200 18.005
2114100 18.032
2115000 18.059
2115900 18.084
2116800 18.106
2117700 18.128
2118600 18.148
2119500 18.166
2120400 18.182
2121300 18.195
2122200 18.206
2123100 18.213
2124000 18.218
2124900 18.219
2125800 18.218
2126700 18.213
2127600 18.206
2128500 18.198
2129400 18.189
2130300 18.178
2131200 18.166
2132100 18.154
2133000 18.14
2133900 18.127
2134800 18.112
2135700 18.099
2136600 18.085
2137500 18.075
2138400 18.065
2139300 18.059
2140200 18.053
2141100 18.05
2142000 18.048
2142900 18.05
2143800 18.053
2144700 18.057
2145600 18.066
2146500 18.078
2147400 18.093
2148300 18.108
2149200 18.123
2150100 18.139
2151000 18.154
2151900 18.167
2152800 18.179
2153700 18.189
2154600 18.198
2155500 18.207
2156400 18.215
2157300 18.221
2158200 18.227
2159100 18.233
2160000 18.238
2160900 18.243
2161800 18.247
2162700 18.253
2163600 18.258
2164500 18.264
2165400 18.27
2166300 18.276
2167200 18.282
2168100 18.289
2169000 18.296
2169900 18.302
2170800 18.31
2171700 18.317
2172600 18.325
2173500 18.331
2174400 18.338
2175300 18.345
2176200 18.351
2177100 18.359
2178000 18.365
2178900 18.369
2179800 18.374
2180700 18.377
2181600 18.377
2182500 18.377
2183400 18.374
2184300 18.369
2185200 18.363
2186100 18.354
2187000 18.344
2187900 18.331
2188800 18.317
2189700 18.304
2190600 18.29
2191500 18.279
2192400 18.268
2193300 18.259
2194200 18.252
2195100 18.247
2196000 18.246
2196900 18.247
2197800 18.25
2198700 18.255
2199600 18.261
2200500 18.268
2201400 18.276
2202300 18.285
2203200 18.293
2204100 18.305
2205000 18.314
2205900 18.323
2206800 18.329
2207700 18.334
2208600 18.334
2209500 18.332
2210400 18.328
2211300 18.32
2212200 18.311
2213100 18.301
2214000 18.292
2214900 18.283
2215800 18.274
2216700 18.265
2217600 18.259
2218500 18.253
2219400 18.249
2220300 18.247
2221200 18.247
2222100 18.25
2223000 18.255
2223900 18.262
2224800 18.27
2225700 18.279
2226600 18.29
2227500 18.302
2228400 18.314
2229300 18.329
2230200 18.344
2231100 18.359
2232000 18.374
2232900 18.389
2233800 18.403
2234700 18.418
2235600 18.433
2236500 18.449
2237400 18.466
2238300 18.482
2239200 18.501
2240100 18.521
2241000 18.54
2241900 18.559
2242800 18.58
2243700 18.598
2244600 18.614
2245500 18.629
2246400 18.644
2247300 18.656
2248200 18.668
2249100 18.678
2250000 18.689
2250900 18.698
2251800 18.705
2252700 18.713
2253600 18.717
2254500 18.721
2255400 18.724
2256300 18.726
2257200 18.724
2258100 18.723
2259000 18.718
2259900 18.714
2260800 18.707
2261700 18.699
2262600 18.689
2263500 18.677
2264400 18.665
2265300 18.649
2266200 18.631
2267100 18.611
2268000 18.589
2268900 18.567
2269800 18.543
2270700 18.521
2271600 18.499
2272500 18.478
2273400 18.458
2274300 18.441
2275200 18.421
2276100 18.402
2277000 18.381
2277900 18.359
2278800 18.337
2279700 18.311
2280600 18.285
2281500 18.258
2282400 18.231
2283300 18.206
2284200 18.179
2285100 18.151
2286000 18.123
2286900 18.096
2287800 18.069
2288700 18.047
2289600 18.032
2290500 18.023
2291400 18.02
2292300 18.023
2293200 18.029
2294100 18.035
2295000 18.041
2295900 18.048
2296800 18.054
2297700 18.062
2298600 18.069
2299500 18.078
2300400 18.085
2301300 18.093
2302200 18.097
2303100 18.102
2304000 18.105
2304900 18.106
2305800 18.106
2306700 18.105
2307600 18.102
2308500 18.096
2309400 18.087
2310300 18.076
2311200 18.063
2312100 18.048
2313000 18.032
2313900 18.017
2314800 18.004
2315700 17.992
2316600 17.981
2317500 17.974
2318400 17.969
2319300 17.966
2320200 17.966
2321100 17.969
2322000 17.972
2322900 17.977
2323800 17.983
2324700 17.989
2325600 17.996
2326500 18.002
2327400 18.008
2328300 18.016
2329200 18.021
2330100 18.026
2331000 18.03
2331900 18.035
2332800 18.038
2333700 18.038
2334600 18.038
2335500 18.036
2336400 18.033
2337300 18.03
2338200 18.024
2339100 18.017
2340000 18.008
2340900 17.998
2341800 17.986
2342700 17.972
2343600 17.956
2344500 17.938
2345400 17.92
2346300 17.9
2347200 17.876
2348100 17.852
2349000 17.827
2349900 17.801
2350800 17.775
2351700 17.748
2352600 17.72
2353500 17.693
2354400 17.665
2355300 17.638
2356200 17.613
2357100 17.587
2358000 17.564
2358900 17.541
2359800 17.521
2360700 17.5
2361600 17.48
2362500 17.463
2363400 17.445
2364300 17.431
2365200 17.421
2366100 17.413
2367000 17.411
2367900 17.409
2368800 17.411
2369700 17.412
2370600 17.412
2371500 17.411
2372400 17.409
2373300 17.411
2374200 17.413
2375100 17.418
2376000 17.422
2376900 17.428
2377800 17.433
2378700 17.437
2379600 17.443
2380500 17.449
2381400 17.455
2382300 17.46
2383200 17.466
2384100 17.47
2385000 17.473
2385900 17.476
2386800 17.477
2387700 17.479
2388600 17.482
2389500 17.488
2390400 17.495
2391300 17.506
2392200 17.519
2393100 17.535
2394000 17.555
2394900 17.577
2395800 17.599
2396700 17.626
2397600 17.653
2398500 17.681
2399400 17.709
2400300 17.738
2401200 17.766
2402100 17.793
2403000 17.819
2403900 17.845
2404800 17.87
2405700 17.895
2406600 17.92
2407500 17.944
2408400 17.968
2409300 17.992
2410200 18.016
2411100 18.039
2412000 18.063
2412900 18.087
2413800 18.111
2414700 18.134
2415600 18.157
2416500 18.18
2417400 18.203
2418300 18.225
2419200 18.244
2420100 18.264
2421000 18.283
2421900 18.299
2422800 18.313
2423700 18.326
2424600 18.337
2425500 18.345
2426400 18.351
2427300 18.356
2428200 18.356
2429100 18.354
2430000 18.351
2430900 18.345
2431800 18.338
2432700 18.328
2433600 18.316
2434500 18.301
2435400 18.285
2436300 18.265
2437200 18.244
2438100 18.222
2439000 18.198
2439900 18.175
2440800 18.148
2441700 18.121
2442600 18.094
2443500 18.066
2444400 18.038
2445300 18.01
2446200 17.981
2447100 17.955
2448000 17.928
2448900 17.901
2449800 17.876
2450700 17.852
2451600 17.83
2452500 17.809
2453400 17.788
2454300 17.767
2455200 17.745
2456100 17.724
2457000 17.703
2457900 17.683
2458800 17.663
2459700 17.644
2460600 17.625
2461500 17.608
2462400 17.593
2463300 17.581
2464200 17.574
2465100 17.571
2466000 17.571
2466900 17.574
2467800 17.581
2468700 17.593
2469600 17.608
2470500 17.623
2471400 17.641
2472300 17.66
2473200 17.681
2474100 17.7
2475000 17.72
2475900 17.739
2476800 17.755
2477700 17.77
2478600 17.787
2479500 17.803
2480400 17.819
2481300 17.836
2482200 17.852
2483100 17.867
2484000 17.885
2484900 17.901
2485800 17.92
2486700 17.94
2487600 17.959
2488500 17.98
2489400 18.001
2490300 18.023
2491200 18.044
2492100 18.065
2493000 18.085
2493900 18.105
2494800 18.124
2495700 18.143
2496600 18.163
2497500 18.182
2498400 18.2
2499300 18.216
2500200 18.234
2501100 18.249
2502000 18.264
2502900 18.279
2503800 18.292
2504700 18.302
2505600 18.314
2506500 18.323
2507400 18.332
2508300 18.34
2509200 18.347
2510100 18.351
2511000 18.356
2511900 18.357
2512800 18.359
2513700 18.357
2514600 18.356
2515500 18.353
2516400 18.347
2517300 18.341
2518200 18.332
2519100 18.322
2520000 18.311
2520900 18.298
2521800 18.285
2522700 18.27
2523600 18.253
2524500 18.237
2525400 18.219
2526300 18.2
2527200 18.18
2528100 18.16
2529000 18.139
2529900 18.115
2530800 18.093
2531700 18.069
2532600 18.044
2533500 18.017
2534400 17.99
2535300 17.962
2536200 17.932
2537100 17.903
2538000 17.873
2538900 17.843
2539800 17.815
2540700 17.785
2541600 17.757
2542500 17.727
2543400 17.7
2544300 17.672
2545200 17.645
2546100 17.62
2547000 17.596
2547900 17.574
2548800 17.553
2549700 17.535
2550600 17.519
2551500 17.507
2552400 17.498
2553300 17.491
2554200 17.488
2555100 17.486
2556000 17.489
2556900 17.491
2557800 17.491
2558700 17.489
2559600 17.485
2560500 17.477
2561400 17.469
2562300 17.457
2563200 17.443
2564100 17.428
2565000 17.413
2565900 17.397
2566800 17.379
2567700 17.363
2568600 17.345
2569500 17.33
2570400 17.315
2571300 17.305
2572200 17.298
2573100 17.293
2574000 17.293
2574900 17.295
2575800 17.296
2576700 17.299
2577600 17.302
2578500 17.302
2579400 17.302
2580300 17.299
2581200 17.296
2582100 17.29
2583000 17.283
2583900 17.272
2584800 17.262
2585700 17.247
2586600 17.229
2587500 17.21
2588400 17.189
2589300 17.165
2590200 17.141
2591100 17.115
2592000 17.088
2592900 17.06
2593800 17.031
2594700 17.002
2595600 16.97
2596500 16.941
2597400 16.909
2598300 16.878
2599200 16.847
2600100 16.816
2601000 16.784
2601900 16.753
2602800 16.722
2603700 16.689
2604600 16.658
2605500 16.625
2606400 16.592
2607300 16.558
2608200 16.525
2609100 16.49
2610000 16.455
2610900 16.418
2611800 16.382
2612700 16.345
2613600 16.308
2614500 16.269
2615400 16.232
2616300 16.195
2617200 16.159
2618100 16.123
2619000 16.089
2619900 16.056
2620800 16.026
2621700 15.998
2622600 15.973
2623500 15.949
2624400 15.928
2625300 15.91
2626200 15.897
2627100 15.885
2628000 15.874
2628900 15.865
2629800 15.858
2630700 15.851
2631600 15.845
2632500 15.84
2633400 15.839
2634300 15.837
2635200 15.837
2636100 15.839
2637000 15.842
2637900 15.852
2638800 15.868
2639700 15.892
2640600 15.922
2641500 15.959
2642400 16
2643300 16.044
2644200 16.093
2645100 16.144
2646000 16.196
2646900 16.248
2647800 16.301
2648700 16.351
2649600 16.399
2650500 16.446
2651400 16.493
2652300 16.537
2653200 16.583
2654100 16.627
2655000 16.67
2655900 16.711
2656800 16.75
2657700 16.787
2658600 16.823
2659500 16.856
2660400 16.884
2661300 16.911
2662200 16.933
2663100 16.951
2664000 16.964
2664900 16.975
2665800 16.979
2666700 16.982
2667600 16.982
2668500 16.979
2669400 16.975
2670300 16.969
2671200 16.963
2672100 16.952
2673000 16.942
2673900 16.927
2674800 16.911
2675700 16.891
2676600 16.869
2677500 16.844
2678400 16.816
2679300 16.784
2680200 16.75
2681100 16.714
2682000 16.676
2682900 16.636
2683800 16.594
2684700 16.551
2685600 16.508
2686500 16.463
2687400 16.418
2688300 16.374
2689200 16.327
2690100 16.281
2691000 16.235
2691900 16.189
2692800 16.141
2693700 16.093
2694600 16.046
2695500 15.998
2696400 15.949
2697300 15.901
2698200 15.852
2699100 15.806
2700000 15.758
2700900 15.713
2701800 15.669
2702700 15.624
2703600 15.582
2704500 15.542
2705400 15.505
2706300 15.47
2707200 15.439
2708100 15.409
2709000 15.381
2709900 15.355
2710800 15.331
2711700 15.309
2712600 15.288
2713500 15.27
2714400 15.252
2715300 15.237
2716200 15.225
2717100 15.215
2718000 15.211
2718900 15.208
2719800 15.206
2720700 15.206
2721600 15.209
2722500 15.212
2723400 15.217
2724300 15.224
2725200 15.231
2726100 15.239
2727000 15.246
2727900 15.255
2728800 15.267
2729700 15.278
2730600 15.291
2731500 15.306
2732400 15.323
2733300 15.34
2734200 15.358
2735100 15.378
2736000 15.397
2736900 15.417
2737800 15.434
2738700 15.454
2739600 15.472
2740500 15.488
2741400 15.503
2742300 15.518
2743200 15.53
2744100 15.54
2745000 15.551
2745900 15.558
2746800 15.564
2747700 15.569
2748600 15.572
2749500 15.573
2750400 15.573
2751300 15.572
2752200 15.569
2753100 15.564
2754000 15.558
2754900 15.551
2755800 15.543
2756700 15.534
2757600 15.527
2758500 15.518
2759400 15.508
2760300 15.499
2761200 15.49
2762100 15.479
2763000 15.469
2763900 15.457
2764800 15.445
2765700 15.433
2766600 15.42
2767500 15.406
2768400 15.393
2769300 15.378
2770200 15.361
2771100 15.346
2772000 15.331
2772900 15.317
2773800 15.3
2774700 15.285
2775600 15.27
2776500 15.254
2777400 15.239
2778300 15.223
2779200 15.206
2780100 15.19
2781000 15.173
2781900 15.157
2782800 15.14
2783700 15.124
2784600 15.108
2785500 15.091
2786400 15.075
2787300 15.058
2788200 15.042
2789100 15.027
2790000 15.013
2790900 15
2791800 14.988
2792700 14.976
2793600 14.964
2794500 14.954
2795400 14.945
2796300 14.937
2797200 14.931
2798100 14.927
2799000 14.925
2799900 14.925
2800800 14.927
2801700 14.93
2802600 14.936
2803500 14.942
2804400 14.949
2805300 14.958
2806200 14.969
2807100 14.979
2808000 14.991
2808900 15.003
2809800 15.016
2810700 15.03
2811600 15.045
2812500 15.061
2813400 15.078
2814300 15.096
2815200 15.113
2816100 15.133
2817000 15.151
2817900 15.167
2818800 15.184
2819700 15.199
2820600 15.214
2821500 15.228
2822400 15.242
2823300 15.255
2824200 15.267
2825100 15.279
2826000 15.291
2826900 15.302
2827800 15.311
2828700 15.32
2829600 15.329
2830500 15.337
2831400 15.345
2832300 15.354
2833200 15.361
2834100 15.369
2835000 15.375
2835900 15.379
2836800 15.382
2837700 15.384
2838600 15.385
2839500 15.384
2840400 15.382
2841300 15.379
2842200 15.375
2843100 15.369
2844000 15.363
2844900 15.357
2845800 15.349
2846700 15.34
2847600 15.331
2848500 15.323
2849400 15.314
2850300 15.305
2851200 15.294
2852100 15.282
2853000 15.272
2853900 15.26
2854800 15.246
2855700 15.233
2856600 15.22
2857500 15.206
2858400 15.191
2859300 15.176
2860200 15.161
2861100 15.146
2862000 15.13
2862900 15.115
2863800 15.1
2864700 15.085
2865600 15.07
2866500 15.055
2867400 15.042
2868300 15.027
2869200 15.013
2870100 15
2871000 14.987
2871900 14.973
2872800 14.96
2873700 14.948
2874600 14.936
2875500 14.924
2876400 14.913
2877300 14.904
2878200 14.895
2879100 14.886
2880000 14.879
2880900 14.873
2881800 14.867
2882700 14.862
2883600 14.859
2884500 14.856
2885400 14.855
2886300 14.855
2887200 14.855
2888100 14.858
2889000 14.862
2889900 14.867
2890800 14.873
2891700 14.882
2892600 14.892
2893500 14.906
2894400 14.919
2895300 14.937
2896200 14.957
2897100 14.979
2898000 15.003
2898900 15.031
2899800 15.063
2900700 15.1
2901600 15.14
2902500 15.185
2903400 15.233
2904300 15.282
2905200 15.333
2906100 15.387
2907000 15.44
2907900 15.494
2908800 15.549
2909700 15.602
2910600 15.652
2911500 15.701
2912400 15.749
2913300 15.797
2914200 15.843
2915100 15.889
2916000 15.934
2916900 15.977
2917800 16.02
2918700 16.059
2919600 16.096
2920500 16.129
2921400 16.158
2922300 16.183
2923200 16.205
2924100 16.225
2925000 16.239
2925900 16.251
2926800 16.26
2927700 16.265
2928600 16.268
2929500 16.265
2930400 16.26
2931300 16.253
2932200 16.241
2933100 16.228
2934000 16.211
2934900 16.192
2935800 16.172
2936700 16.15
2937600 16.126
2938500 16.099
2939400 16.073
2940300 16.044
2941200 16.015
2942100 15.983
2943000 15.95
2943900 15.918
2944800 15.883
2945700 15.849
2946600 15.813
2947500 15.778
2948400 15.74
2949300 15.701
2950200 15.663
2951100 15.622
2952000 15.582
2952900 15.54
2953800 15.499
2954700 15.457
2955600 15.415
2956500 15.372
2957400 15.33
2958300 15.287
2959200 15.245
2960100 15.202
2961000 15.16
2961900 15.119
2962800 15.079
2963700 15.04
2964600 15.004
2965500 14.97
2966400 14.937
2967300 14.909
2968200 14.883
2969100 14.861
2970000 14.843
2970900 14.83
2971800 14.821
2972700 14.816
2973600 14.816
2974500 14.822
2975400 14.831
2976300 14.846
2977200 14.867
2978100 14.892
2979000 14.924
2979900 14.963
2980800 15.006
2981700 15.057
2982600 15.113
2983500 15.175
2984400 15.242
2985300 15.315
2986200 15.393
2987100 15.475
2988000 15.56
2988900 15.646
2989800 15.736
2990700 15.825
2991600 15.916
2992500 16.006
2993400 16.096
2994300 16.186
2995200 16.275
2996100 16.362
2997000 16.445
2997900 16.525
2998800 16.604
2999700 16.677
3000600 16.746
3001500 16.811
3002400 16.871
3003300 16.924
3004200 16.972
3005100 17.013
3006000 17.049
3006900 17.077
3007800 17.1
3008700 17.116
3009600 17.126
3010500 17.132
3011400 17.135
3012300 17.134
3013200 17.128
3014100 17.121
3015000 17.11
3015900 17.095
3016800 17.08
3017700 17.061
3018600 17.042
3019500 17.019
3020400 16.996
3021300 16.969
3022200 16.941
3023100 16.909
3024000 16.875
3024900 16.839
3025800 16.802
3026700 16.764
3027600 16.723
3028500 16.682
3029400 16.637
3030300 16.592
3031200 16.546
3032100 16.5
3033000 16.452
3033900 16.403
3034800 16.353
3035700 16.302
3036600 16.251
3037500 16.199
3038400 16.146
3039300 16.093
3040200 16.04
3041100 15.985
3042000 15.931
3042900 15.876
3043800 15.822
3044700 15.767
3045600 15.713
3046500 15.661
3047400 15.608
3048300 15.557
3049200 15.506
3050100 15.458
3051000 15.412
3051900 15.369
3052800 15.329
3053700 15.291
3054600 15.258
3055500 15.227
3056400 15.2
3057300 15.176
3058200 15.155
3059100 15.139
3060000 15.125
3060900 15.116
3061800 15.113
3062700 15.113
3063600 15.118
3064500 15.128
3065400 15.143
3066300 15.166
3067200 15.194
3068100 15.228
3069000 15.27
3069900 15.318
3070800 15.373
3071700 15.433
3072600 15.497
3073500 15.566
3074400 15.636
3075300 15.707
3076200 15.779
3077100 15.849
3078000 15.919
3078900 15.986
3079800 16.052
3080700 16.113
3081600 16.171
3082500 16.226
3083400 16.278
3084300 16.327
3085200 16.374
3086100 16.415
3087000 16.451
3087900 16.484
3088800 16.512
3089700 16.537
3090600 16.558
3091500 16.574
3092400 16.588
3093300 16.598
3094200 16.603
3095100 16.604
3096000 16.601
3096900 16.595
3097800 16.585
3098700 16.572
3099600 16.555
3100500 16.536
3101400 16.515
3102300 16.493
3103200 16.47
3104100 16.445
3105000 16.42
3105900 16.393
3106800 16.365
3107700 16.333
3108600 16.301
3109500 16.268
3110400 16.232
3111300 16.195
3112200 16.156
3113100 16.114
3114000 16.073
3114900 16.029
3115800 15.985
3116700 15.94
3117600 15.892
3118500 15.845
3119400 15.797
3120300 15.748
3121200 15.697
3122100 15.648
3123000 15.597
3123900 15.546
3124800 15.494
3125700 15.442
3126600 15.388
3127500 15.334
3128400 15.279
3129300 15.224
3130200 15.17
3131100 15.115
3132000 15.061
3132900 15.007
3133800 14.955
3134700 14.904
3135600 14.855
3136500 14.809
3137400 14.764
3138300 14.722
3139200 14.683
3140100 14.647
3141000 14.616
3141900 14.589
3142800 14.566
3143700 14.548
3144600 14.535
3145500 14.526
3146400 14.523
3147300 14.524
3148200 14.532
3149100 14.542
3150000 14.557
3150900 14.577
3151800 14.598
3152700 14.619
3153600 14.643
3154500 14.673
3155400 14.71
3156300 14.755
3157200 14.81
3158100 14.874
3159000 14.942
3159900 15.013
3160800 15.088
3161700 15.164
3162600 15.242
3163500 15.318
3164400 15.385
3165300 15.442
3166200 15.488
3167100 15.53
3168000 15.567
3168900 15.603
3169800 15.637
3170700 15.673
3171600 15.712
3172500 15.752
3173400 15.792
3174300 15.831
3175200 15.867
3176100 15.9
3177000 15.93
3177900 15.956
3178800 15.979
3179700 15.998
3180600 16.015
3181500 16.026
3182400 16.037
3183300 16.043
3184200 16.049
3185100 16.052
3186000 16.052
3186900 16.05
3187800 16.044
3188700 16.035
3189600 16.022
3190500 16.006
3191400 15.986
3192300 15.964
3193200 15.937
3194100 15.909
3195000 15.879
3195900 15.846
3196800 15.812
3197700 15.778
3198600 15.743
3199500 15.707
3200400 15.673
3201300 15.637
3202200 15.603
3203100 15.569
3204000 15.534
3204900 15.499
3205800 15.464
3206700 15.429
3207600 15.391
3208500 15.354
3209400 15.317
3210300 15.278
3211200 15.237
3212100 15.196
3213000 15.155
3213900 15.112
3214800 15.069
3215700 15.025
3216600 14.982
3217500 14.939
3218400 14.895
3219300 14.853
3220200 14.81
3221100 14.77
3222000 14.731
3222900 14.694
3223800 14.658
3224700 14.625
3225600 14.595
3226500 14.568
3227400 14.544
3228300 14.524
3229200 14.509
3230100 14.499
3231000 14.492
3231900 14.486
3232800 14.484
3233700 14.484
3234600 14.486
3235500 14.487
3236400 14.49
3237300 14.498
3238200 14.512
3239100 14.535
3240000 14.563
3240900 14.601
3241800 14.646
3242700 14.696
3243600 14.75
3244500 14.809
3245400 14.87
3246300 14.933
3247200 14.998
3248100 15.067
3249000 15.137
3249900 15.209
3250800 15.282
3251700 15.357
3252600 15.431
3253500 15.506
3254400 15.579
3255300 15.651
3256200 15.722
3257100 15.792
3258000 15.861
3258900 15.927
3259800 15.989
3260700 16.049
3261600 16.104
3262500 16.156
3263400 16.202
3264300 16.245
3265200 16.281
3266100 16.312
3267000 16.339
3267900 16.36
3268800 16.376
3269700 16.39
3270600 16.399
3271500 16.403
3272400 16.406
3273300 16.405
3274200 16.4
3275100 16.393
3276000 16.381
3276900 16.368
3277800 16.35
3278700 16.329
3279600 16.306
3280500 16.281
3281400 16.254
3282300 16.225
3283200 16.193
3284100 16.161
3285000 16.126
3285900 16.091
3286800 16.052
3287700 16.013
3288600 15.973
3289500 15.931
3290400 15.888
3291300 15.845
3292200 15.8
3293100 15.754
3294000 15.707
3294900 15.661
3295800 15.613
3296700 15.566
3297600 15.517
3298500 15.467
3299400 15.417
3300300 15.366
3301200 15.315
3302100 15.264
3303000 15.214
3303900 15.163
3304800 15.113
3305700 15.063
3306600 15.013
3307500 14.966
3308400 14.918
3309300 14.871
3310200 14.827
3311100 14.786
3312000 14.747
3312900 14.711
3313800 14.68
3314700 14.653
3315600 14.631
3316500 14.614
3317400 14.602
3318300 14.596
3319200 14.595
3320100 14.598
3321000 14.607
3321900 14.62
3322800 14.641
3323700 14.665
3324600 14.694
3325500 14.726
3326400 14.767
3327300 14.813
3328200 14.867
3329100 14.928
3330000 14.997
3330900 15.072
3331800 15.154
3332700 15.239
