0 13.048
900 13.048
1800 13.052
2700 13.042
3600 13.052
4500 13.016
5400 13.04
6300 13.04
7200 13.04
8100 13.04
9000 13.04
9900 13.04
10800 13.064
11700 13.064
12600 13.064
13500 13.064
14400 13.04
15300 13.04
16200 13.04
17100 13.016
18000 13.016
18900 12.992
19800 12.968
20700 12.968
21600 12.944
22500 12.944
23400 12.92
24300 12.896
25200 12.896
26100 12.871
27000 12.847
27900 12.823
28800 12.799
29700 12.799
30600 12.751
31500 12.727
32400 12.703
33300 12.678
34200 12.678
35100 12.654
36000 12.63
36900 12.606
37800 12.582
38700 12.558
39600 12.558
40500 12.534
41400 12.509
42300 12.485
43200 12.461
44100 12.437
45000 12.413
45900 12.389
46800 12.364
47700 12.34
48600 12.316
49500 12.292
50400 12.292
51300 12.268
52200 12.243
53100 12.219
54000 12.195
54900 12.171
55800 12.147
56700 12.122
57600 12.098
58500 12.074
59400 12.074
60300 12.05
61200 12.05
62100 12.025
63000 12.001
63900 12.001
64800 12.001
65700 11.977
66600 11.977
67500 11.977
68400 11.977
69300 11.977
70200 11.977
71100 11.977
72000 11.977
72900 12.001
73800 12.025
74700 12.025
75600 12.05
76500 12.05
77400 12.074
78300 12.098
79200 12.122
80100 12.147
81000 12.195
81900 12.219
82800 12.243
83700 12.292
84600 12.316
85500 12.34
86400 12.364
87300 12.413
88200 12.437
89100 12.461
90000 12.485
90900 12.509
91800 12.509
92700 12.534
93600 12.558
94500 12.582
95400 12.606
96300 12.606
97200 12.63
98100 12.654
99000 12.654
99900 12.654
100800 12.678
101700 12.678
102600 12.678
103500 12.678
104400 12.678
105300 12.678
106200 12.678
107100 12.678
108000 12.654
108900 12.654
109800 12.654
110700 12.63
111600 12.606
112500 12.606
113400 12.582
114300 12.558
115200 12.558
116100 12.534
117000 12.509
117900 12.485
118800 12.461
119700 12.461
120600 12.437
121500 12.413
122400 12.389
123300 12.364
124200 12.34
125100 12.316
126000 12.292
126900 12.268
127800 12.243
128700 12.219
129600 12.195
130500 12.171
131400 12.147
132300 12.122
133200 12.074
134100 12.05
135000 12.025
135900 12.001
136800 11.977
137700 11.953
138600 11.929
139500 11.904
140400 11.88
141300 11.856
142200 11.832
143100 11.832
144000 11.807
144900 11.783
145800 11.783
146700 11.783
147600 11.759
148500 11.759
149400 11.759
150300 11.783
151200 11.759
152100 11.783
153000 11.783
153900 11.783
154800 11.807
155700 11.832
156600 11.856
157500 11.88
158400 11.904
159300 11.953
160200 11.977
161100 12.001
162000 12.05
162900 12.098
163800 12.122
164700 12.171
165600 12.219
166500 12.268
167400 12.316
168300 12.389
169200 12.413
170100 12.485
171000 12.534
171900 12.582
172800 12.654
173700 12.678
174600 12.727
175500 12.799
176400 12.847
177300 12.896
178200 12.92
179100 12.968
180000 12.992
180900 13.04
181800 13.04
182700 13.064
183600 13.088
184500 13.112
185400 13.088
186300 13.112
187200 13.112
188100 13.112
189000 13.112
189900 13.112
190800 13.112
191700 13.112
192600 13.112
193500 13.112
194400 13.088
195300 13.088
196200 13.064
197100 13.064
198000 13.04
198900 13.04
199800 13.016
200700 12.992
201600 12.992
202500 12.968
203400 12.944
204300 12.92
205200 12.896
206100 12.871
207000 12.847
207900 12.823
208800 12.799
209700 12.775
210600 12.775
211500 12.727
212400 12.703
213300 12.678
214200 12.654
215100 12.63
216000 12.606
216900 12.558
217800 12.558
218700 12.509
219600 12.509
220500 12.461
221400 12.461
222300 12.413
223200 12.389
224100 12.364
225000 12.364
225900 12.34
226800 12.316
227700 12.316
228600 12.292
229500 12.268
230400 12.268
231300 12.268
232200 12.243
233100 12.243
234000 12.243
234900 12.243
235800 12.243
236700 12.268
237600 12.268
238500 12.292
239400 12.316
240300 12.316
241200 12.34
242100 12.364
243000 12.389
243900 12.437
244800 12.461
245700 12.509
246600 12.534
247500 12.582
248400 12.63
249300 12.678
250200 12.727
251100 12.799
252000 12.847
252900 12.92
253800 12.968
254700 13.016
255600 13.064
256500 13.112
257400 13.185
258300 13.233
259200 13.281
260100 13.329
261000 13.377
261900 13.401
262800 13.449
263700 13.473
264600 13.522
265500 13.546
266400 13.57
267300 13.594
268200 13.618
269100 13.642
270000 13.666
270900 13.666
271800 13.69
272700 13.69
273600 13.714
274500 13.714
275400 13.738
276300 13.738
277200 13.762
278100 13.762
279000 13.738
279900 13.762
280800 13.738
281700 13.738
282600 13.738
283500 13.738
284400 13.738
285300 13.714
286200 13.714
287100 13.714
288000 13.714
288900 13.69
289800 13.69
290700 13.666
291600 13.642
292500 13.642
293400 13.618
294300 13.618
295200 13.594
296100 13.57
297000 13.546
297900 13.522
298800 13.522
299700 13.497
300600 13.473
301500 13.449
302400 13.425
303300 13.425
304200 13.401
305100 13.377
306000 13.353
306900 13.353
307800 13.329
308700 13.305
309600 13.305
310500 13.281
311400 13.257
312300 13.257
313200 13.233
314100 13.233
315000 13.233
315900 13.209
316800 13.209
317700 13.185
318600 13.185
319500 13.185
320400 13.185
321300 13.185
322200 13.185
323100 13.185
324000 13.185
324900 13.209
325800 13.209
326700 13.233
327600 13.233
328500 13.257
329400 13.281
330300 13.305
331200 13.329
332100 13.353
333000 13.377
333900 13.425
334800 13.449
335700 13.497
336600 13.522
337500 13.57
338400 13.618
339300 13.666
340200 13.714
341100 13.762
342000 13.81
342900 13.858
343800 13.906
344700 13.978
345600 14.026
346500 14.074
347400 14.122
348300 14.17
349200 14.218
350100 14.242
351000 14.29
351900 14.314
352800 14.337
353700 14.385
354600 14.409
355500 14.433
356400 14.433
357300 14.457
358200 14.481
359100 14.433
360000 14.457
360900 14.457
361800 14.457
362700 14.457
363600 14.457
364500 14.457
365400 14.457
366300 14.457
367200 14.433
368100 14.433
369000 14.433
369900 14.409
370800 14.385
371700 14.385
372600 14.385
373500 14.361
374400 14.337
375300 14.314
376200 14.29
377100 14.29
378000 14.266
378900 14.218
379800 14.194
380700 14.17
381600 14.146
382500 14.122
383400 14.122
384300 14.098
385200 14.074
386100 14.05
387000 14.026
387900 14.002
388800 13.978
389700 13.954
390600 13.93
391500 13.906
392400 13.906
393300 13.882
394200 13.858
395100 13.834
396000 13.834
396900 13.81
397800 13.786
398700 13.786
399600 13.762
400500 13.762
401400 13.738
402300 13.738
403200 13.714
404100 13.714
405000 13.714
405900 13.69
406800 13.69
407700 13.69
408600 13.666
409500 13.666
410400 13.666
411300 13.666
412200 13.666
413100 13.666
414000 13.666
414900 13.69
415800 13.69
416700 13.69
417600 13.714
418500 13.714
419400 13.738
420300 13.738
421200 13.762
422100 13.762
423000 13.786
423900 13.834
424800 13.834
425700 13.858
426600 13.906
427500 13.93
428400 13.954
429300 14.002
430200 14.026
431100 14.074
432000 14.122
432900 14.146
433800 14.194
434700 14.218
435600 14.266
436500 14.29
437400 14.29
438300 14.29
439200 14.314
440100 14.337
441000 14.361
441900 14.385
442800 14.385
443700 14.385
444600 14.409
445500 14.409
446400 14.409
447300 14.433
448200 14.409
449100 14.409
450000 14.409
450900 14.409
451800 14.409
452700 14.409
453600 14.385
454500 14.385
455400 14.385
456300 14.361
457200 14.337
458100 14.337
459000 14.314
459900 14.314
460800 14.29
461700 14.266
462600 14.242
463500 14.218
464400 14.218
465300 14.17
466200 14.146
467100 14.146
468000 14.122
468900 14.098
469800 14.074
470700 14.05
471600 14.05
472500 14.026
473400 14.002
474300 13.978
475200 13.954
476100 13.93
477000 13.906
477900 13.882
478800 13.858
479700 13.834
480600 13.81
481500 13.81
482400 13.786
483300 13.762
484200 13.738
485100 13.738
486000 13.714
486900 13.714
487800 13.69
488700 13.69
489600 13.666
490500 13.666
491400 13.666
492300 13.666
493200 13.666
494100 13.666
495000 13.666
495900 13.666
496800 13.666
497700 13.666
498600 13.69
499500 13.69
500400 13.714
501300 13.738
502200 13.762
503100 13.762
504000 13.786
504900 13.834
505800 13.858
506700 13.906
507600 13.93
508500 13.978
509400 14.026
510300 14.074
511200 14.122
512100 14.17
513000 14.242
513900 14.29
514800 14.337
515700 14.409
516600 14.457
517500 14.529
518400 14.577
519300 14.625
520200 14.673
521100 14.721
522000 14.768
522900 14.816
523800 14.864
524700 14.888
525600 14.912
526500 14.936
527400 14.96
528300 14.984
529200 14.984
530100 15.008
531000 14.984
531900 15.008
532800 15.008
533700 15.008
534600 15.008
535500 15.008
536400 15.008
537300 15.008
538200 14.984
539100 14.984
540000 14.96
540900 14.912
541800 14.888
542700 14.888
543600 14.864
544500 14.84
545400 14.816
546300 14.792
547200 14.768
548100 14.745
549000 14.721
549900 14.697
550800 14.649
551700 14.625
552600 14.601
553500 14.577
554400 14.553
555300 14.529
556200 14.505
557100 14.481
558000 14.457
558900 14.433
559800 14.409
560700 14.361
561600 14.361
562500 14.314
563400 14.29
564300 14.266
565200 14.242
566100 14.218
567000 14.194
567900 14.17
568800 14.146
569700 14.122
570600 14.122
571500 14.098
572400 14.074
573300 14.074
574200 14.05
575100 14.05
576000 14.026
576900 14.026
577800 14.026
578700 14.026
579600 14.026
580500 14.026
581400 14.026
582300 14.026
583200 14.026
584100 14.05
585000 14.05
585900 14.074
586800 14.098
587700 14.122
588600 14.146
589500 14.194
590400 14.218
591300 14.242
592200 14.29
593100 14.337
594000 14.385
594900 14.433
595800 14.481
596700 14.553
597600 14.601
598500 14.673
599400 14.721
600300 14.792
601200 14.864
602100 14.912
603000 14.984
603900 15.055
604800 15.103
605700 15.151
606600 15.199
607500 15.27
608400 15.294
609300 15.342
610200 15.39
611100 15.414
612000 15.438
612900 15.461
613800 15.485
614700 15.509
615600 15.509
616500 15.533
617400 15.533
618300 15.533
619200 15.533
620100 15.533
621000 15.533
621900 15.533
622800 15.533
623700 15.533
624600 15.533
625500 15.509
626400 15.509
627300 15.485
628200 15.485
629100 15.461
630000 15.438
630900 15.414
631800 15.39
632700 15.366
633600 15.366
634500 15.342
635400 15.318
636300 15.27
637200 15.247
638100 15.223
639000 15.199
639900 15.175
640800 15.151
641700 15.127
642600 15.103
643500 15.079
644400 15.055
645300 15.031
646200 15.008
647100 14.984
648000 14.96
648900 14.912
649800 14.888
650700 14.864
651600 14.864
652500 14.84
653400 14.816
654300 14.792
655200 14.768
656100 14.745
657000 14.745
657900 14.721
658800 14.721
659700 14.697
660600 14.697
661500 14.673
662400 14.673
663300 14.673
664200 14.673
665100 14.673
666000 14.673
666900 14.673
667800 14.673
668700 14.673
669600 14.697
670500 14.697
671400 14.721
672300 14.745
673200 14.768
674100 14.792
675000 14.816
675900 14.864
676800 14.912
677700 14.936
678600 15.008
679500 15.055
680400 15.103
681300 15.175
682200 15.223
683100 15.294
684000 15.366
684900 15.438
685800 15.485
686700 15.581
687600 15.629
688500 15.7
689400 15.772
690300 15.819
691200 15.891
692100 15.915
693000 15.963
693900 16.01
694800 16.034
695700 16.058
696600 16.058
697500 16.082
698400 16.106
699300 16.106
700200 16.129
701100 16.129
702000 16.153
702900 16.153
703800 16.153
704700 16.177
705600 16.177
706500 16.177
707400 16.177
708300 16.177
709200 16.177
710100 16.177
711000 16.177
711900 16.177
712800 16.177
713700 16.153
714600 16.153
715500 16.129
716400 16.129
717300 16.129
718200 16.106
719100 16.082
720000 16.082
720900 16.082
721800 16.058
722700 16.058
723600 16.034
724500 16.034
725400 16.01
726300 16.01
727200 15.986
728100 15.963
729000 15.963
729900 15.939
730800 15.915
731700 15.915
732600 15.891
733500 15.867
734400 15.843
735300 15.843
736200 15.819
737100 15.796
738000 15.772
738900 15.748
739800 15.724
740700 15.724
741600 15.7
742500 15.676
743400 15.676
744300 15.652
745200 15.652
746100 15.652
747000 15.629
747900 15.629
748800 15.629
749700 15.629
750600 15.629
751500 15.629
752400 15.629
753300 15.629
754200 15.629
755100 15.629
756000 15.629
756900 15.652
757800 15.652
758700 15.652
759600 15.676
760500 15.676
761400 15.7
762300 15.724
763200 15.772
764100 15.772
765000 15.819
765900 15.843
766800 15.891
767700 15.939
768600 15.986
769500 16.034
770400 16.082
771300 16.129
772200 16.201
773100 16.249
774000 16.272
774900 16.32
775800 16.368
776700 16.439
777600 16.487
778500 16.534
779400 16.558
780300 16.582
781200 16.606
782100 16.63
783000 16.63
783900 16.654
784800 16.654
785700 16.677
786600 16.677
787500 16.677
788400 16.701
789300 16.701
790200 16.677
791100 16.701
792000 16.701
792900 16.701
793800 16.701
794700 16.701
795600 16.701
796500 16.701
797400 16.701
798300 16.677
799200 16.677
800100 16.677
801000 16.677
801900 16.654
802800 16.654
803700 16.63
804600 16.606
805500 16.582
806400 16.582
807300 16.558
808200 16.534
809100 16.511
810000 16.487
810900 16.463
811800 16.439
812700 16.415
813600 16.392
814500 16.368
815400 16.344
816300 16.296
817200 16.272
818100 16.249
819000 16.225
819900 16.201
820800 16.177
821700 16.153
822600 16.129
823500 16.106
824400 16.082
825300 16.058
826200 16.034
827100 16.01
828000 16.01
828900 15.986
829800 15.986
830700 15.963
831600 15.939
832500 15.939
833400 15.915
834300 15.915
835200 15.891
836100 15.891
837000 15.867
837900 15.867
838800 15.867
839700 15.867
840600 15.867
841500 15.867
842400 15.867
843300 15.867
844200 15.891
845100 15.891
846000 15.915
846900 15.939
847800 15.963
848700 15.963
849600 16.01
850500 16.034
851400 16.058
852300 16.106
853200 16.129
854100 16.177
855000 16.201
855900 16.225
856800 16.272
857700 16.32
858600 16.344
859500 16.392
860400 16.415
861300 16.439
862200 16.463
863100 16.511
864000 16.511
864900 16.511
865800 16.534
866700 16.558
867600 16.606
868500 16.63
869400 16.63
870300 16.63
871200 16.63
872100 16.63
873000 16.63
873900 16.63
874800 16.63
875700 16.63
876600 16.63
877500 16.606
878400 16.606
879300 16.606
880200 16.606
881100 16.582
882000 16.558
882900 16.558
883800 16.558
884700 16.534
885600 16.534
886500 16.511
887400 16.487
888300 16.487
889200 16.463
890100 16.439
891000 16.439
891900 16.415
892800 16.392
893700 16.368
894600 16.344
895500 16.32
896400 16.296
897300 16.296
898200 16.249
899100 16.225
9e+05 16.201
900900 16.201
901800 16.177
902700 16.129
903600 16.106
904500 16.106
905400 16.058
906300 16.058
907200 16.034
908100 16.01
909000 15.986
909900 15.963
910800 15.939
911700 15.915
912600 15.915
913500 15.891
914400 15.867
915300 15.843
916200 15.819
917100 15.819
918000 15.772
918900 15.748
919800 15.748
920700 15.724
921600 15.7
922500 15.7
923400 15.676
924300 15.652
925200 15.652
926100 15.629
927000 15.629
927900 15.605
928800 15.605
929700 15.605
930600 15.581
931500 15.581
932400 15.581
933300 15.581
934200 15.581
935100 15.581
936000 15.581
936900 15.557
937800 15.581
938700 15.581
939600 15.581
940500 15.581
941400 15.581
942300 15.605
943200 15.605
944100 15.629
945000 15.652
945900 15.652
946800 15.676
947700 15.7
948600 15.724
949500 15.748
950400 15.772
951300 15.772
952200 15.796
953100 15.819
954000 15.819
954900 15.843
955800 15.867
956700 15.867
957600 15.867
958500 15.891
959400 15.891
960300 15.867
961200 15.867
962100 15.867
963000 15.867
963900 15.843
964800 15.843
965700 15.819
966600 15.819
967500 15.796
968400 15.796
969300 15.772
970200 15.748
971100 15.748
972000 15.724
972900 15.7
973800 15.676
974700 15.652
975600 15.629
976500 15.605
977400 15.581
978300 15.533
979200 15.509
980100 15.485
981000 15.438
981900 15.414
982800 15.39
983700 15.342
984600 15.318
985500 15.294
986400 15.247
987300 15.223
988200 15.175
989100 15.151
990000 15.103
990900 15.079
991800 15.031
992700 15.008
993600 14.96
994500 14.912
995400 14.888
996300 14.84
997200 14.816
998100 14.768
999000 14.745
999900 14.697
1000800 14.673
1001700 14.649
1002600 14.601
1003500 14.577
1004400 14.553
1005300 14.505
1006200 14.481
1007100 14.457
1008000 14.433
1008900 14.409
1009800 14.385
1010700 14.385
1011600 14.361
1012500 14.337
1013400 14.337
1014300 14.314
1015200 14.314
1016100 14.314
1017000 14.314
1017900 14.314
1018800 14.337
1019700 14.337
1020600 14.337
1021500 14.361
1022400 14.385
1023300 14.385
1024200 14.409
1025100 14.433
1026000 14.481
1026900 14.505
1027800 14.529
1028700 14.577
1029600 14.601
1030500 14.649
1031400 14.673
1032300 14.721
1033200 14.768
1034100 14.816
1035000 14.864
1035900 14.888
1036800 14.936
1037700 14.984
1038600 15.008
1039500 15.055
1040400 15.103
1041300 15.127
1042200 15.151
1043100 15.175
1044000 15.199
1044900 15.223
1045800 15.247
1046700 15.247
1047600 15.27
1048500 15.27
1049400 15.294
1050300 15.294
1051200 15.294
1052100 15.294
1053000 15.294
1053900 15.294
1054800 15.294
1055700 15.294
1056600 15.27
1057500 15.27
1058400 15.27
1059300 15.27
1060200 15.247
1061100 15.247
1062000 15.223
1062900 15.199
1063800 15.199
1064700 15.175
1065600 15.151
1066500 15.127
1067400 15.079
1068300 15.055
1069200 15.031
1070100 15.008
1071000 14.984
1071900 14.96
1072800 14.912
1073700 14.888
1074600 14.864
1075500 14.84
1076400 14.792
1077300 14.768
1078200 14.745
1079100 14.721
1080000 14.697
1080900 14.673
1081800 14.649
1082700 14.601
1083600 14.577
1084500 14.553
1085400 14.529
1086300 14.529
1087200 14.505
1088100 14.481
1089000 14.457
1089900 14.457
1090800 14.433
1091700 14.409
1092600 14.409
1093500 14.385
1094400 14.385
1095300 14.385
1096200 14.385
1097100 14.361
1098000 14.361
1098900 14.361
1099800 14.361
1100700 14.361
1101600 14.361
1102500 14.385
1103400 14.385
1104300 14.409
1105200 14.433
1106100 14.433
1107000 14.457
1107900 14.481
1108800 14.505
1109700 14.529
1110600 14.553
1111500 14.601
1112400 14.625
1113300 14.673
1114200 14.697
1115100 14.745
1116000 14.792
1116900 14.864
1117800 14.912
1118700 14.984
1119600 15.031
1120500 15.103
1121400 15.151
1122300 15.199
1123200 15.27
1124100 15.318
1125000 15.366
1125900 15.414
1126800 15.461
1127700 15.509
1128600 15.557
1129500 15.581
1130400 15.605
1131300 15.629
1132200 15.652
1133100 15.676
1134000 15.7
1134900 15.724
1135800 15.748
1136700 15.748
1137600 15.772
1138500 15.772
1139400 15.772
1140300 15.772
1141200 15.748
1142100 15.748
1143000 15.772
1143900 15.748
1144800 15.748
1145700 15.748
1146600 15.724
1147500 15.724
1148400 15.7
1149300 15.7
1150200 15.676
1151100 15.652
1152000 15.652
1152900 15.629
1153800 15.605
1154700 15.581
1155600 15.557
1156500 15.533
1157400 15.509
1158300 15.461
1159200 15.438
1160100 15.414
1161000 15.39
1161900 15.366
1162800 15.342
1163700 15.318
1164600 15.294
1165500 15.27
1166400 15.247
1167300 15.223
1168200 15.199
1169100 15.151
1170000 15.151
1170900 15.127
1171800 15.103
1172700 15.079
1173600 15.055
1174500 15.055
1175400 15.031
1176300 15.008
1177200 15.008
1178100 14.984
1179000 14.984
1179900 14.96
1180800 14.96
1181700 14.96
1182600 14.96
1183500 14.96
1184400 14.96
1185300 14.96
1186200 14.96
1187100 14.96
1188000 14.96
1188900 14.984
1189800 14.984
1190700 15.008
1191600 15.008
1192500 15.031
1193400 15.055
1194300 15.055
1195200 15.079
1196100 15.103
1197000 15.103
1197900 15.127
1198800 15.175
1199700 15.199
1200600 15.247
1201500 15.27
1202400 15.294
1203300 15.318
1204200 15.342
1205100 15.366
1206000 15.39
1206900 15.39
1207800 15.414
1208700 15.438
1209600 15.438
1210500 15.461
1211400 15.485
1212300 15.485
1213200 15.509
1214100 15.533
1215000 15.557
1215900 15.581
1216800 15.605
1217700 15.605
1218600 15.605
1219500 15.629
1220400 15.652
1221300 15.652
1222200 15.652
1223100 15.676
1224000 15.676
1224900 15.676
1225800 15.676
1226700 15.676
1227600 15.676
1228500 15.676
1229400 15.676
1230300 15.676
1231200 15.676
1232100 15.652
1233000 15.652
1233900 15.629
1234800 15.605
1235700 15.605
1236600 15.581
1237500 15.581
1238400 15.557
1239300 15.533
1240200 15.533
1241100 15.509
1242000 15.485
1242900 15.461
1243800 15.438
1244700 15.438
1245600 15.414
1246500 15.39
1247400 15.366
1248300 15.366
1249200 15.342
1250100 15.318
1251000 15.294
1251900 15.27
1252800 15.247
1253700 15.247
1254600 15.223
1255500 15.199
1256400 15.199
1257300 15.175
1258200 15.151
1259100 15.151
1260000 15.127
1260900 15.127
1261800 15.103
1262700 15.103
1263600 15.079
1264500 15.079
1265400 15.055
1266300 15.055
1267200 15.031
1268100 15.031
1269000 15.008
1269900 15.008
1270800 15.008
1271700 15.008
1272600 14.984
1273500 14.984
1274400 14.96
1275300 14.96
1276200 14.96
1277100 14.96
1278000 14.96
1278900 14.96
1279800 14.96
1280700 14.96
1281600 14.96
1282500 14.96
1283400 14.96
1284300 14.96
1285200 14.96
1286100 14.96
1287000 14.96
1287900 14.96
1288800 14.96
1289700 14.96
1290600 14.96
1291500 14.96
1292400 14.936
1293300 14.936
1294200 14.936
1295100 14.936
1296000 14.96
1296900 14.96
1297800 14.936
1298700 14.936
1299600 14.936
1300500 14.936
1301400 14.936
1302300 14.936
1303200 14.912
1304100 14.912
1305000 14.912
1305900 14.912
1306800 14.888
1307700 14.888
1308600 14.864
1309500 14.864
1310400 14.864
1311300 14.84
1312200 14.84
1313100 14.816
1314000 14.792
1314900 14.792
1315800 14.768
1316700 14.768
1317600 14.745
1318500 14.721
1319400 14.721
1320300 14.673
1321200 14.673
1322100 14.625
1323000 14.601
1323900 14.577
1324800 14.553
1325700 14.529
1326600 14.505
1327500 14.481
1328400 14.457
1329300 14.433
1330200 14.409
1331100 14.385
1332000 14.337
1332900 14.314
1333800 14.29
1334700 14.242
1335600 14.218
1336500 14.194
1337400 14.146
1338300 14.122
1339200 14.074
1340100 14.05
1341000 14.026
1341900 13.978
1342800 13.954
1343700 13.906
1344600 13.882
1345500 13.834
1346400 13.81
1347300 13.786
1348200 13.738
1349100 13.714
1350000 13.69
1350900 13.642
1351800 13.618
1352700 13.57
1353600 13.546
1354500 13.522
1355400 13.497
1356300 13.473
1357200 13.449
1358100 13.449
1359000 13.425
1359900 13.425
1360800 13.401
1361700 13.401
1362600 13.401
1363500 13.401
1364400 13.401
1365300 13.401
1366200 13.401
1367100 13.425
1368000 13.425
1368900 13.449
1369800 13.449
1370700 13.473
1371600 13.497
1372500 13.522
1373400 13.546
1374300 13.57
1375200 13.594
1376100 13.618
1377000 13.666
1377900 13.69
1378800 13.714
1379700 13.762
1380600 13.786
1381500 13.81
1382400 13.834
1383300 13.858
1384200 13.906
1385100 13.93
1386000 13.954
1386900 13.978
1387800 14.002
1388700 14.026
1389600 14.05
1390500 14.074
1391400 14.074
1392300 14.098
1393200 14.098
1394100 14.122
1395000 14.122
1395900 14.122
1396800 14.122
1397700 14.122
1398600 14.122
1399500 14.122
1400400 14.122
1401300 14.098
1402200 14.098
1403100 14.074
1404000 14.074
1404900 14.05
1405800 14.05
1406700 14.026
1407600 14.002
1408500 14.002
1409400 13.978
1410300 13.954
1411200 13.93
1412100 13.906
1413000 13.882
1413900 13.858
1414800 13.834
1415700 13.81
1416600 13.786
1417500 13.762
1418400 13.738
1419300 13.738
1420200 13.714
1421100 13.666
1422000 13.666
1422900 13.642
1423800 13.618
1424700 13.57
1425600 13.57
1426500 13.546
1427400 13.522
1428300 13.497
1429200 13.473
1430100 13.449
1431000 13.425
1431900 13.401
1432800 13.377
1433700 13.377
1434600 13.353
1435500 13.329
1436400 13.305
1437300 13.281
1438200 13.281
1439100 13.257
1440000 13.233
1440900 13.233
1441800 13.233
1442700 13.209
1443600 13.209
1444500 13.209
1445400 13.209
1446300 13.233
1447200 13.233
1448100 13.233
1449000 13.257
1449900 13.257
1450800 13.281
1451700 13.305
1452600 13.329
1453500 13.353
1454400 13.377
1455300 13.401
1456200 13.425
1457100 13.473
1458000 13.497
1458900 13.546
1459800 13.57
1460700 13.618
1461600 13.666
1462500 13.69
1463400 13.738
1464300 13.786
1465200 13.81
1466100 13.858
1467000 13.906
1467900 13.93
1468800 13.954
1469700 14.002
1470600 14.026
1471500 14.074
1472400 14.098
1473300 14.122
1474200 14.146
1475100 14.17
1476000 14.194
1476900 14.218
1477800 14.242
1478700 14.242
1479600 14.266
1480500 14.29
1481400 14.29
1482300 14.314
1483200 14.314
1484100 14.314
1485000 14.337
1485900 14.337
1486800 14.337
1487700 14.337
1488600 14.337
1489500 14.337
1490400 14.337
1491300 14.337
1492200 14.337
1493100 14.337
1494000 14.314
1494900 14.314
1495800 14.29
1496700 14.266
1497600 14.242
1498500 14.242
1499400 14.218
1500300 14.218
1501200 14.194
1502100 14.194
1503000 14.17
1503900 14.17
1504800 14.146
1505700 14.146
1506600 14.122
1507500 14.122
1508400 14.098
1509300 14.098
1510200 14.074
1511100 14.05
1512000 14.05
1512900 14.026
1513800 14.026
1514700 14.002
1515600 13.978
1516500 13.978
1517400 13.954
1518300 13.93
1519200 13.93
1520100 13.906
1521000 13.882
1521900 13.858
1522800 13.858
1523700 13.834
1524600 13.81
1525500 13.786
1526400 13.786
1527300 13.762
1528200 13.738
1529100 13.738
1530000 13.714
1530900 13.69
1531800 13.666
1532700 13.666
1533600 13.642
1534500 13.642
1535400 13.618
1536300 13.618
1537200 13.618
1538100 13.594
1539000 13.594
1539900 13.594
1540800 13.57
1541700 13.57
1542600 13.546
1543500 13.546
1544400 13.546
1545300 13.546
1546200 13.546
1547100 13.546
1548000 13.546
1548900 13.546
1549800 13.522
1550700 13.522
1551600 13.522
1552500 13.522
1553400 13.522
1554300 13.522
1555200 13.522
1556100 13.497
1557000 13.497
1557900 13.497
1558800 13.497
1559700 13.497
1560600 13.473
1561500 13.473
1562400 13.473
1563300 13.473
1564200 13.473
1565100 13.473
1566000 13.449
1566900 13.449
1567800 13.425
1568700 13.425
1569600 13.401
1570500 13.401
1571400 13.377
1572300 13.377
1573200 13.353
1574100 13.353
1575000 13.329
1575900 13.329
1576800 13.305
1577700 13.281
1578600 13.281
1579500 13.257
1580400 13.233
1581300 13.233
1582200 13.209
1583100 13.185
1584000 13.185
1584900 13.161
1585800 13.137
1586700 13.137
1587600 13.112
1588500 13.088
1589400 13.064
1590300 13.064
1591200 13.04
1592100 13.016
1593000 12.992
1593900 12.968
1594800 12.968
1595700 12.944
1596600 12.92
1597500 12.896
1598400 12.896
1599300 12.871
1600200 12.847
1601100 12.847
1602000 12.823
1602900 12.799
1603800 12.799
1604700 12.775
1605600 12.751
1606500 12.727
1607400 12.703
1608300 12.678
1609200 12.654
1610100 12.654
1611000 12.63
1611900 12.606
1612800 12.606
1613700 12.582
1614600 12.582
1615500 12.558
1616400 12.558
1617300 12.534
1618200 12.534
1619100 12.509
1620000 12.509
1620900 12.509
1621800 12.509
1622700 12.509
1623600 12.509
1624500 12.509
1625400 12.509
1626300 12.509
1627200 12.509
1628100 12.534
1629000 12.534
1629900 12.558
1630800 12.558
1631700 12.582
1632600 12.606
1633500 12.63
1634400 12.654
1635300 12.678
1636200 12.703
1637100 12.727
1638000 12.775
1638900 12.823
1639800 12.847
1640700 12.871
1641600 12.92
1642500 12.944
1643400 12.968
1644300 13.016
1645200 13.04
1646100 13.064
1647000 13.088
1647900 13.112
1648800 13.161
1649700 13.161
1650600 13.185
1651500 13.209
1652400 13.233
1653300 13.233
1654200 13.257
1655100 13.257
1656000 13.281
1656900 13.281
1657800 13.281
1658700 13.305
1659600 13.281
1660500 13.281
1661400 13.281
1662300 13.281
1663200 13.281
1664100 13.281
1665000 13.257
1665900 13.257
1666800 13.257
1667700 13.233
1668600 13.233
1669500 13.209
1670400 13.209
1671300 13.185
1672200 13.161
1673100 13.161
1674000 13.137
1674900 13.112
1675800 13.112
1676700 13.088
1677600 13.064
1678500 13.04
1679400 13.04
1680300 13.016
1681200 12.992
1682100 12.992
1683000 12.968
1683900 12.944
1684800 12.92
1685700 12.92
1686600 12.896
1687500 12.871
1688400 12.871
1689300 12.847
1690200 12.847
1691100 12.823
1692000 12.799
1692900 12.799
1693800 12.775
1694700 12.775
1695600 12.775
1696500 12.751
1697400 12.727
1698300 12.727
1699200 12.727
1700100 12.727
1701000 12.727
1701900 12.727
1702800 12.751
1703700 12.751
1704600 12.775
1705500 12.775
1706400 12.799
1707300 12.823
1708200 12.847
1709100 12.871
1710000 12.896
1710900 12.92
1711800 12.944
1712700 12.992
1713600 13.016
1714500 13.04
1715400 13.088
1716300 13.137
1717200 13.185
1718100 13.233
1719000 13.281
1719900 13.329
1720800 13.377
1721700 13.449
1722600 13.522
1723500 13.594
1724400 13.642
1725300 13.714
1726200 13.786
1727100 13.858
1728000 13.906
1728900 13.978
1729800 14.026
1730700 14.074
1731600 14.122
1732500 14.17
1733400 14.194
1734300 14.218
1735200 14.266
1736100 14.314
1737000 14.337
1737900 14.361
1738800 14.385
1739700 14.409
1740600 14.433
1741500 14.457
1742400 14.481
1743300 14.505
1744200 14.529
1745100 14.529
1746000 14.553
1746900 14.553
1747800 14.577
1748700 14.577
1749600 14.577
1750500 14.577
1751400 14.601
1752300 14.601
1753200 14.601
1754100 14.577
1755000 14.601
1755900 14.577
1756800 14.577
1757700 14.577
1758600 14.577
1759500 14.553
1760400 14.505
1761300 14.481
1762200 14.481
1763100 14.457
1764000 14.433
1764900 14.409
1765800 14.433
1766700 14.385
1767600 14.385
1768500 14.361
1769400 14.361
1770300 14.361
1771200 14.337
1772100 14.337
1773000 14.314
1773900 14.29
1774800 14.29
1775700 14.29
1776600 14.266
1777500 14.242
1778400 14.242
1779300 14.242
1780200 14.242
1781100 14.218
1782000 14.218
1782900 14.218
1783800 14.194
1784700 14.194
1785600 14.194
1786500 14.194
1787400 14.194
1788300 14.194
1789200 14.194
1790100 14.194
1791000 14.194
1791900 14.218
1792800 14.218
1793700 14.218
1794600 14.242
1795500 14.242
1796400 14.242
1797300 14.266
1798200 14.29
1799100 14.314
1800000 14.314
1800900 14.314
1801800 14.337
1802700 14.337
1803600 14.337
1804500 14.361
1805400 14.385
1806300 14.409
1807200 14.433
1808100 14.457
1809000 14.481
1809900 14.505
1810800 14.553
1811700 14.577
1812600 14.601
1813500 14.625
1814400 14.649
1815300 14.673
1816200 14.697
1817100 14.745
1818000 14.745
1818900 14.768
1819800 14.792
1820700 14.816
1821600 14.816
1822500 14.84
1823400 14.84
1824300 14.84
1825200 14.84
1826100 14.84
1827000 14.864
1827900 14.84
1828800 14.864
1829700 14.864
1830600 14.864
1831500 14.84
1832400 14.84
1833300 14.84
1834200 14.816
1835100 14.816
1836000 14.816
1836900 14.792
1837800 14.768
1838700 14.768
1839600 14.745
1840500 14.745
1841400 14.721
1842300 14.721
1843200 14.697
1844100 14.673
1845000 14.649
1845900 14.649
1846800 14.625
1847700 14.601
1848600 14.577
1849500 14.553
1850400 14.553
1851300 14.529
1852200 14.505
1853100 14.481
1854000 14.457
1854900 14.457
1855800 14.433
1856700 14.409
1857600 14.385
1858500 14.361
1859400 14.361
1860300 14.337
1861200 14.314
1862100 14.29
1863000 14.29
1863900 14.266
1864800 14.242
1865700 14.218
1866600 14.218
1867500 14.194
1868400 14.194
1869300 14.17
1870200 14.17
1871100 14.17
1872000 14.146
1872900 14.146
1873800 14.146
1874700 14.146
1875600 14.146
1876500 14.146
1877400 14.146
1878300 14.146
1879200 14.17
1880100 14.17
1881000 14.194
1881900 14.194
1882800 14.218
1883700 14.242
1884600 14.242
1885500 14.29
1886400 14.29
1887300 14.337
1888200 14.361
1889100 14.385
1890000 14.409
1890900 14.457
1891800 14.505
1892700 14.553
1893600 14.577
1894500 14.649
1895400 14.697
1896300 14.745
1897200 14.816
1898100 14.864
1899000 14.936
1899900 14.984
1900800 15.031
1901700 15.079
1902600 15.127
1903500 15.199
1904400 15.247
1905300 15.27
1906200 15.294
1907100 15.342
1908000 15.366
1908900 15.39
1909800 15.39
1910700 15.414
1911600 15.438
1912500 15.438
1913400 15.461
1914300 15.461
1915200 15.461
1916100 15.461
1917000 15.485
1917900 15.485
1918800 15.461
1919700 15.485
1920600 15.485
1921500 15.485
1922400 15.461
1923300 15.461
1924200 15.438
1925100 15.438
1926000 15.438
1926900 15.438
1927800 15.414
1928700 15.39
1929600 15.366
1930500 15.366
1931400 15.342
1932300 15.294
1933200 15.27
1934100 15.247
1935000 15.223
1935900 15.199
1936800 15.175
1937700 15.151
1938600 15.127
1939500 15.103
1940400 15.079
1941300 15.055
1942200 15.031
1943100 15.008
1944000 14.984
1944900 14.96
1945800 14.936
1946700 14.912
1947600 14.888
1948500 14.864
1949400 14.84
1950300 14.816
1951200 14.816
1952100 14.792
1953000 14.792
1953900 14.768
1954800 14.768
1955700 14.745
1956600 14.745
1957500 14.745
1958400 14.721
1959300 14.721
1960200 14.721
1961100 14.745
1962000 14.721
1962900 14.745
1963800 14.745
1964700 14.745
1965600 14.768
1966500 14.768
1967400 14.792
1968300 14.816
1969200 14.84
1970100 14.84
1971000 14.888
1971900 14.912
1972800 14.96
1973700 14.984
1974600 15.031
1975500 15.055
1976400 15.103
1977300 15.151
1978200 15.199
1979100 15.247
1980000 15.294
1980900 15.366
1981800 15.414
1982700 15.485
1983600 15.533
1984500 15.581
1985400 15.652
1986300 15.7
1987200 15.748
1988100 15.772
1989000 15.772
1989900 15.772
1990800 15.819
1991700 15.867
1992600 15.915
1993500 15.963
1994400 15.986
1995300 16.01
1996200 16.01
1997100 16.034
1998000 16.034
1998900 16.058
1999800 16.058
2000700 16.082
2001600 16.106
2002500 16.106
2003400 16.106
2004300 16.106
2005200 16.106
2006100 16.106
2007000 16.106
2007900 16.106
2008800 16.106
2009700 16.082
2010600 16.082
2011500 16.058
2012400 16.058
2013300 16.034
2014200 16.01
2015100 15.986
2016000 15.963
2016900 15.963
2017800 15.939
2018700 15.915
2019600 15.891
2020500 15.867
2021400 15.843
2022300 15.819
2023200 15.772
2024100 15.748
2025000 15.724
2025900 15.7
2026800 15.676
2027700 15.652
2028600 15.605
2029500 15.581
2030400 15.557
2031300 15.509
2032200 15.485
2033100 15.461
2034000 15.438
2034900 15.414
2035800 15.39
2036700 15.366
2037600 15.318
2038500 15.294
2039400 15.27
2040300 15.247
2041200 15.223
2042100 15.175
2043000 15.151
2043900 15.127
2044800 15.103
2045700 15.079
2046600 15.055
2047500 15.031
2048400 15.008
2049300 14.984
2050200 14.96
2051100 14.936
2052000 14.936
2052900 14.912
2053800 14.912
2054700 14.888
2055600 14.888
2056500 14.888
2057400 14.864
2058300 14.864
2059200 14.864
2060100 14.864
2061000 14.864
2061900 14.864
2062800 14.888
2063700 14.888
2064600 14.888
2065500 14.912
2066400 14.936
2067300 14.96
2068200 15.008
2069100 15.031
2070000 15.055
2070900 15.079
2071800 15.127
2072700 15.151
2073600 15.175
2074500 15.199
2075400 15.223
2076300 15.247
2077200 15.27
2078100 15.294
2079000 15.318
2079900 15.342
2080800 15.342
2081700 15.366
2082600 15.366
2083500 15.39
2084400 15.39
2085300 15.39
2086200 15.39
2087100 15.414
2088000 15.414
2088900 15.414
2089800 15.39
2090700 15.39
2091600 15.366
2092500 15.366
2093400 15.366
2094300 15.342
2095200 15.318
2096100 15.318
2097000 15.294
2097900 15.27
2098800 15.247
2099700 15.223
2100600 15.199
2101500 15.151
2102400 15.127
2103300 15.103
2104200 15.055
2105100 15.031
2106000 14.984
2106900 14.96
2107800 14.912
2108700 14.888
2109600 14.864
2110500 14.816
2111400 14.768
2112300 14.745
2113200 14.697
2114100 14.649
2115000 14.625
2115900 14.601
2116800 14.553
2117700 14.529
2118600 14.481
2119500 14.433
2120400 14.409
2121300 14.361
2122200 14.337
2123100 14.29
2124000 14.266
2124900 14.242
2125800 14.194
2126700 14.146
2127600 14.122
2128500 14.098
2129400 14.074
2130300 14.05
2131200 14.026
2132100 14.002
2133000 13.978
2133900 13.978
2134800 13.954
2135700 13.93
2136600 13.93
2137500 13.93
2138400 13.93
2139300 13.93
2140200 13.906
2141100 13.93
2142000 13.93
2142900 13.93
2143800 13.93
2144700 13.954
2145600 13.954
2146500 13.978
2147400 14.002
2148300 14.002
2149200 14.026
2150100 14.05
2151000 14.074
2151900 14.122
2152800 14.146
2153700 14.194
2154600 14.242
2155500 14.29
2156400 14.314
2157300 14.361
2158200 14.385
2159100 14.433
2160000 14.457
2160900 14.481
2161800 14.505
2162700 14.529
2163600 14.577
2164500 14.601
2165400 14.625
2166300 14.649
2167200 14.673
2168100 14.697
2169000 14.697
2169900 14.721
2170800 14.745
2171700 14.745
2172600 14.768
2173500 14.792
2174400 14.792
2175300 14.816
2176200 14.816
2177100 14.84
2178000 14.84
2178900 14.84
2179800 14.84
2180700 14.84
2181600 14.84
2182500 14.84
2183400 14.84
2184300 14.84
2185200 14.84
2186100 14.84
2187000 14.84
2187900 14.816
2188800 14.816
2189700 14.816
2190600 14.792
2191500 14.768
2192400 14.768
2193300 14.745
2194200 14.745
2195100 14.721
2196000 14.721
2196900 14.697
2197800 14.673
2198700 14.649
2199600 14.625
2200500 14.625
2201400 14.601
2202300 14.577
2203200 14.553
2204100 14.529
2205000 14.529
2205900 14.505
2206800 14.481
2207700 14.457
2208600 14.457
2209500 14.433
2210400 14.433
2211300 14.409
2212200 14.385
2213100 14.385
2214000 14.385
2214900 14.385
2215800 14.361
2216700 14.361
2217600 14.361
2218500 14.361
2219400 14.361
2220300 14.361
2221200 14.385
2222100 14.385
2223000 14.385
2223900 14.409
2224800 14.409
2225700 14.433
2226600 14.433
2227500 14.457
2228400 14.481
2229300 14.505
2230200 14.529
2231100 14.553
2232000 14.577
2232900 14.601
2233800 14.625
2234700 14.673
2235600 14.721
2236500 14.745
2237400 14.792
2238300 14.84
2239200 14.888
2240100 14.936
2241000 15.008
2241900 15.055
2242800 15.127
2243700 15.199
2244600 15.247
2245500 15.294
2246400 15.342
2247300 15.39
2248200 15.461
2249100 15.485
2250000 15.533
2250900 15.557
2251800 15.605
2252700 15.629
2253600 15.652
2254500 15.676
2255400 15.7
2256300 15.724
2257200 15.724
2258100 15.748
2259000 15.772
2259900 15.772
2260800 15.796
2261700 15.796
2262600 15.819
2263500 15.819
2264400 15.819
2265300 15.819
2266200 15.819
2267100 15.819
2268000 15.819
2268900 15.819
2269800 15.819
2270700 15.819
2271600 15.819
2272500 15.796
2273400 15.772
2274300 15.772
2275200 15.748
2276100 15.724
2277000 15.7
2277900 15.7
2278800 15.676
2279700 15.652
2280600 15.629
2281500 15.605
2282400 15.581
2283300 15.557
2284200 15.533
2285100 15.509
2286000 15.485
2286900 15.461
2287800 15.438
2288700 15.414
2289600 15.39
2290500 15.366
2291400 15.342
2292300 15.318
2293200 15.294
2294100 15.27
2295000 15.247
2295900 15.247
2296800 15.223
2297700 15.223
2298600 15.199
2299500 15.199
2300400 15.199
2301300 15.175
2302200 15.199
2303100 15.175
2304000 15.175
2304900 15.199
2305800 15.199
2306700 15.199
2307600 15.223
2308500 15.223
2309400 15.27
2310300 15.27
2311200 15.294
2312100 15.318
2313000 15.342
2313900 15.39
2314800 15.438
2315700 15.485
2316600 15.533
2317500 15.581
2318400 15.629
2319300 15.676
2320200 15.748
2321100 15.819
2322000 15.867
2322900 15.939
2323800 15.986
2324700 16.034
2325600 16.106
2326500 16.177
2327400 16.249
2328300 16.32
2329200 16.392
2330100 16.439
2331000 16.487
2331900 16.534
2332800 16.582
2333700 16.606
2334600 16.63
2335500 16.654
2336400 16.654
2337300 16.677
2338200 16.677
2339100 16.677
2340000 16.677
2340900 16.677
2341800 16.677
2342700 16.677
2343600 16.677
2344500 16.677
2345400 16.677
2346300 16.677
2347200 16.654
2348100 16.654
2349000 16.63
2349900 16.63
2350800 16.63
2351700 16.606
2352600 16.606
2353500 16.582
2354400 16.582
2355300 16.582
2356200 16.558
2357100 16.558
2358000 16.534
2358900 16.534
2359800 16.511
2360700 16.487
2361600 16.463
2362500 16.439
2363400 16.415
2364300 16.392
2365200 16.368
2366100 16.32
2367000 16.272
2367900 16.249
2368800 16.201
2369700 16.177
2370600 16.129
2371500 16.082
2372400 16.034
2373300 16.01
2374200 15.963
2375100 15.915
2376000 15.867
2376900 15.819
2377800 15.772
2378700 15.748
2379600 15.676
2380500 15.652
2381400 15.605
2382300 15.557
2383200 15.509
2384100 15.461
2385000 15.438
2385900 15.39
2386800 15.342
2387700 15.318
2388600 15.27
2389500 15.247
2390400 15.199
2391300 15.175
2392200 15.151
2393100 15.127
2394000 15.079
2394900 15.079
2395800 15.055
2396700 15.008
2397600 15.008
2398500 14.984
2399400 14.96
2400300 14.96
2401200 14.936
2402100 14.936
2403000 14.936
2403900 14.936
2404800 14.936
2405700 14.936
2406600 14.936
2407500 14.936
2408400 14.96
2409300 14.96
2410200 14.96
2411100 15.008
2412000 15.031
2412900 15.055
2413800 15.079
2414700 15.127
2415600 15.151
2416500 15.175
2417400 15.199
2418300 15.223
2419200 15.247
2420100 15.27
2421000 15.27
2421900 15.294
2422800 15.318
2423700 15.342
2424600 15.366
2425500 15.366
2426400 15.39
2427300 15.39
2428200 15.414
2429100 15.414
2430000 15.414
2430900 15.414
2431800 15.438
2432700 15.438
2433600 15.438
2434500 15.438
2435400 15.438
2436300 15.414
2437200 15.414
2438100 15.414
2439000 15.414
2439900 15.414
2440800 15.39
2441700 15.39
2442600 15.366
2443500 15.366
2444400 15.342
2445300 15.342
2446200 15.318
2447100 15.294
2448000 15.294
2448900 15.27
2449800 15.247
2450700 15.223
2451600 15.199
2452500 15.175
2453400 15.151
2454300 15.103
2455200 15.079
2456100 15.055
2457000 15.008
2457900 14.984
2458800 14.936
2459700 14.912
2460600 14.864
2461500 14.84
2462400 14.792
2463300 14.768
2464200 14.745
2465100 14.697
2466000 14.673
2466900 14.625
2467800 14.601
2468700 14.553
2469600 14.529
2470500 14.505
2471400 14.481
2472300 14.457
2473200 14.433
2474100 14.409
2475000 14.385
2475900 14.361
2476800 14.337
2477700 14.314
2478600 14.314
2479500 14.29
2480400 14.29
2481300 14.29
2482200 14.266
2483100 14.29
2484000 14.29
2484900 14.29
2485800 14.29
2486700 14.314
2487600 14.337
2488500 14.337
2489400 14.361
2490300 14.385
2491200 14.409
2492100 14.433
2493000 14.457
2493900 14.481
2494800 14.505
2495700 14.553
2496600 14.577
2497500 14.625
2498400 14.673
2499300 14.721
2500200 14.768
2501100 14.816
2502000 14.864
2502900 14.912
2503800 14.984
2504700 15.031
2505600 15.079
2506500 15.127
2507400 15.175
2508300 15.223
2509200 15.294
2510100 15.318
2511000 15.366
2511900 15.39
2512800 15.414
2513700 15.438
2514600 15.461
2515500 15.485
2516400 15.485
2517300 15.509
2518200 15.533
2519100 15.533
2520000 15.557
2520900 15.557
2521800 15.557
2522700 15.581
2523600 15.581
2524500 15.581
2525400 15.581
2526300 15.581
2527200 15.581
2528100 15.581
2529000 15.581
2529900 15.581
2530800 15.581
2531700 15.581
2532600 15.557
2533500 15.557
2534400 15.533
2535300 15.533
2536200 15.509
2537100 15.485
2538000 15.485
2538900 15.461
2539800 15.438
2540700 15.438
2541600 15.414
2542500 15.39
2543400 15.366
2544300 15.342
2545200 15.318
2546100 15.294
2547000 15.27
2547900 15.247
2548800 15.223
2549700 15.199
2550600 15.199
2551500 15.175
2552400 15.151
2553300 15.127
2554200 15.103
2555100 15.103
2556000 15.079
2556900 15.055
2557800 15.055
2558700 15.031
2559600 15.031
2560500 15.008
2561400 15.008
2562300 15.008
2563200 15.008
2564100 15.008
2565000 15.008
2565900 15.008
2566800 15.008
2567700 15.031
2568600 15.031
2569500 15.055
2570400 15.055
2571300 15.079
2572200 15.079
2573100 15.103
2574000 15.127
2574900 15.151
2575800 15.175
2576700 15.223
2577600 15.247
2578500 15.27
2579400 15.318
2580300 15.366
2581200 15.414
2582100 15.438
2583000 15.485
2583900 15.557
2584800 15.629
2585700 15.676
2586600 15.748
2587500 15.819
2588400 15.891
2589300 15.939
2590200 16.01
2591100 16.082
2592000 16.129
2592900 16.201
2593800 16.249
2594700 16.296
2595600 16.344
2596500 16.392
2597400 16.439
2598300 16.463
2599200 16.487
2600100 16.511
2601000 16.534
2601900 16.534
2602800 16.558
2603700 16.558
2604600 16.582
2605500 16.582
2606400 16.582
2607300 16.606
2608200 16.606
2609100 16.606
2610000 16.606
2610900 16.606
2611800 16.606
2612700 16.582
2613600 16.582
2614500 16.582
2615400 16.582
2616300 16.558
2617200 16.558
2618100 16.534
2619000 16.511
2619900 16.511
2620800 16.487
2621700 16.463
2622600 16.439
2623500 16.415
2624400 16.392
2625300 16.368
2626200 16.344
2627100 16.296
2628000 16.272
2628900 16.249
2629800 16.201
2630700 16.177
2631600 16.129
2632500 16.106
2633400 16.058
2634300 16.034
2635200 16.01
2636100 15.963
2637000 15.939
2637900 15.891
2638800 15.867
2639700 15.843
2640600 15.796
2641500 15.772
2642400 15.748
2643300 15.724
2644200 15.7
2645100 15.676
2646000 15.652
2646900 15.629
2647800 15.629
2648700 15.605
2649600 15.581
2650500 15.581
2651400 15.581
2652300 15.581
2653200 15.557
2654100 15.557
2655000 15.557
2655900 15.581
2656800 15.581
2657700 15.581
2658600 15.605
2659500 15.605
2660400 15.629
2661300 15.652
2662200 15.676
2663100 15.7
2664000 15.724
2664900 15.772
2665800 15.796
2666700 15.843
2667600 15.891
2668500 15.915
2669400 15.963
2670300 16.01
2671200 16.082
2672100 16.153
2673000 16.225
2673900 16.272
2674800 16.344
2675700 16.415
2676600 16.463
2677500 16.511
2678400 16.558
2679300 16.606
2680200 16.654
2681100 16.701
2682000 16.749
2682900 16.796
2683800 16.844
2684700 16.868
2685600 16.892
2686500 16.915
2687400 16.915
2688300 16.915
2689200 16.939
2690100 16.939
2691000 16.963
2691900 16.963
2692800 16.963
2693700 16.963
2694600 16.963
2695500 16.963
2696400 16.963
2697300 16.963
2698200 16.963
2699100 16.963
2700000 16.963
2700900 16.963
2701800 16.939
2702700 16.939
2703600 16.915
2704500 16.915
2705400 16.892
2706300 16.892
2707200 16.868
2708100 16.844
2709000 16.82
2709900 16.796
2710800 16.773
2711700 16.749
2712600 16.701
2713500 16.677
2714400 16.654
2715300 16.63
2716200 16.582
2717100 16.534
2718000 16.511
2718900 16.487
2719800 16.439
2720700 16.415
2721600 16.368
2722500 16.32
2723400 16.296
2724300 16.249
2725200 16.225
2726100 16.201
2727000 16.153
2727900 16.129
2728800 16.106
2729700 16.082
2730600 16.058
2731500 16.034
2732400 16.01
2733300 15.986
2734200 15.963
2735100 15.963
2736000 15.963
2736900 15.939
2737800 15.939
2738700 15.939
2739600 15.939
2740500 15.939
2741400 15.939
2742300 15.963
2743200 15.986
2744100 15.986
2745000 16.01
2745900 16.01
2746800 16.058
2747700 16.058
2748600 16.106
2749500 16.129
2750400 16.153
2751300 16.201
2752200 16.249
2753100 16.296
2754000 16.32
2754900 16.392
2755800 16.439
2756700 16.487
2757600 16.558
2758500 16.63
2759400 16.677
2760300 16.749
2761200 16.796
2762100 16.868
2763000 16.915
2763900 16.963
2764800 17.034
2765700 17.058
2766600 17.106
2767500 17.153
2768400 17.201
2769300 17.225
2770200 17.249
2771100 17.272
2772000 17.296
2772900 17.296
2773800 17.296
2774700 17.32
2775600 17.32
2776500 17.32
2777400 17.32
2778300 17.344
2779200 17.344
2780100 17.344
2781000 17.344
2781900 17.344
2782800 17.344
2783700 17.32
2784600 17.32
2785500 17.32
2786400 17.32
2787300 17.296
2788200 17.296
2789100 17.272
2790000 17.249
2790900 17.249
2791800 17.225
2792700 17.201
2793600 17.177
2794500 17.153
2795400 17.13
2796300 17.106
2797200 17.082
2798100 17.058
2799000 17.034
2799900 17.011
2800800 16.963
2801700 16.939
2802600 16.915
2803500 16.892
2804400 16.868
2805300 16.844
2806200 16.82
2807100 16.773
2808000 16.749
2808900 16.725
2809800 16.701
2810700 16.677
2811600 16.654
2812500 16.606
2813400 16.606
2814300 16.582
2815200 16.558
2816100 16.534
2817000 16.534
2817900 16.511
2818800 16.511
2819700 16.487
2820600 16.487
2821500 16.487
2822400 16.463
2823300 16.463
2824200 16.463
2825100 16.463
2826000 16.463
2826900 16.487
2827800 16.487
2828700 16.487
2829600 16.511
2830500 16.511
2831400 16.534
2832300 16.558
2833200 16.582
2834100 16.606
2835000 16.63
2835900 16.654
2836800 16.701
2837700 16.725
2838600 16.773
2839500 16.796
2840400 16.844
2841300 16.868
2842200 16.915
2843100 16.987
2844000 17.034
2844900 17.106
2845800 17.153
2846700 17.225
2847600 17.296
2848500 17.344
2849400 17.391
2850300 17.463
2851200 17.51
2852100 17.558
2853000 17.605
2853900 17.629
2854800 17.677
2855700 17.677
2856600 17.677
2857500 17.701
2858400 17.701
2859300 17.724
2860200 17.748
2861100 17.772
2862000 17.772
2862900 17.796
2863800 17.796
2864700 17.796
2865600 17.796
2866500 17.796
2867400 17.819
2868300 17.819
2869200 17.819
2870100 17.819
2871000 17.819
2871900 17.819
2872800 17.819
2873700 17.819
2874600 17.819
2875500 17.819
2876400 17.819
2877300 17.819
2878200 17.819
2879100 17.819
2880000 17.819
2880900 17.796
2881800 17.796
2882700 17.772
2883600 17.772
2884500 17.748
2885400 17.748
2886300 17.724
2887200 17.724
2888100 17.701
2889000 17.677
2889900 17.629
2890800 17.605
2891700 17.605
2892600 17.558
2893500 17.534
2894400 17.51
2895300 17.486
2896200 17.463
2897100 17.463
2898000 17.439
2898900 17.415
2899800 17.391
2900700 17.391
2901600 17.368
2902500 17.368
2903400 17.344
2904300 17.344
2905200 17.32
2906100 17.32
2907000 17.32
2907900 17.296
2908800 17.296
2909700 17.296
2910600 17.296
2911500 17.296
2912400 17.296
2913300 17.296
2914200 17.32
2915100 17.32
2916000 17.344
2916900 17.344
2917800 17.368
2918700 17.391
2919600 17.415
2920500 17.439
2921400 17.463
2922300 17.486
2923200 17.534
2924100 17.558
2925000 17.582
2925900 17.629
2926800 17.677
2927700 17.724
2928600 17.796
2929500 17.843
2930400 17.915
2931300 17.986
2932200 18.057
2933100 18.129
2934000 18.176
2934900 18.247
2935800 18.295
2936700 18.366
2937600 18.414
2938500 18.438
2939400 18.485
2940300 18.533
2941200 18.557
2942100 18.58
2943000 18.604
2943900 18.604
2944800 18.604
2945700 18.604
2946600 18.58
2947500 18.58
2948400 18.58
2949300 18.58
2950200 18.557
2951100 18.557
2952000 18.557
2952900 18.557
2953800 18.533
2954700 18.533
2955600 18.509
2956500 18.509
2957400 18.485
2958300 18.485
2959200 18.461
2960100 18.438
2961000 18.438
2961900 18.414
2962800 18.39
2963700 18.366
2964600 18.343
2965500 18.319
2966400 18.295
2967300 18.271
2968200 18.247
2969100 18.224
2970000 18.2
2970900 18.152
2971800 18.129
2972700 18.105
2973600 18.057
2974500 18.033
2975400 17.986
2976300 17.962
2977200 17.915
2978100 17.867
2979000 17.819
2979900 17.796
2980800 17.748
2981700 17.701
2982600 17.677
2983500 17.629
2984400 17.582
2985300 17.534
2986200 17.486
2987100 17.439
2988000 17.391
2988900 17.344
2989800 17.296
2990700 17.249
2991600 17.225
2992500 17.177
2993400 17.153
2994300 17.106
2995200 17.058
2996100 17.011
2997000 16.987
2997900 16.939
2998800 16.915
2999700 16.892
3000600 16.868
3001500 16.844
3002400 16.82
3003300 16.796
3004200 16.773
3005100 16.773
3006000 16.749
3006900 16.749
3007800 16.749
3008700 16.749
3009600 16.749
3010500 16.725
3011400 16.725
3012300 16.725
3013200 16.749
3014100 16.749
3015000 16.773
3015900 16.773
3016800 16.82
3017700 16.844
3018600 16.892
3019500 16.939
3020400 16.987
3021300 17.011
3022200 17.058
3023100 17.082
3024000 17.106
3024900 17.106
3025800 17.13
3026700 17.153
3027600 17.153
3028500 17.153
3029400 17.177
3030300 17.177
3031200 17.201
3032100 17.201
3033000 17.201
3033900 17.201
3034800 17.177
3035700 17.177
3036600 17.177
3037500 17.153
3038400 17.153
3039300 17.13
3040200 17.13
3041100 17.106
3042000 17.106
3042900 17.082
3043800 17.058
3044700 17.058
3045600 17.058
3046500 17.034
3047400 17.011
3048300 16.987
3049200 16.987
3050100 16.963
3051000 16.939
3051900 16.915
3052800 16.892
3053700 16.868
3054600 16.844
3055500 16.796
3056400 16.773
3057300 16.725
3058200 16.701
3059100 16.654
3060000 16.63
3060900 16.582
3061800 16.558
3062700 16.511
3063600 16.463
3064500 16.439
3065400 16.415
3066300 16.368
3067200 16.32
3068100 16.296
3069000 16.272
3069900 16.225
3070800 16.201
3071700 16.153
3072600 16.129
3073500 16.106
3074400 16.058
3075300 16.034
3076200 16.01
3077100 15.963
3078000 15.939
3078900 15.891
3079800 15.867
3080700 15.843
3081600 15.819
3082500 15.796
3083400 15.772
3084300 15.748
3085200 15.724
3086100 15.724
3087000 15.7
3087900 15.676
3088800 15.676
3089700 15.652
3090600 15.652
3091500 15.652
3092400 15.652
3093300 15.652
3094200 15.652
3095100 15.652
3096000 15.652
3096900 15.676
3097800 15.676
3098700 15.676
3099600 15.7
3100500 15.7
3101400 15.7
3102300 15.724
3103200 15.748
3104100 15.748
3105000 15.772
3105900 15.796
3106800 15.819
3107700 15.867
3108600 15.891
3109500 15.915
3110400 15.939
3111300 15.939
3112200 15.986
3113100 16.01
3114000 16.01
3114900 16.058
3115800 16.082
3116700 16.082
3117600 16.082
3118500 16.106
3119400 16.106
3120300 16.129
3121200 16.129
3122100 16.153
3123000 16.153
3123900 16.153
3124800 16.153
3125700 16.153
3126600 16.153
3127500 16.153
3128400 16.153
3129300 16.129
3130200 16.129
3131100 16.129
3132000 16.129
3132900 16.106
3133800 16.106
3134700 16.106
3135600 16.082
3136500 16.082
3137400 16.058
3138300 16.058
3139200 16.034
3140100 16.034
3141000 16.01
3141900 15.986
3142800 15.986
3143700 15.963
3144600 15.939
3145500 15.915
3146400 15.891
3147300 15.867
3148200 15.867
3149100 15.843
3150000 15.819
3150900 15.772
3151800 15.772
3152700 15.748
3153600 15.724
3154500 15.7
3155400 15.676
3156300 15.652
3157200 15.652
3158100 15.629
3159000 15.605
3159900 15.581
3160800 15.581
3161700 15.557
3162600 15.533
3163500 15.533
3164400 15.509
3165300 15.485
3166200 15.461
3167100 15.461
3168000 15.461
3168900 15.438
3169800 15.438
3170700 15.438
3171600 15.414
3172500 15.414
3173400 15.414
3174300 15.414
3175200 15.414
3176100 15.414
3177000 15.438
3177900 15.438
3178800 15.438
3179700 15.461
3180600 15.461
3181500 15.485
3182400 15.509
3183300 15.533
3184200 15.533
3185100 15.557
3186000 15.605
3186900 15.629
3187800 15.652
3188700 15.676
3189600 15.724
3190500 15.748
3191400 15.796
3192300 15.819
3193200 15.867
3194100 15.891
3195000 15.915
3195900 15.963
3196800 15.986
3197700 16.034
3198600 16.058
3199500 16.106
3200400 16.129
3201300 16.153
3202200 16.177
3203100 16.201
3204000 16.225
3204900 16.225
3205800 16.249
3206700 16.272
3207600 16.272
3208500 16.296
3209400 16.296
3210300 16.32
3211200 16.32
3212100 16.32
3213000 16.344
3213900 16.344
3214800 16.344
3215700 16.344
3216600 16.344
3217500 16.344
3218400 16.32
3219300 16.32
3220200 16.32
3221100 16.32
3222000 16.32
3222900 16.296
3223800 16.296
3224700 16.296
3225600 16.272
3226500 16.249
3227400 16.249
3228300 16.225
3229200 16.201
3230100 16.201
3231000 16.177
3231900 16.153
3232800 16.129
3233700 16.106
3234600 16.082
3235500 16.058
3236400 16.034
3237300 16.01
3238200 15.986
3239100 15.963
3240000 15.939
3240900 15.915
3241800 15.891
3242700 15.867
3243600 15.843
3244500 15.796
3245400 15.772
3246300 15.772
3247200 15.724
3248100 15.7
3249000 15.676
3249900 15.652
3250800 15.629
3251700 15.629
3252600 15.605
3253500 15.581
3254400 15.557
3255300 15.557
3256200 15.557
3257100 15.533
3258000 15.533
3258900 15.533
3259800 15.533
3260700 15.533
3261600 15.533
3262500 15.533
3263400 15.533
3264300 15.557
3265200 15.581
3266100 15.581
3267000 15.605
3267900 15.629
3268800 15.652
3269700 15.7
3270600 15.724
3271500 15.772
3272400 15.796
3273300 15.843
3274200 15.891
3275100 15.915
3276000 15.963
3276900 15.986
3277800 16.034
3278700 16.058
3279600 16.106
3280500 16.153
3281400 16.201
3282300 16.249
3283200 16.296
3284100 16.344
3285000 16.368
3285900 16.392
3286800 16.392
3287700 16.415
3288600 16.415
3289500 16.415
3290400 16.439
3291300 16.439
3292200 16.463
3293100 16.463
3294000 16.463
3294900 16.487
3295800 16.487
3296700 16.511
3297600 16.511
3298500 16.534
3299400 16.534
3300300 16.534
3301200 16.534
3302100 16.558
3303000 16.558
3303900 16.582
3304800 16.558
3305700 16.534
3306600 16.534
3307500 16.511
3308400 16.487
3309300 16.463
3310200 16.463
3311100 16.463
3312000 16.439
3312900 16.439
3313800 16.415
3314700 16.415
3315600 16.392
3316500 16.392
3317400 16.392
3318300 16.392
3319200 16.392
3320100 16.368
3321000 16.368
3321900 16.368
3322800 16.344
3323700 16.344
3324600 16.32
3325500 16.32
3326400 16.296
3327300 16.296
3328200 16.296
3329100 16.272
3330000 16.272
3330900 16.249
3331800 16.249
3332700 16.225
3333600 16.225
3334500 16.201
3335400 16.201
3336300 16.201
3337200 16.177
3338100 16.177
3339000 16.177
3339900 16.177
3340800 16.153
3341700 16.177
3342600 16.177
3343500 16.177
3344400 16.177
3345300 16.177
3346200 16.177
3347100 16.177
3348000 16.177
3348900 16.177
3349800 16.201
3350700 16.201
3351600 16.201
3352500 16.201
3353400 16.177
3354300 16.177
3355200 16.177
3356100 16.177
3357000 16.177
3357900 16.177
3358800 16.201
3359700 16.225
3360600 16.249
3361500 16.272
3362400 16.32
3363300 16.344
3364200 16.368
3365100 16.392
3366000 16.415
3366900 16.439
3367800 16.463
3368700 16.487
3369600 16.511
3370500 16.534
3371400 16.558
3372300 16.558
3373200 16.558
3374100 16.582
3375000 16.511
3375900 16.463
3376800 16.439
3377700 16.439
3378600 16.439
3379500 16.439
3380400 16.463
3381300 16.463
3382200 16.463
3383100 16.487
3384000 16.487
3384900 16.511
3385800 16.511
3386700 16.511
3387600 16.511
3388500 16.511
3389400 16.511
3390300 16.534
3391200 16.534
3392100 16.511
3393000 16.511
3393900 16.511
3394800 16.534
3395700 16.511
3396600 16.511
3397500 16.511
3398400 16.511
3399300 16.487
3400200 16.487
3401100 16.487
3402000 16.463
3402900 16.439
3403800 16.439
3404700 16.415
3405600 16.392
3406500 16.368
3407400 16.344
3408300 16.344
3409200 16.344
3410100 16.344
3411000 16.32
3411900 16.32
3412800 16.32
3413700 16.32
3414600 16.296
3415500 16.296
3416400 16.296
3417300 16.296
3418200 16.272
3419100 16.272
3420000 16.249
3420900 16.249
3421800 16.225
3422700 16.225
3423600 16.201
3424500 16.201
3425400 16.201
3426300 16.177
3427200 16.177
3428100 16.153
3429000 16.153
3429900 16.153
3430800 16.153
3431700 16.153
3432600 16.129
3433500 16.129
3434400 16.129
3435300 16.106
3436200 16.129
3437100 16.106
3438000 16.106
3438900 16.082
3439800 16.058
3440700 16.058
3441600 16.034
3442500 16.034
3443400 16.034
3444300 16.01
3445200 16.01
3446100 16.034
3447000 16.034
3447900 16.058
3448800 16.034
3449700 16.034
3450600 16.034
3451500 16.058
3452400 16.058
3453300 16.082
3454200 16.082
3455100 16.034
3456000 16.034
3456900 16.034
3457800 16.058
3458700 16.058
3459600 16.058
3460500 16.058
3461400 16.058
3462300 16.058
3463200 16.058
3464100 16.082
3465000 16.082
3465900 16.082
3466800 16.106
3467700 16.106
3468600 16.106
3469500 16.129
3470400 16.129
3471300 16.129
3472200 16.129
3473100 16.106
3474000 16.106
3474900 16.106
3475800 16.106
3476700 16.106
3477600 16.106
3478500 16.106
3479400 16.106
3480300 16.106
3481200 16.106
3482100 16.082
3483000 16.082
3483900 16.058
3484800 16.058
3485700 16.058
3486600 16.034
3487500 16.034
3488400 16.034
3489300 16.01
3490200 16.01
3491100 16.01
3492000 15.986
3492900 15.963
3493800 15.963
3494700 15.963
3495600 15.939
3496500 15.939
3497400 15.915
3498300 15.915
3499200 15.891
3500100 15.867
3501000 15.867
3501900 15.867
3502800 15.843
3503700 15.819
3504600 15.819
3505500 15.796
3506400 15.772
3507300 15.772
3508200 15.748
3509100 15.724
3510000 15.724
3510900 15.7
3511800 15.7
3512700 15.676
3513600 15.676
3514500 15.652
3515400 15.652
3516300 15.629
3517200 15.629
3518100 15.605
3519000 15.605
3519900 15.581
3520800 15.581
3521700 15.557
3522600 15.557
3523500 15.557
3524400 15.533
3525300 15.533
3526200 15.533
3527100 15.533
3528000 15.533
3528900 15.533
3529800 15.533
3530700 15.533
3531600 15.533
3532500 15.533
3533400 15.533
3534300 15.557
3535200 15.557
3536100 15.557
3537000 15.581
3537900 15.581
3538800 15.605
3539700 15.605
3540600 15.605
3541500 15.629
3542400 15.652
3543300 15.676
3544200 15.676
3545100 15.7
3546000 15.7
3546900 15.724
3547800 15.724
3548700 15.724
3549600 15.748
3550500 15.748
3551400 15.772
3552300 15.772
3553200 15.772
3554100 15.772
3555000 15.772
3555900 15.772
3556800 15.772
3557700 15.796
3558600 15.796
3559500 15.796
3560400 15.796
3561300 15.796
3562200 15.796
3563100 15.796
3564000 15.796
3564900 15.772
3565800 15.772
3566700 15.748
3567600 15.748
3568500 15.748
3569400 15.724
3570300 15.724
3571200 15.7
3572100 15.7
3573000 15.676
3573900 15.676
3574800 15.652
3575700 15.652
3576600 15.629
3577500 15.605
3578400 15.605
3579300 15.581
3580200 15.557
3581100 15.557
3582000 15.533
3582900 15.509
3583800 15.485
3584700 15.461
3585600 15.461
3586500 15.438
3587400 15.414
3588300 15.39
3589200 15.39
3590100 15.366
3591000 15.342
3591900 15.318
3592800 15.318
3593700 15.294
3594600 15.27
3595500 15.247
3596400 15.223
3597300 15.223
3598200 15.199
3599100 15.175
3600000 15.175
3600900 15.151
3601800 15.127
3602700 15.127
3603600 15.103
3604500 15.079
3605400 15.079
3606300 15.055
3607200 15.031
3608100 15.008
3609000 15.008
3609900 14.984
3610800 15.008
3611700 14.984
3612600 14.984
3613500 14.96
3614400 14.96
3615300 14.96
3616200 14.936
3617100 14.936
3618000 14.912
3618900 14.936
3619800 14.96
3620700 14.96
3621600 14.96
3622500 14.936
3623400 14.936
3624300 14.936
3625200 14.936
3626100 14.936
3627000 14.936
3627900 14.936
3628800 14.936
3629700 14.912
3630600 14.936
3631500 14.936
3632400 14.936
3633300 14.936
3634200 14.96
3635100 14.96
3636000 14.984
3636900 14.984
3637800 15.008
3638700 15.008
3639600 15.008
3640500 15.008
3641400 15.031
3642300 15.031
3643200 15.031
3644100 15.055
3645000 15.055
3645900 15.055
3646800 15.055
3647700 15.055
3648600 15.055
3649500 15.055
3650400 15.055
3651300 15.055
3652200 15.055
3653100 15.055
3654000 15.055
3654900 15.055
3655800 15.055
3656700 15.055
3657600 15.055
3658500 15.055
3659400 15.055
3660300 15.055
3661200 15.031
3662100 15.031
3663000 15.031
3663900 15.031
3664800 15.031
3665700 15.008
3666600 15.008
3667500 15.008
3668400 15.008
3669300 14.984
3670200 14.984
3671100 14.984
3672000 14.96
3672900 14.96
3673800 14.96
3674700 14.936
3675600 14.936
3676500 14.912
3677400 14.912
3678300 14.912
3679200 14.888
3680100 14.888
3681000 14.888
3681900 14.864
3682800 14.864
3683700 14.84
3684600 14.84
3685500 14.816
3686400 14.816
3687300 14.792
3688200 14.792
3689100 14.792
3690000 14.768
3690900 14.768
3691800 14.768
3692700 14.745
3693600 14.745
3694500 14.745
3695400 14.745
3696300 14.721
3697200 14.721
3698100 14.721
3699000 14.721
3699900 14.697
3700800 14.697
3701700 14.697
3702600 14.697
3703500 14.697
3704400 14.673
3705300 14.673
3706200 14.673
3707100 14.673
3708000 14.673
3708900 14.673
3709800 14.697
3710700 14.697
3711600 14.697
3712500 14.697
3713400 14.697
3714300 14.697
3715200 14.721
3716100 14.721
3717000 14.721
3717900 14.745
3718800 14.745
3719700 14.745
3720600 14.745
3721500 14.768
3722400 14.768
3723300 14.768
3724200 14.768
3725100 14.792
3726000 14.792
3726900 14.792
3727800 14.792
3728700 14.816
3729600 14.816
3730500 14.816
3731400 14.816
3732300 14.816
3733200 14.816
3734100 14.816
3735000 14.816
3735900 14.84
3736800 14.84
3737700 14.84
3738600 14.84
3739500 14.816
3740400 14.84
3741300 14.816
3742200 14.816
3743100 14.816
3744000 14.816
3744900 14.816
3745800 14.816
3746700 14.792
3747600 14.792
3748500 14.792
3749400 14.792
3750300 14.768
3751200 14.768
3752100 14.745
3753000 14.745
3753900 14.745
3754800 14.721
3755700 14.721
3756600 14.697
3757500 14.697
3758400 14.673
3759300 14.673
3760200 14.649
3761100 14.649
3762000 14.649
3762900 14.625
3763800 14.625
3764700 14.601
3765600 14.601
3766500 14.601
3767400 14.577
3768300 14.553
3769200 14.553
3770100 14.553
3771000 14.529
3771900 14.529
3772800 14.529
3773700 14.505
3774600 14.505
3775500 14.505
3776400 14.481
3777300 14.481
3778200 14.481
3779100 14.481
3780000 14.457
3780900 14.457
3781800 14.457
3782700 14.457
3783600 14.433
3784500 14.433
3785400 14.433
3786300 14.433
3787200 14.433
3788100 14.433
3789000 14.433
3789900 14.433
3790800 14.433
3791700 14.433
3792600 14.433
3793500 14.433
3794400 14.433
3795300 14.433
3796200 14.433
3797100 14.457
3798000 14.457
3798900 14.457
3799800 14.481
3800700 14.481
3801600 14.481
3802500 14.481
3803400 14.505
3804300 14.529
3805200 14.529
3806100 14.529
3807000 14.553
3807900 14.553
3808800 14.577
3809700 14.577
3810600 14.601
3811500 14.601
3812400 14.625
3813300 14.625
3814200 14.649
3815100 14.649
3816000 14.649
3816900 14.673
3817800 14.673
3818700 14.673
3819600 14.697
3820500 14.697
3821400 14.697
3822300 14.721
3823200 14.721
3824100 14.721
3825000 14.721
3825900 14.745
3826800 14.745
3827700 14.745
3828600 14.745
3829500 14.745
3830400 14.745
3831300 14.745
3832200 14.745
3833100 14.745
3834000 14.745
3834900 14.745
3835800 14.721
3836700 14.721
3837600 14.721
3838500 14.697
3839400 14.697
3840300 14.673
3841200 14.673
3842100 14.673
3843000 14.649
3843900 14.625
3844800 14.625
3845700 14.601
3846600 14.577
3847500 14.577
3848400 14.553
3849300 14.529
3850200 14.529
3851100 14.505
3852000 14.505
3852900 14.481
3853800 14.481
3854700 14.457
3855600 14.457
3856500 14.433
3857400 14.409
3858300 14.409
3859200 14.385
3860100 14.361
3861000 14.361
3861900 14.337
3862800 14.337
3863700 14.337
3864600 14.314
3865500 14.337
3866400 14.337
3867300 14.314
3868200 14.337
3869100 14.337
3870000 14.337
3870900 14.337
3871800 14.361
3872700 14.361
3873600 14.385
3874500 14.385
3875400 14.409
3876300 14.433
3877200 14.457
3878100 14.481
3879000 14.505
3879900 14.529
3880800 14.577
3881700 14.601
3882600 14.649
3883500 14.697
3884400 14.721
3885300 14.768
3886200 14.816
3887100 14.84
3888000 14.864
3888900 14.912
3889800 14.936
3890700 14.984
3891600 15.031
3892500 15.055
3893400 15.079
3894300 15.103
3895200 15.151
3896100 15.175
3897000 15.199
3897900 15.199
3898800 15.223
3899700 15.247
3900600 15.27
3901500 15.294
3902400 15.318
3903300 15.318
3904200 15.342
3905100 15.366
3906000 15.366
3906900 15.39
3907800 15.39
3908700 15.414
3909600 15.414
3910500 15.438
3911400 15.438
3912300 15.438
3913200 15.438
3914100 15.438
3915000 15.438
3915900 15.438
3916800 15.438
3917700 15.438
3918600 15.414
3919500 15.39
3920400 15.39
3921300 15.39
3922200 15.366
3923100 15.342
3924000 15.342
3924900 15.318
3925800 15.318
3926700 15.294
3927600 15.27
3928500 15.247
3929400 15.247
3930300 15.223
3931200 15.199
3932100 15.175
3933000 15.151
3933900 15.127
3934800 15.103
3935700 15.079
3936600 15.055
3937500 15.031
3938400 15.008
3939300 14.984
3940200 14.96
3941100 14.96
3942000 14.936
3942900 14.912
3943800 14.888
3944700 14.864
3945600 14.84
3946500 14.84
3947400 14.816
3948300 14.792
3949200 14.792
3950100 14.792
3951000 14.768
3951900 14.768
3952800 14.768
3953700 14.745
3954600 14.745
3955500 14.745
3956400 14.768
3957300 14.768
3958200 14.768
3959100 14.792
3960000 14.792
3960900 14.816
3961800 14.84
3962700 14.84
3963600 14.864
3964500 14.888
3965400 14.912
3966300 14.96
3967200 14.984
3968100 15.031
3969000 15.079
3969900 15.127
3970800 15.175
3971700 15.223
3972600 15.27
3973500 15.318
3974400 15.366
3975300 15.414
3976200 15.461
3977100 15.509
3978000 15.557
3978900 15.557
3979800 15.605
3980700 15.629
3981600 15.676
3982500 15.7
3983400 15.724
3984300 15.748
3985200 15.748
3986100 15.772
3987000 15.796
3987900 15.843
3988800 15.867
3989700 15.891
3990600 15.891
3991500 15.915
3992400 15.939
3993300 15.939
3994200 15.963
3995100 15.963
3996000 15.963
3996900 15.986
3997800 15.986
3998700 16.01
3999600 16.01
4000500 16.01
4001400 16.01
4002300 16.01
4003200 16.01
4004100 16.01
4005000 16.034
4005900 16.034
4006800 16.01
4007700 15.986
4008600 15.963
4009500 15.963
4010400 15.939
4011300 15.939
4012200 15.915
4013100 15.891
4014000 15.891
4014900 15.867
4015800 15.843
4016700 15.819
4017600 15.796
4018500 15.772
4019400 15.748
4020300 15.724
4021200 15.724
4022100 15.7
4023000 15.676
4023900 15.676
4024800 15.652
4025700 15.629
4026600 15.629
4027500 15.629
4028400 15.605
4029300 15.605
4030200 15.581
4031100 15.581
4032000 15.557
4032900 15.557
4033800 15.557
4034700 15.557
4035600 15.557
4036500 15.557
4037400 15.557
4038300 15.557
4039200 15.557
4040100 15.557
4041000 15.557
4041900 15.581
4042800 15.581
4043700 15.605
4044600 15.605
4045500 15.629
4046400 15.652
4047300 15.676
4048200 15.7
4049100 15.724
4050000 15.748
4050900 15.772
4051800 15.819
4052700 15.867
4053600 15.915
4054500 15.963
4055400 16.01
4056300 16.082
4057200 16.129
4058100 16.177
4059000 16.225
4059900 16.249
4060800 16.296
4061700 16.344
4062600 16.415
4063500 16.439
4064400 16.487
4065300 16.534
4066200 16.582
4067100 16.606
4068000 16.63
4068900 16.63
4069800 16.63
4070700 16.63
4071600 16.63
4072500 16.654
4073400 16.677
4074300 16.701
4075200 16.701
4076100 16.725
4077000 16.725
4077900 16.749
4078800 16.773
4079700 16.773
4080600 16.773
4081500 16.796
4082400 16.796
4083300 16.82
4084200 16.82
4085100 16.82
4086000 16.844
4086900 16.844
4087800 16.844
4088700 16.844
4089600 16.844
4090500 16.844
4091400 16.82
4092300 16.82
4093200 16.82
4094100 16.796
4095000 16.796
4095900 16.773
4096800 16.773
4097700 16.749
4098600 16.749
4099500 16.725
4100400 16.701
4101300 16.677
4102200 16.677
4103100 16.654
4104000 16.63
4104900 16.63
4105800 16.606
4106700 16.582
4107600 16.582
4108500 16.558
4109400 16.558
4110300 16.534
4111200 16.534
4112100 16.534
4113000 16.511
4113900 16.487
4114800 16.487
4115700 16.463
4116600 16.463
4117500 16.439
4118400 16.439
4119300 16.415
4120200 16.415
4121100 16.415
4122000 16.415
4122900 16.415
4123800 16.415
4124700 16.392
4125600 16.392
4126500 16.392
4127400 16.415
4128300 16.415
4129200 16.415
4130100 16.439
4131000 16.439
4131900 16.463
4132800 16.463
4133700 16.463
4134600 16.463
4135500 16.463
4136400 16.487
4137300 16.511
4138200 16.534
4139100 16.582
4140000 16.606
4140900 16.63
4141800 16.677
4142700 16.701
4143600 16.725
4144500 16.773
4145400 16.82
4146300 16.844
4147200 16.892
4148100 16.915
4149000 16.939
4149900 16.963
4150800 16.987
4151700 17.011
4152600 17.034
4153500 17.034
4154400 17.034
4155300 17.034
4156200 17.011
4157100 17.011
4158000 17.034
4158900 17.058
4159800 17.058
4160700 17.058
4161600 17.082
4162500 17.082
4163400 17.082
4164300 17.082
4165200 17.106
4166100 17.106
4167000 17.106
4167900 17.106
4168800 17.106
4169700 17.106
4170600 17.13
4171500 17.13
4172400 17.13
4173300 17.13
4174200 17.13
4175100 17.13
4176000 17.13
4176900 17.13
4177800 17.13
4178700 17.106
4179600 17.106
4180500 17.106
4181400 17.106
4182300 17.106
4183200 17.082
4184100 17.082
4185000 17.058
4185900 17.058
4186800 17.034
4187700 17.034
4188600 17.011
4189500 16.987
4190400 16.987
4191300 16.963
4192200 16.963
4193100 16.939
4194000 16.915
4194900 16.892
4195800 16.892
4196700 16.892
4197600 16.892
4198500 16.892
4199400 16.868
4200300 16.868
4201200 16.868
4202100 16.844
4203000 16.844
4203900 16.844
4204800 16.844
4205700 16.82
4206600 16.82
4207500 16.82
4208400 16.796
4209300 16.796
4210200 16.796
4211100 16.796
4212000 16.773
4212900 16.796
4213800 16.796
4214700 16.796
4215600 16.796
4216500 16.796
4217400 16.82
4218300 16.82
4219200 16.844
4220100 16.844
4221000 16.868
4221900 16.892
4222800 16.939
4223700 16.963
4224600 16.987
4225500 17.034
4226400 17.082
4227300 17.13
4228200 17.177
4229100 17.249
4230000 17.296
4230900 17.368
4231800 17.391
4232700 17.415
4233600 17.463
4234500 17.51
4235400 17.534
4236300 17.582
4237200 17.605
4238100 17.629
4239000 17.653
4239900 17.653
4240800 17.629
4241700 17.605
4242600 17.605
4243500 17.605
4244400 17.629
4245300 17.629
4246200 17.629
4247100 17.653
4248000 17.653
4248900 17.653
4249800 17.653
4250700 17.677
4251600 17.677
4252500 17.677
4253400 17.677
4254300 17.701
4255200 17.701
4256100 17.701
4257000 17.701
4257900 17.701
4258800 17.724
4259700 17.724
4260600 17.724
4261500 17.701
4262400 17.724
4263300 17.724
4264200 17.724
4265100 17.701
4266000 17.701
4266900 17.677
4267800 17.677
4268700 17.677
4269600 17.653
4270500 17.629
4271400 17.605
4272300 17.582
4273200 17.582
4274100 17.558
4275000 17.534
4275900 17.486
4276800 17.439
4277700 17.415
4278600 17.391
4279500 17.368
4280400 17.344
4281300 17.32
4282200 17.296
4283100 17.272
4284000 17.249
4284900 17.225
4285800 17.201
4286700 17.177
4287600 17.153
4288500 17.13
4289400 17.106
4290300 17.082
4291200 17.058
4292100 17.034
4293000 17.011
4293900 16.987
4294800 16.963
4295700 16.963
4296600 16.963
4297500 16.939
4298400 16.939
4299300 16.939
4300200 16.939
4301100 16.939
4302000 16.939
4302900 16.939
4303800 16.939
4304700 16.939
4305600 16.963
4306500 16.963
4307400 16.987
4308300 16.987
4309200 17.011
4310100 17.034
4311000 17.082
4311900 17.106
4312800 17.153
4313700 17.201
4314600 17.249
4315500 17.296
4316400 17.344
4317300 17.391
4318200 17.439
4319100 17.486
4320000 17.534
4320900 17.558
4321800 17.605
4322700 17.629
4323600 17.653
4324500 17.677
4325400 17.724
4326300 17.724
4327200 17.724
4328100 17.724
4329000 17.724
4329900 17.701
4330800 17.724
4331700 17.724
4332600 17.724
4333500 17.724
4334400 17.724
4335300 17.748
4336200 17.748
4337100 17.748
4338000 17.748
4338900 17.772
4339800 17.772
4340700 17.796
4341600 17.796
4342500 17.796
4343400 17.796
4344300 17.819
4345200 17.819
4346100 17.819
4347000 17.819
4347900 17.796
4348800 17.796
4349700 17.796
4350600 17.819
4351500 17.796
4352400 17.796
4353300 17.796
4354200 17.772
4355100 17.772
4356000 17.748
4356900 17.748
4357800 17.748
4358700 17.724
4359600 17.701
4360500 17.701
4361400 17.677
4362300 17.653
4363200 17.629
4364100 17.605
4365000 17.605
4365900 17.582
4366800 17.558
4367700 17.558
4368600 17.534
4369500 17.534
4370400 17.51
4371300 17.486
4372200 17.486
4373100 17.463
4374000 17.463
4374900 17.463
4375800 17.439
4376700 17.439
4377600 17.439
4378500 17.415
4379400 17.415
4380300 17.391
4381200 17.391
4382100 17.391
4383000 17.391
4383900 17.391
4384800 17.391
4385700 17.391
4386600 17.368
4387500 17.368
4388400 17.391
4389300 17.391
4390200 17.391
4391100 17.391
4392000 17.391
4392900 17.391
4393800 17.391
4394700 17.391
4395600 17.391
4396500 17.415
4397400 17.415
4398300 17.415
4399200 17.415
4400100 17.415
4401000 17.415
4401900 17.415
4402800 17.415
4403700 17.415
4404600 17.439
4405500 17.439
4406400 17.439
4407300 17.439
4408200 17.463
4409100 17.463
4410000 17.439
4410900 17.439
4411800 17.415
4412700 17.415
4413600 17.391
4414500 17.391
4415400 17.368
4416300 17.368
4417200 17.344
4418100 17.344
4419000 17.344
4419900 17.344
4420800 17.368
4421700 17.368
4422600 17.368
4423500 17.368
4424400 17.368
4425300 17.344
4426200 17.32
4427100 17.32
4428000 17.32
4428900 17.32
4429800 17.32
4430700 17.32
4431600 17.32
4432500 17.32
4433400 17.32
4434300 17.32
4435200 17.296
4436100 17.296
4437000 17.296
4437900 17.296
4438800 17.272
4439700 17.272
4440600 17.249
4441500 17.249
4442400 17.225
4443300 17.225
4444200 17.201
4445100 17.201
4446000 17.177
4446900 17.153
4447800 17.13
4448700 17.13
4449600 17.106
4450500 17.106
4451400 17.082
4452300 17.082
4453200 17.058
4454100 17.034
4455000 17.034
4455900 17.011
4456800 16.987
4457700 16.963
4458600 16.963
4459500 16.963
4460400 16.939
4461300 16.915
4462200 16.915
4463100 16.892
4464000 16.892
4464900 16.868
4465800 16.868
4466700 16.868
4467600 16.844
4468500 16.82
4469400 16.796
4470300 16.796
4471200 16.773
4472100 16.773
4473000 16.749
4473900 16.725
4474800 16.725
4475700 16.725
4476600 16.701
4477500 16.677
4478400 16.677
4479300 16.677
4480200 16.654
4481100 16.654
4482000 16.63
4482900 16.63
4483800 16.63
4484700 16.606
4485600 16.606
4486500 16.582
4487400 16.582
4488300 16.558
4489200 16.558
4490100 16.534
4491000 16.534
4491900 16.534
4492800 16.534
4493700 16.534
4494600 16.534
4495500 16.534
4496400 16.534
4497300 16.534
4498200 16.534
4499100 16.534
4500000 16.534
4500900 16.534
4501800 16.534
4502700 16.534
4503600 16.534
4504500 16.534
4505400 16.511
4506300 16.511
4507200 16.534
4508100 16.511
4509000 16.511
4509900 16.511
4510800 16.511
4511700 16.534
4512600 16.511
4513500 16.511
4514400 16.511
4515300 16.511
4516200 16.511
4517100 16.511
4518000 16.511
4518900 16.511
4519800 16.487
4520700 16.487
4521600 16.463
4522500 16.463
4523400 16.463
4524300 16.439
4525200 16.439
4526100 16.415
4527000 16.415
4527900 16.392
4528800 16.392
4529700 16.368
4530600 16.368
4531500 16.344
4532400 16.32
4533300 16.32
4534200 16.296
4535100 16.272
4536000 16.249
4536900 16.249
4537800 16.225
4538700 16.201
4539600 16.201
4540500 16.177
4541400 16.153
4542300 16.153
4543200 16.129
4544100 16.106
4545000 16.082
4545900 16.058
4546800 16.058
4547700 16.058
4548600 16.01
4549500 16.01
4550400 15.986
4551300 15.963
4552200 15.963
4553100 15.939
4554000 15.939
4554900 15.915
4555800 15.915
4556700 15.891
4557600 15.867
4558500 15.867
4559400 15.843
4560300 15.843
4561200 15.819
4562100 15.796
4563000 15.772
4563900 15.772
4564800 15.772
4565700 15.748
4566600 15.748
4567500 15.748
4568400 15.748
4569300 15.748
4570200 15.748
4571100 15.748
4572000 15.748
4572900 15.748
4573800 15.772
4574700 15.772
4575600 15.796
4576500 15.796
4577400 15.819
4578300 15.819
4579200 15.843
4580100 15.843
4581000 15.867
4581900 15.867
4582800 15.891
4583700 15.891
4584600 15.891
4585500 15.915
4586400 15.915
4587300 15.939
4588200 15.939
4589100 15.939
4590000 15.939
4590900 15.963
4591800 15.963
4592700 15.963
4593600 15.986
4594500 15.986
4595400 15.986
4596300 16.01
4597200 16.01
4598100 16.01
4599000 16.01
4599900 16.034
4600800 16.034
4601700 16.058
4602600 16.058
4603500 16.058
4604400 16.058
4605300 16.058
4606200 16.082
4607100 16.082
4608000 16.082
4608900 16.058
4609800 16.058
4610700 16.058
4611600 16.058
4612500 16.058
4613400 16.058
4614300 16.058
4615200 16.034
4616100 16.034
4617000 16.034
4617900 16.034
4618800 16.01
4619700 16.01
4620600 15.986
4621500 15.986
4622400 15.963
4623300 15.963
4624200 15.939
4625100 15.939
4626000 15.915
4626900 15.891
4627800 15.891
4628700 15.867
4629600 15.867
4630500 15.843
4631400 15.819
