0 10.522
900 10.527
1800 10.531
2700 10.536
3600 10.539
4500 10.544
5400 10.548
6300 10.551
7200 10.556
8100 10.559
9000 10.562
9900 10.565
10800 10.568
11700 10.571
12600 10.574
13500 10.577
14400 10.58
15300 10.583
16200 10.585
17100 10.588
18000 10.589
18900 10.591
19800 10.594
20700 10.595
21600 10.597
22500 10.599
23400 10.6
24300 10.602
25200 10.603
26100 10.603
27000 10.605
27900 10.606
28800 10.606
29700 10.606
30600 10.608
31500 10.608
32400 10.608
33300 10.608
34200 10.608
35100 10.609
36000 10.609
36900 10.608
37800 10.608
38700 10.608
39600 10.608
40500 10.608
41400 10.608
42300 10.606
43200 10.606
44100 10.606
45000 10.605
45900 10.605
46800 10.605
47700 10.605
48600 10.603
49500 10.603
50400 10.603
51300 10.602
52200 10.602
53100 10.602
54000 10.602
54900 10.602
55800 10.602
56700 10.602
57600 10.602
58500 10.602
59400 10.602
60300 10.602
61200 10.602
62100 10.602
63000 10.602
63900 10.603
64800 10.603
65700 10.603
66600 10.603
67500 10.605
68400 10.605
69300 10.606
70200 10.606
71100 10.606
72000 10.608
72900 10.608
73800 10.609
74700 10.611
75600 10.611
76500 10.612
77400 10.612
78300 10.614
79200 10.615
80100 10.615
81000 10.617
81900 10.617
82800 10.618
83700 10.618
84600 10.62
85500 10.62
86400 10.621
87300 10.621
88200 10.623
89100 10.623
90000 10.623
90900 10.623
91800 10.623
92700 10.623
93600 10.623
94500 10.623
95400 10.623
96300 10.623
97200 10.621
98100 10.621
99000 10.621
99900 10.62
100800 10.62
101700 10.618
102600 10.618
103500 10.617
104400 10.615
105300 10.615
106200 10.614
107100 10.612
108000 10.611
108900 10.609
109800 10.608
110700 10.606
111600 10.603
112500 10.602
113400 10.6
114300 10.599
115200 10.595
116100 10.592
117000 10.591
117900 10.588
118800 10.586
119700 10.583
120600 10.582
121500 10.579
122400 10.576
123300 10.573
124200 10.571
125100 10.568
126000 10.565
126900 10.562
127800 10.559
128700 10.554
129600 10.551
130500 10.548
131400 10.544
132300 10.54
133200 10.536
134100 10.531
135000 10.528
135900 10.524
136800 10.519
137700 10.514
138600 10.51
139500 10.507
140400 10.502
141300 10.498
142200 10.493
143100 10.487
144000 10.482
144900 10.478
145800 10.473
146700 10.469
147600 10.464
148500 10.458
149400 10.453
150300 10.449
151200 10.444
152100 10.439
153000 10.433
153900 10.429
154800 10.424
155700 10.42
156600 10.413
157500 10.409
158400 10.404
159300 10.4
160200 10.395
161100 10.391
162000 10.386
162900 10.381
163800 10.377
164700 10.372
165600 10.366
166500 10.361
167400 10.357
168300 10.352
169200 10.348
170100 10.343
171000 10.338
171900 10.334
172800 10.328
173700 10.323
174600 10.319
175500 10.314
176400 10.308
177300 10.303
178200 10.299
179100 10.293
180000 10.288
180900 10.282
181800 10.277
182700 10.271
183600 10.265
184500 10.26
185400 10.254
186300 10.248
187200 10.242
188100 10.237
189000 10.231
189900 10.225
190800 10.219
191700 10.213
192600 10.207
193500 10.201
194400 10.194
195300 10.188
196200 10.182
197100 10.175
198000 10.168
198900 10.162
199800 10.156
200700 10.15
201600 10.142
202500 10.136
203400 10.13
204300 10.122
205200 10.116
206100 10.109
207000 10.102
207900 10.096
208800 10.089
209700 10.083
210600 10.075
211500 10.069
212400 10.063
213300 10.055
214200 10.049
215100 10.041
216000 10.035
216900 10.029
217800 10.023
218700 10.017
219600 10.01
220500 10.004
221400 9.998
222300 9.992
223200 9.986
224100 9.98
225000 9.975
225900 9.969
226800 9.964
227700 9.958
228600 9.954
229500 9.947
230400 9.943
231300 9.938
232200 9.934
233100 9.929
234000 9.924
234900 9.92
235800 9.917
236700 9.912
237600 9.909
238500 9.904
239400 9.901
240300 9.897
241200 9.894
242100 9.891
243000 9.888
243900 9.884
244800 9.881
245700 9.878
246600 9.877
247500 9.874
248400 9.871
249300 9.868
250200 9.866
251100 9.863
252000 9.861
252900 9.858
253800 9.857
254700 9.854
255600 9.851
256500 9.849
257400 9.846
258300 9.844
259200 9.841
260100 9.838
261000 9.837
261900 9.834
262800 9.831
263700 9.829
264600 9.826
265500 9.823
266400 9.82
267300 9.817
268200 9.814
269100 9.811
270000 9.808
270900 9.805
271800 9.801
272700 9.798
273600 9.795
274500 9.791
275400 9.788
276300 9.785
277200 9.781
278100 9.777
279000 9.774
279900 9.769
280800 9.766
281700 9.763
282600 9.758
283500 9.754
284400 9.751
285300 9.746
286200 9.743
287100 9.738
288000 9.734
288900 9.729
289800 9.725
290700 9.72
291600 9.715
292500 9.712
293400 9.708
294300 9.703
295200 9.698
296100 9.694
297000 9.688
297900 9.683
298800 9.68
299700 9.675
300600 9.671
301500 9.666
302400 9.661
303300 9.657
304200 9.652
305100 9.648
306000 9.643
306900 9.64
307800 9.635
308700 9.631
309600 9.628
310500 9.623
311400 9.62
312300 9.615
313200 9.612
314100 9.609
315000 9.606
315900 9.603
316800 9.6
317700 9.597
318600 9.594
319500 9.591
320400 9.588
321300 9.586
322200 9.583
323100 9.581
324000 9.58
324900 9.578
325800 9.575
326700 9.574
327600 9.572
328500 9.571
329400 9.571
330300 9.569
331200 9.567
332100 9.566
333000 9.566
333900 9.564
334800 9.564
335700 9.563
336600 9.563
337500 9.561
338400 9.561
339300 9.56
340200 9.56
341100 9.558
342000 9.558
342900 9.557
343800 9.557
344700 9.555
345600 9.555
346500 9.554
347400 9.554
348300 9.552
349200 9.551
350100 9.551
351000 9.549
351900 9.547
352800 9.546
353700 9.544
354600 9.543
355500 9.541
356400 9.54
357300 9.538
358200 9.535
359100 9.534
360000 9.532
360900 9.529
361800 9.526
362700 9.524
363600 9.521
364500 9.518
365400 9.515
366300 9.512
367200 9.509
368100 9.506
369000 9.503
369900 9.498
370800 9.495
371700 9.49
372600 9.487
373500 9.483
374400 9.48
375300 9.475
376200 9.47
377100 9.467
378000 9.463
378900 9.458
379800 9.453
380700 9.449
381600 9.444
382500 9.44
383400 9.435
384300 9.43
385200 9.426
386100 9.421
387000 9.416
387900 9.412
388800 9.409
389700 9.404
390600 9.399
391500 9.396
392400 9.392
393300 9.389
394200 9.386
395100 9.381
396000 9.378
396900 9.375
397800 9.372
398700 9.369
399600 9.367
400500 9.364
401400 9.361
402300 9.359
403200 9.358
404100 9.356
405000 9.353
405900 9.352
406800 9.352
407700 9.35
408600 9.349
409500 9.349
410400 9.347
411300 9.347
412200 9.347
413100 9.347
414000 9.347
414900 9.347
415800 9.347
416700 9.347
417600 9.349
418500 9.349
419400 9.35
420300 9.35
421200 9.352
422100 9.353
423000 9.355
423900 9.355
424800 9.356
425700 9.358
426600 9.359
427500 9.361
428400 9.362
429300 9.364
430200 9.366
431100 9.367
432000 9.369
432900 9.37
433800 9.372
434700 9.373
435600 9.375
436500 9.376
437400 9.378
438300 9.379
439200 9.381
440100 9.382
441000 9.382
441900 9.384
442800 9.386
443700 9.386
444600 9.387
445500 9.387
446400 9.389
447300 9.389
448200 9.39
449100 9.39
450000 9.39
450900 9.39
451800 9.39
452700 9.39
453600 9.39
454500 9.39
455400 9.39
456300 9.39
457200 9.39
458100 9.389
459000 9.389
459900 9.389
460800 9.387
461700 9.387
462600 9.386
463500 9.384
464400 9.384
465300 9.382
466200 9.382
467100 9.381
468000 9.379
468900 9.378
469800 9.376
470700 9.376
471600 9.375
472500 9.373
473400 9.372
474300 9.37
475200 9.369
476100 9.367
477000 9.366
477900 9.366
478800 9.364
479700 9.362
480600 9.361
481500 9.359
482400 9.358
483300 9.356
484200 9.356
485100 9.355
486000 9.353
486900 9.352
487800 9.352
488700 9.35
489600 9.35
490500 9.349
491400 9.347
492300 9.347
493200 9.345
494100 9.345
495000 9.344
495900 9.344
496800 9.342
497700 9.342
498600 9.342
499500 9.341
500400 9.341
501300 9.341
502200 9.341
503100 9.341
504000 9.339
504900 9.339
505800 9.339
506700 9.339
507600 9.339
508500 9.339
509400 9.341
510300 9.341
511200 9.341
512100 9.341
513000 9.341
513900 9.341
514800 9.341
515700 9.341
516600 9.341
517500 9.342
518400 9.342
519300 9.342
520200 9.342
521100 9.342
522000 9.342
522900 9.342
523800 9.342
524700 9.342
525600 9.342
526500 9.344
527400 9.344
528300 9.344
529200 9.344
530100 9.344
531000 9.344
531900 9.342
532800 9.342
533700 9.342
534600 9.342
535500 9.342
536400 9.342
537300 9.342
538200 9.341
539100 9.341
540000 9.341
540900 9.341
541800 9.339
542700 9.339
543600 9.339
544500 9.338
545400 9.338
546300 9.336
547200 9.336
548100 9.335
549000 9.335
549900 9.333
550800 9.332
551700 9.332
552600 9.33
553500 9.328
554400 9.328
555300 9.327
556200 9.325
557100 9.325
558000 9.324
558900 9.322
559800 9.321
560700 9.321
561600 9.319
562500 9.318
563400 9.316
564300 9.316
565200 9.315
566100 9.313
567000 9.313
567900 9.311
568800 9.31
569700 9.31
570600 9.308
571500 9.307
572400 9.307
573300 9.305
574200 9.304
575100 9.304
576000 9.302
576900 9.302
577800 9.301
578700 9.301
579600 9.299
580500 9.299
581400 9.299
582300 9.298
583200 9.298
584100 9.298
585000 9.298
585900 9.298
586800 9.298
587700 9.298
588600 9.298
589500 9.298
590400 9.298
591300 9.298
592200 9.299
593100 9.299
594000 9.299
594900 9.301
595800 9.301
596700 9.302
597600 9.302
598500 9.304
599400 9.304
600300 9.305
601200 9.307
602100 9.307
603000 9.308
603900 9.31
604800 9.311
605700 9.311
606600 9.313
607500 9.315
608400 9.315
609300 9.316
610200 9.318
611100 9.318
612000 9.319
612900 9.321
613800 9.321
614700 9.322
615600 9.324
616500 9.324
617400 9.325
618300 9.325
619200 9.327
620100 9.327
621000 9.328
621900 9.328
622800 9.33
623700 9.33
624600 9.33
625500 9.332
626400 9.332
627300 9.332
628200 9.332
629100 9.332
630000 9.332
630900 9.333
631800 9.333
632700 9.332
633600 9.332
634500 9.332
635400 9.332
636300 9.332
637200 9.33
638100 9.33
639000 9.33
639900 9.328
640800 9.328
641700 9.327
642600 9.327
643500 9.325
644400 9.325
645300 9.324
646200 9.324
647100 9.322
648000 9.322
648900 9.322
649800 9.321
650700 9.321
651600 9.321
652500 9.321
653400 9.321
654300 9.321
655200 9.321
656100 9.322
657000 9.322
657900 9.324
658800 9.324
659700 9.325
660600 9.327
661500 9.328
662400 9.33
663300 9.332
664200 9.333
665100 9.336
666000 9.338
666900 9.341
667800 9.344
668700 9.347
669600 9.349
670500 9.353
671400 9.356
672300 9.359
673200 9.362
674100 9.367
675000 9.37
675900 9.375
676800 9.378
677700 9.382
678600 9.387
679500 9.392
680400 9.396
681300 9.401
682200 9.406
683100 9.412
684000 9.416
684900 9.421
685800 9.426
686700 9.432
687600 9.436
688500 9.441
689400 9.447
690300 9.452
691200 9.457
692100 9.461
693000 9.467
693900 9.47
694800 9.475
695700 9.48
696600 9.484
697500 9.489
698400 9.494
699300 9.498
700200 9.503
701100 9.507
702000 9.512
702900 9.517
703800 9.521
704700 9.526
705600 9.531
706500 9.535
707400 9.54
708300 9.543
709200 9.547
710100 9.551
711000 9.555
711900 9.56
712800 9.563
713700 9.567
714600 9.571
715500 9.574
716400 9.578
717300 9.581
718200 9.584
719100 9.589
720000 9.592
720900 9.595
721800 9.598
722700 9.601
723600 9.604
724500 9.608
725400 9.611
726300 9.614
727200 9.617
728100 9.62
729000 9.623
729900 9.626
730800 9.629
731700 9.632
732600 9.635
733500 9.638
734400 9.641
735300 9.644
736200 9.648
737100 9.651
738000 9.654
738900 9.657
739800 9.66
740700 9.665
741600 9.668
742500 9.671
743400 9.675
744300 9.678
745200 9.683
746100 9.686
747000 9.691
747900 9.694
748800 9.698
749700 9.701
750600 9.706
751500 9.711
752400 9.715
753300 9.72
754200 9.726
755100 9.731
756000 9.737
756900 9.741
757800 9.748
758700 9.752
759600 9.758
760500 9.763
761400 9.769
762300 9.775
763200 9.78
764100 9.786
765000 9.792
765900 9.797
766800 9.803
767700 9.808
768600 9.812
769500 9.818
770400 9.823
771300 9.828
772200 9.834
773100 9.838
774000 9.843
774900 9.848
775800 9.852
776700 9.857
777600 9.86
778500 9.864
779400 9.869
780300 9.872
781200 9.877
782100 9.88
783000 9.883
783900 9.888
784800 9.891
785700 9.894
786600 9.897
787500 9.898
788400 9.901
789300 9.904
790200 9.906
791100 9.909
792000 9.911
792900 9.912
793800 9.914
794700 9.915
795600 9.917
796500 9.917
797400 9.918
798300 9.92
799200 9.92
800100 9.92
801000 9.92
801900 9.92
802800 9.92
803700 9.92
804600 9.92
805500 9.918
806400 9.918
807300 9.917
808200 9.917
809100 9.915
810000 9.914
810900 9.912
811800 9.911
812700 9.909
813600 9.907
814500 9.906
815400 9.903
816300 9.901
817200 9.9
818100 9.897
819000 9.895
819900 9.892
820800 9.891
821700 9.888
822600 9.886
823500 9.883
824400 9.88
825300 9.878
826200 9.875
827100 9.874
828000 9.871
828900 9.869
829800 9.868
830700 9.864
831600 9.863
832500 9.861
833400 9.86
834300 9.858
835200 9.857
836100 9.857
837000 9.855
837900 9.855
838800 9.854
839700 9.854
840600 9.854
841500 9.854
842400 9.855
843300 9.855
844200 9.855
845100 9.857
846000 9.858
846900 9.86
847800 9.861
848700 9.863
849600 9.864
850500 9.866
851400 9.868
852300 9.871
853200 9.872
854100 9.874
855000 9.877
855900 9.878
856800 9.881
857700 9.884
858600 9.886
859500 9.889
860400 9.891
861300 9.894
862200 9.895
863100 9.898
864000 9.901
864900 9.903
865800 9.904
866700 9.907
867600 9.909
868500 9.911
869400 9.912
870300 9.914
871200 9.915
872100 9.917
873000 9.918
873900 9.92
874800 9.92
875700 9.921
876600 9.921
877500 9.923
878400 9.923
879300 9.923
880200 9.923
881100 9.923
882000 9.921
882900 9.921
883800 9.921
884700 9.92
885600 9.918
886500 9.918
887400 9.917
888300 9.915
889200 9.914
890100 9.912
891000 9.909
891900 9.907
892800 9.906
893700 9.903
894600 9.901
895500 9.898
896400 9.895
897300 9.892
898200 9.889
899100 9.888
9e+05 9.883
900900 9.88
901800 9.877
902700 9.874
903600 9.871
904500 9.868
905400 9.864
906300 9.861
907200 9.858
908100 9.855
909000 9.852
909900 9.849
910800 9.846
911700 9.843
912600 9.84
913500 9.838
914400 9.835
915300 9.834
916200 9.832
917100 9.829
918000 9.829
918900 9.828
919800 9.826
920700 9.826
921600 9.826
922500 9.824
923400 9.826
924300 9.826
925200 9.826
926100 9.828
927000 9.828
927900 9.829
928800 9.831
929700 9.834
930600 9.835
931500 9.837
932400 9.84
933300 9.843
934200 9.846
935100 9.849
936000 9.852
936900 9.855
937800 9.858
938700 9.861
939600 9.866
940500 9.869
941400 9.874
942300 9.877
943200 9.881
944100 9.884
945000 9.889
945900 9.892
946800 9.897
947700 9.901
948600 9.904
949500 9.909
950400 9.912
951300 9.917
952200 9.92
953100 9.924
954000 9.927
954900 9.931
955800 9.934
956700 9.938
957600 9.941
958500 9.944
959400 9.946
960300 9.949
961200 9.952
962100 9.954
963000 9.957
963900 9.958
964800 9.961
965700 9.963
966600 9.964
967500 9.966
968400 9.967
969300 9.967
970200 9.969
971100 9.969
972000 9.97
972900 9.97
973800 9.97
974700 9.97
975600 9.97
976500 9.97
977400 9.969
978300 9.969
979200 9.967
980100 9.967
981000 9.966
981900 9.964
982800 9.963
983700 9.961
984600 9.96
985500 9.958
986400 9.957
987300 9.954
988200 9.952
989100 9.949
990000 9.947
990900 9.944
991800 9.943
992700 9.94
993600 9.938
994500 9.935
995400 9.932
996300 9.931
997200 9.929
998100 9.926
999000 9.924
999900 9.923
1000800 9.921
1001700 9.92
1002600 9.918
1003500 9.917
1004400 9.917
1005300 9.915
1006200 9.915
1007100 9.915
1008000 9.915
1008900 9.915
1009800 9.917
1010700 9.917
1011600 9.918
1012500 9.918
1013400 9.92
1014300 9.921
1015200 9.923
1016100 9.926
1017000 9.927
1017900 9.931
1018800 9.932
1019700 9.935
1020600 9.938
1021500 9.941
1022400 9.944
1023300 9.947
1024200 9.95
1025100 9.954
1026000 9.957
1026900 9.96
1027800 9.964
1028700 9.967
1029600 9.972
1030500 9.975
1031400 9.978
1032300 9.983
1033200 9.986
1034100 9.99
1035000 9.993
1035900 9.997
1036800 10.001
1037700 10.004
1038600 10.007
1039500 10.01
1040400 10.015
1041300 10.018
1042200 10.021
1043100 10.024
1044000 10.026
1044900 10.029
1045800 10.032
1046700 10.033
1047600 10.036
1048500 10.038
1049400 10.041
1050300 10.043
1051200 10.044
1052100 10.046
1053000 10.047
1053900 10.047
1054800 10.049
1055700 10.05
1056600 10.05
1057500 10.05
1058400 10.05
1059300 10.05
1060200 10.05
1061100 10.05
1062000 10.05
1062900 10.05
1063800 10.049
1064700 10.047
1065600 10.047
1066500 10.046
1067400 10.044
1068300 10.043
1069200 10.041
1070100 10.04
1071000 10.038
1071900 10.036
1072800 10.033
1073700 10.032
1074600 10.029
1075500 10.027
1076400 10.024
1077300 10.021
1078200 10.02
1079100 10.017
1080000 10.015
1080900 10.012
1081800 10.009
1082700 10.007
1083600 10.004
1084500 10.003
1085400 10
1086300 9.998
1087200 9.997
1088100 9.993
1089000 9.993
1089900 9.992
1090800 9.99
1091700 9.989
1092600 9.989
1093500 9.989
1094400 9.989
1095300 9.989
1096200 9.989
1097100 9.989
1098000 9.99
1098900 9.992
1099800 9.993
1100700 9.995
1101600 9.997
1102500 9.998
1103400 10.001
1104300 10.004
1105200 10.006
1106100 10.009
1107000 10.012
1107900 10.017
1108800 10.02
1109700 10.023
1110600 10.027
1111500 10.03
1112400 10.035
1113300 10.038
1114200 10.043
1115100 10.047
1116000 10.05
1116900 10.055
1117800 10.059
1118700 10.064
1119600 10.069
1120500 10.073
1121400 10.078
1122300 10.081
1123200 10.086
1124100 10.09
1125000 10.095
1125900 10.099
1126800 10.104
1127700 10.107
1128600 10.112
1129500 10.116
1130400 10.119
1131300 10.124
1132200 10.127
1133100 10.132
1134000 10.135
1134900 10.138
1135800 10.141
1136700 10.144
1137600 10.147
1138500 10.15
1139400 10.152
1140300 10.155
1141200 10.156
1142100 10.159
1143000 10.161
1143900 10.162
1144800 10.164
1145700 10.165
1146600 10.167
1147500 10.167
1148400 10.168
1149300 10.168
1150200 10.168
1151100 10.17
1152000 10.17
1152900 10.17
1153800 10.17
1154700 10.168
1155600 10.168
1156500 10.167
1157400 10.167
1158300 10.165
1159200 10.165
1160100 10.164
1161000 10.162
1161900 10.161
1162800 10.159
1163700 10.158
1164600 10.156
1165500 10.155
1166400 10.153
1167300 10.152
1168200 10.15
1169100 10.148
1170000 10.147
1170900 10.145
1171800 10.144
1172700 10.142
1173600 10.142
1174500 10.141
1175400 10.141
1176300 10.141
1177200 10.141
1178100 10.141
1179000 10.141
1179900 10.141
1180800 10.142
1181700 10.142
1182600 10.144
1183500 10.145
1184400 10.148
1185300 10.15
1186200 10.153
1187100 10.155
1188000 10.158
1188900 10.161
1189800 10.165
1190700 10.168
1191600 10.173
1192500 10.176
1193400 10.181
1194300 10.185
1195200 10.19
1196100 10.194
1197000 10.199
1197900 10.204
1198800 10.21
1199700 10.214
1200600 10.221
1201500 10.227
1202400 10.231
1203300 10.237
1204200 10.243
1205100 10.25
1206000 10.256
1206900 10.26
1207800 10.266
1208700 10.273
1209600 10.279
1210500 10.285
1211400 10.291
1212300 10.297
1213200 10.303
1214100 10.309
1215000 10.314
1215900 10.32
1216800 10.326
1217700 10.332
1218600 10.337
1219500 10.343
1220400 10.348
1221300 10.352
1222200 10.358
1223100 10.363
1224000 10.368
1224900 10.372
1225800 10.377
1226700 10.381
1227600 10.386
1228500 10.391
1229400 10.394
1230300 10.398
1231200 10.401
1232100 10.404
1233000 10.407
1233900 10.41
1234800 10.413
1235700 10.417
1236600 10.42
1237500 10.421
1238400 10.423
1239300 10.426
1240200 10.427
1241100 10.429
1242000 10.43
1242900 10.432
1243800 10.433
1244700 10.433
1245600 10.435
1246500 10.436
1247400 10.438
1248300 10.438
1249200 10.439
1250100 10.439
1251000 10.441
1251900 10.441
1252800 10.441
1253700 10.443
1254600 10.443
1255500 10.444
1256400 10.444
1257300 10.446
1258200 10.446
1259100 10.447
1260000 10.449
1260900 10.45
1261800 10.452
1262700 10.453
1263600 10.455
1264500 10.458
1265400 10.459
1266300 10.462
1267200 10.466
1268100 10.469
1269000 10.472
1269900 10.475
1270800 10.479
1271700 10.482
1272600 10.487
1273500 10.492
1274400 10.496
1275300 10.501
1276200 10.507
1277100 10.511
1278000 10.518
1278900 10.524
1279800 10.53
1280700 10.536
1281600 10.542
1282500 10.55
1283400 10.556
1284300 10.563
1285200 10.569
1286100 10.577
1287000 10.585
1287900 10.592
1288800 10.6
1289700 10.608
1290600 10.615
1291500 10.623
1292400 10.631
1293300 10.64
1294200 10.647
1295100 10.655
1296000 10.663
1296900 10.672
1297800 10.68
1298700 10.687
1299600 10.695
1300500 10.702
1301400 10.71
1302300 10.718
1303200 10.725
1304100 10.733
1305000 10.739
1305900 10.747
1306800 10.754
1307700 10.76
1308600 10.767
1309500 10.773
1310400 10.779
1311300 10.785
1312200 10.791
1313100 10.797
1314000 10.803
1314900 10.809
1315800 10.814
1316700 10.82
1317600 10.825
1318500 10.829
1319400 10.834
1320300 10.838
1321200 10.843
1322100 10.847
1323000 10.852
1323900 10.855
1324800 10.86
1325700 10.863
1326600 10.867
1327500 10.87
1328400 10.873
1329300 10.876
1330200 10.881
1331100 10.884
1332000 10.887
1332900 10.89
1333800 10.892
1334700 10.895
1335600 10.898
1336500 10.901
1337400 10.904
1338300 10.905
1339200 10.908
1340100 10.912
1341000 10.913
1341900 10.916
1342800 10.919
1343700 10.921
1344600 10.924
1345500 10.925
1346400 10.928
1347300 10.931
1348200 10.934
1349100 10.937
1350000 10.94
1350900 10.944
1351800 10.945
1352700 10.95
1353600 10.953
1354500 10.956
1355400 10.959
1356300 10.962
1357200 10.965
1358100 10.968
1359000 10.972
1359900 10.976
1360800 10.98
1361700 10.983
1362600 10.988
1363500 10.991
1364400 10.991
1365300 10.991
1366200 10.994
1367100 10.997
1368000 11
1368900 11.003
1369800 11.006
1370700 11.011
1371600 11.015
1372500 11.02
1373400 11.024
1374300 11.029
1375200 11.035
1376100 11.04
1377000 11.046
1377900 11.05
1378800 11.055
1379700 11.061
1380600 11.065
1381500 11.07
1382400 11.076
1383300 11.081
1384200 11.085
1385100 11.091
1386000 11.096
1386900 11.102
1387800 11.107
1388700 11.111
1389600 11.116
1390500 11.12
1391400 11.125
1392300 11.129
1393200 11.132
1394100 11.137
1395000 11.142
1395900 11.145
1396800 11.148
1397700 11.152
1398600 11.155
1399500 11.158
1400400 11.161
1401300 11.164
1402200 11.167
1403100 11.171
1404000 11.172
1404900 11.175
1405800 11.177
1406700 11.18
1407600 11.181
1408500 11.183
1409400 11.184
1410300 11.186
1411200 11.187
1412100 11.189
1413000 11.19
1413900 11.19
1414800 11.192
1415700 11.192
1416600 11.193
1417500 11.193
1418400 11.193
1419300 11.193
1420200 11.193
1421100 11.193
1422000 11.195
1422900 11.195
1423800 11.195
1424700 11.195
1425600 11.195
1426500 11.193
1427400 11.195
1428300 11.195
1429200 11.195
1430100 11.195
1431000 11.195
1431900 11.195
1432800 11.195
1433700 11.196
1434600 11.196
1435500 11.198
1436400 11.198
1437300 11.199
1438200 11.201
1439100 11.203
1440000 11.203
1440900 11.204
1441800 11.206
1442700 11.209
1443600 11.21
1444500 11.212
1445400 11.215
1446300 11.216
1447200 11.219
1448100 11.221
1449000 11.224
1449900 11.224
1450800 11.221
1451700 11.219
1452600 11.221
1453500 11.222
1454400 11.224
1455300 11.227
1456200 11.23
1457100 11.233
1458000 11.236
1458900 11.241
1459800 11.244
1460700 11.248
1461600 11.253
1462500 11.257
1463400 11.262
1464300 11.266
1465200 11.269
1466100 11.274
1467000 11.279
1467900 11.283
1468800 11.288
1469700 11.292
1470600 11.297
1471500 11.301
1472400 11.306
1473300 11.311
1474200 11.315
1475100 11.32
1476000 11.324
1476900 11.327
1477800 11.332
1478700 11.336
1479600 11.339
1480500 11.344
1481400 11.347
1482300 11.352
1483200 11.355
1484100 11.358
1485000 11.362
1485900 11.365
1486800 11.368
1487700 11.371
1488600 11.374
1489500 11.376
1490400 11.379
1491300 11.382
1492200 11.385
1493100 11.387
1494000 11.39
1494900 11.391
1495800 11.393
1496700 11.396
1497600 11.397
1498500 11.399
1499400 11.4
1500300 11.402
1501200 11.403
1502100 11.405
1503000 11.405
1503900 11.406
1504800 11.408
1505700 11.409
1506600 11.409
1507500 11.411
1508400 11.412
1509300 11.412
1510200 11.414
1511100 11.415
1512000 11.415
1512900 11.417
1513800 11.418
1514700 11.42
1515600 11.42
1516500 11.422
1517400 11.423
1518300 11.425
1519200 11.426
1520100 11.428
1521000 11.429
1521900 11.431
1522800 11.432
1523700 11.432
1524600 11.434
1525500 11.435
1526400 11.437
1527300 11.438
1528200 11.44
1529100 11.443
1530000 11.444
1530900 11.447
1531800 11.45
1532700 11.453
1533600 11.456
1534500 11.461
1535400 11.464
1536300 11.467
1537200 11.472
1538100 11.475
1539000 11.479
1539900 11.482
1540800 11.485
1541700 11.49
1542600 11.494
1543500 11.497
1544400 11.502
1545300 11.507
1546200 11.511
1547100 11.516
1548000 11.52
1548900 11.525
1549800 11.531
1550700 11.535
1551600 11.54
1552500 11.545
1553400 11.549
1554300 11.552
1555200 11.558
1556100 11.563
1557000 11.567
1557900 11.572
1558800 11.576
1559700 11.581
1560600 11.584
1561500 11.589
1562400 11.593
1563300 11.596
1564200 11.601
1565100 11.605
1566000 11.608
1566900 11.611
1567800 11.616
1568700 11.619
1569600 11.622
1570500 11.625
1571400 11.628
1572300 11.631
1573200 11.634
1574100 11.637
1575000 11.64
1575900 11.642
1576800 11.643
1577700 11.646
1578600 11.646
1579500 11.649
1580400 11.649
1581300 11.651
1582200 11.652
1583100 11.654
1584000 11.655
1584900 11.655
1585800 11.657
1586700 11.657
1587600 11.657
1588500 11.657
1589400 11.658
1590300 11.658
1591200 11.658
1592100 11.657
1593000 11.657
1593900 11.655
1594800 11.654
1595700 11.654
1596600 11.652
1597500 11.649
1598400 11.648
1599300 11.646
1600200 11.645
1601100 11.642
1602000 11.64
1602900 11.639
1603800 11.637
1604700 11.636
1605600 11.634
1606500 11.631
1607400 11.63
1608300 11.628
1609200 11.627
1610100 11.624
1611000 11.622
1611900 11.62
1612800 11.617
1613700 11.616
1614600 11.613
1615500 11.611
1616400 11.61
1617300 11.607
1618200 11.605
1619100 11.602
1620000 11.601
1620900 11.599
1621800 11.598
1622700 11.596
1623600 11.593
1624500 11.592
1625400 11.59
1626300 11.589
1627200 11.587
1628100 11.586
1629000 11.584
1629900 11.583
1630800 11.581
1631700 11.579
1632600 11.578
1633500 11.576
1634400 11.575
1635300 11.573
1636200 11.572
1637100 11.57
1638000 11.569
1638900 11.567
1639800 11.566
1640700 11.564
1641600 11.563
1642500 11.561
1643400 11.56
1644300 11.558
1645200 11.557
1646100 11.555
1647000 11.554
1647900 11.552
1648800 11.549
1649700 11.548
1650600 11.546
1651500 11.545
1652400 11.543
1653300 11.542
1654200 11.54
1655100 11.538
1656000 11.535
1656900 11.534
1657800 11.532
1658700 11.531
1659600 11.528
1660500 11.526
1661400 11.525
1662300 11.522
1663200 11.52
1664100 11.517
1665000 11.516
1665900 11.513
1666800 11.511
1667700 11.508
1668600 11.505
1669500 11.504
1670400 11.501
1671300 11.497
1672200 11.494
1673100 11.491
1674000 11.488
1674900 11.485
1675800 11.482
1676700 11.479
1677600 11.476
1678500 11.473
1679400 11.47
1680300 11.466
1681200 11.463
1682100 11.46
1683000 11.456
1683900 11.453
1684800 11.45
1685700 11.447
1686600 11.444
1687500 11.441
1688400 11.438
1689300 11.437
1690200 11.434
1691100 11.431
1692000 11.429
1692900 11.426
1693800 11.425
1694700 11.423
1695600 11.422
1696500 11.42
1697400 11.418
1698300 11.417
1699200 11.415
1700100 11.414
1701000 11.414
1701900 11.412
1702800 11.412
1703700 11.412
1704600 11.412
1705500 11.412
1706400 11.412
1707300 11.412
1708200 11.412
1709100 11.412
1710000 11.414
1710900 11.415
1711800 11.415
1712700 11.417
1713600 11.418
1714500 11.42
1715400 11.422
1716300 11.423
1717200 11.425
1718100 11.426
1719000 11.428
1719900 11.431
1720800 11.432
1721700 11.434
1722600 11.437
1723500 11.438
1724400 11.44
1725300 11.441
1726200 11.443
1727100 11.446
1728000 11.447
1728900 11.449
1729800 11.45
1730700 11.452
1731600 11.453
1732500 11.455
1733400 11.456
1734300 11.456
1735200 11.458
1736100 11.46
1737000 11.46
1737900 11.46
1738800 11.461
1739700 11.461
1740600 11.461
1741500 11.461
1742400 11.461
1743300 11.461
1744200 11.46
1745100 11.46
1746000 11.46
1746900 11.458
1747800 11.456
1748700 11.456
1749600 11.455
1750500 11.453
1751400 11.452
1752300 11.45
1753200 11.447
1754100 11.446
1755000 11.444
1755900 11.441
1756800 11.44
1757700 11.437
1758600 11.434
1759500 11.431
1760400 11.429
1761300 11.426
1762200 11.423
1763100 11.42
1764000 11.417
1764900 11.414
1765800 11.412
1766700 11.409
1767600 11.406
1768500 11.403
1769400 11.4
1770300 11.397
1771200 11.394
1772100 11.391
1773000 11.39
1773900 11.387
1774800 11.385
1775700 11.382
1776600 11.38
1777500 11.379
1778400 11.377
1779300 11.376
1780200 11.374
1781100 11.373
1782000 11.373
1782900 11.371
1783800 11.373
1784700 11.371
1785600 11.373
1786500 11.373
1787400 11.374
1788300 11.376
1789200 11.377
1790100 11.379
1791000 11.382
1791900 11.384
1792800 11.387
1793700 11.39
1794600 11.393
1795500 11.397
1796400 11.4
1797300 11.405
1798200 11.409
1799100 11.414
1800000 11.418
1800900 11.423
1801800 11.429
1802700 11.434
1803600 11.44
1804500 11.446
1805400 11.452
1806300 11.458
1807200 11.463
1808100 11.469
1809000 11.476
1809900 11.482
1810800 11.488
1811700 11.494
1812600 11.501
1813500 11.507
1814400 11.513
1815300 11.519
1816200 11.525
1817100 11.531
1818000 11.537
1818900 11.543
1819800 11.548
1820700 11.554
1821600 11.558
1822500 11.564
1823400 11.569
1824300 11.573
1825200 11.579
1826100 11.584
1827000 11.587
1827900 11.592
1828800 11.596
1829700 11.599
1830600 11.604
1831500 11.607
1832400 11.61
1833300 11.613
1834200 11.616
1835100 11.619
1836000 11.622
1836900 11.624
1837800 11.627
1838700 11.628
1839600 11.63
1840500 11.633
1841400 11.634
1842300 11.636
1843200 11.636
1844100 11.637
1845000 11.639
1845900 11.64
1846800 11.64
1847700 11.642
1848600 11.643
1849500 11.645
1850400 11.645
1851300 11.646
1852200 11.646
1853100 11.646
1854000 11.648
1854900 11.648
1855800 11.648
1856700 11.649
1857600 11.649
1858500 11.649
1859400 11.649
1860300 11.649
1861200 11.651
1862100 11.651
1863000 11.652
1863900 11.652
1864800 11.652
1865700 11.654
1866600 11.655
1867500 11.655
1868400 11.657
1869300 11.658
1870200 11.66
1871100 11.661
1872000 11.665
1872900 11.666
1873800 11.668
1874700 11.671
1875600 11.674
1876500 11.675
1877400 11.678
1878300 11.681
1879200 11.686
1880100 11.689
1881000 11.693
1881900 11.696
1882800 11.701
1883700 11.705
1884600 11.71
1885500 11.715
1886400 11.721
1887300 11.725
1888200 11.731
1889100 11.736
1890000 11.742
1890900 11.746
1891800 11.752
1892700 11.759
1893600 11.765
1894500 11.771
1895400 11.777
1896300 11.783
1897200 11.789
1898100 11.795
1899000 11.801
1899900 11.807
1900800 11.813
1901700 11.819
1902600 11.825
1903500 11.831
1904400 11.837
1905300 11.843
1906200 11.85
1907100 11.854
1908000 11.86
1908900 11.865
1909800 11.871
1910700 11.875
1911600 11.88
1912500 11.884
1913400 11.89
1914300 11.895
1915200 11.898
1916100 11.903
1917000 11.907
1917900 11.91
1918800 11.913
1919700 11.918
1920600 11.921
1921500 11.924
1922400 11.927
1923300 11.93
1924200 11.931
1925100 11.934
1926000 11.936
1926900 11.939
1927800 11.94
1928700 11.942
1929600 11.943
1930500 11.945
1931400 11.947
1932300 11.95
1933200 11.95
1934100 11.951
1935000 11.953
1935900 11.954
1936800 11.956
1937700 11.957
1938600 11.959
1939500 11.959
1940400 11.96
1941300 11.96
1942200 11.962
1943100 11.962
1944000 11.963
1944900 11.965
1945800 11.965
1946700 11.966
1947600 11.968
1948500 11.968
1949400 11.969
1950300 11.971
1951200 11.971
1952100 11.972
1953000 11.974
1953900 11.975
1954800 11.977
1955700 11.978
1956600 11.981
1957500 11.983
1958400 11.986
1959300 11.989
1960200 11.99
1961100 11.993
1962000 11.997
1962900 12
1963800 12.003
1964700 12.006
1965600 12.009
1966500 12.012
1967400 12.015
1968300 12.019
1969200 12.024
1970100 12.027
1971000 12.031
1971900 12.036
1972800 12.04
1973700 12.046
1974600 12.051
1975500 12.056
1976400 12.062
1977300 12.066
1978200 12.072
1979100 12.078
1980000 12.083
1980900 12.089
1981800 12.095
1982700 12.101
1983600 12.106
1984500 12.112
1985400 12.118
1986300 12.122
1987200 12.128
1988100 12.133
1989000 12.139
1989900 12.143
1990800 12.149
1991700 12.154
1992600 12.158
1993500 12.163
1994400 12.169
1995300 12.174
1996200 12.177
1997100 12.181
1998000 12.186
1998900 12.189
1999800 12.193
2000700 12.196
2001600 12.199
2002500 12.202
2003400 12.205
2004300 12.208
2005200 12.211
2006100 12.213
2007000 12.216
2007900 12.217
2008800 12.219
2009700 12.221
2010600 12.222
2011500 12.224
2012400 12.224
2013300 12.225
2014200 12.225
2015100 12.227
2016000 12.227
2016900 12.227
2017800 12.227
2018700 12.225
2019600 12.225
2020500 12.225
2021400 12.225
2022300 12.224
2023200 12.224
2024100 12.224
2025000 12.224
2025900 12.222
2026800 12.222
2027700 12.222
2028600 12.222
2029500 12.222
2030400 12.221
2031300 12.221
2032200 12.221
2033100 12.221
2034000 12.219
2034900 12.219
2035800 12.219
2036700 12.219
2037600 12.219
2038500 12.217
2039400 12.217
2040300 12.219
2041200 12.219
2042100 12.219
2043000 12.221
2043900 12.222
2044800 12.224
2045700 12.225
2046600 12.227
2047500 12.23
2048400 12.231
2049300 12.234
2050200 12.237
2051100 12.24
2052000 12.243
2052900 12.246
2053800 12.249
2054700 12.252
2055600 12.257
2056500 12.26
2057400 12.264
2058300 12.269
2059200 12.272
2060100 12.276
2061000 12.283
2061900 12.287
2062800 12.292
2063700 12.298
2064600 12.302
2065500 12.308
2066400 12.313
2067300 12.319
2068200 12.323
2069100 12.329
2070000 12.334
2070900 12.34
2071800 12.346
2072700 12.351
2073600 12.357
2074500 12.361
2075400 12.366
2076300 12.372
2077200 12.376
2078100 12.381
2079000 12.385
2079900 12.39
2080800 12.394
2081700 12.397
2082600 12.402
2083500 12.405
2084400 12.409
2085300 12.412
2086200 12.416
2087100 12.419
2088000 12.422
2088900 12.425
2089800 12.426
2090700 12.429
2091600 12.431
2092500 12.434
2093400 12.435
2094300 12.437
2095200 12.438
2096100 12.438
2097000 12.44
2097900 12.44
2098800 12.441
2099700 12.441
2100600 12.441
2101500 12.441
2102400 12.443
2103300 12.441
2104200 12.441
2105100 12.441
2106000 12.441
2106900 12.441
2107800 12.441
2108700 12.44
2109600 12.44
2110500 12.44
2111400 12.438
2112300 12.438
2113200 12.437
2114100 12.437
2115000 12.435
2115900 12.434
2116800 12.434
2117700 12.432
2118600 12.432
2119500 12.431
2120400 12.431
2121300 12.429
2122200 12.429
2123100 12.428
2124000 12.428
2124900 12.426
2125800 12.426
2126700 12.425
2127600 12.425
2128500 12.423
2129400 12.423
2130300 12.422
2131200 12.422
2132100 12.422
2133000 12.422
2133900 12.422
2134800 12.422
2135700 12.422
2136600 12.423
2137500 12.423
2138400 12.425
2139300 12.426
2140200 12.426
2141100 12.428
2142000 12.429
2142900 12.431
2143800 12.432
2144700 12.435
2145600 12.437
2146500 12.438
2147400 12.441
2148300 12.443
2149200 12.446
2150100 12.449
2151000 12.45
2151900 12.453
2152800 12.45
2153700 12.447
2154600 12.449
2155500 12.45
2156400 12.452
2157300 12.455
2158200 12.458
2159100 12.461
2160000 12.464
2160900 12.467
2161800 12.47
2162700 12.473
2163600 12.476
2164500 12.479
2165400 12.482
2166300 12.483
2167200 12.487
2168100 12.49
2169000 12.493
2169900 12.494
2170800 12.497
2171700 12.499
2172600 12.502
2173500 12.505
2174400 12.506
2175300 12.508
2176200 12.511
2177100 12.512
2178000 12.514
2178900 12.515
2179800 12.517
2180700 12.518
2181600 12.52
2182500 12.521
2183400 12.523
2184300 12.524
2185200 12.524
2186100 12.526
2187000 12.527
2187900 12.527
2188800 12.529
2189700 12.529
2190600 12.529
2191500 12.53
2192400 12.53
2193300 12.53
2194200 12.53
2195100 12.53
2196000 12.532
2196900 12.532
2197800 12.532
2198700 12.532
2199600 12.53
2200500 12.532
2201400 12.532
2202300 12.532
2203200 12.532
2204100 12.53
2205000 12.53
2205900 12.53
2206800 12.529
2207700 12.529
2208600 12.529
2209500 12.529
2210400 12.529
2211300 12.527
2212200 12.527
2213100 12.527
2214000 12.527
2214900 12.527
2215800 12.527
2216700 12.527
2217600 12.527
2218500 12.527
2219400 12.527
2220300 12.527
2221200 12.527
2222100 12.529
2223000 12.529
2223900 12.529
2224800 12.529
2225700 12.53
2226600 12.53
2227500 12.53
2228400 12.532
2229300 12.532
2230200 12.532
2231100 12.533
2232000 12.533
2232900 12.535
2233800 12.535
2234700 12.536
2235600 12.536
2236500 12.538
2237400 12.539
2238300 12.539
2239200 12.541
2240100 12.542
2241000 12.542
2241900 12.544
2242800 12.545
2243700 12.545
2244600 12.547
2245500 12.547
2246400 12.547
2247300 12.548
2248200 12.548
2249100 12.548
2250000 12.55
2250900 12.55
2251800 12.55
2252700 12.55
2253600 12.55
2254500 12.548
2255400 12.548
2256300 12.548
2257200 12.547
2258100 12.547
2259000 12.545
2259900 12.545
2260800 12.544
2261700 12.542
2262600 12.541
2263500 12.539
2264400 12.538
2265300 12.536
2266200 12.535
2267100 12.532
2268000 12.53
2268900 12.527
2269800 12.526
2270700 12.523
2271600 12.52
2272500 12.518
2273400 12.515
2274300 12.512
2275200 12.509
