0 9.972
900 9.974
1800 9.975
2700 9.978
3600 9.98
4500 9.981
5400 9.984
6300 9.986
7200 9.989
8100 9.99
9000 9.992
9900 9.995
10800 9.997
11700 10
12600 10.001
13500 10.004
14400 10.006
15300 10.007
16200 10.01
17100 10.012
18000 10.015
18900 10.017
19800 10.02
20700 10.021
21600 10.023
22500 10.026
23400 10.027
24300 10.03
25200 10.032
26100 10.033
27000 10.036
27900 10.038
28800 10.04
29700 10.041
30600 10.044
31500 10.046
32400 10.047
33300 10.049
34200 10.052
35100 10.053
36000 10.055
36900 10.056
37800 10.058
38700 10.059
39600 10.061
40500 10.063
41400 10.064
42300 10.066
43200 10.067
44100 10.069
45000 10.07
45900 10.072
46800 10.073
47700 10.075
48600 10.075
49500 10.076
50400 10.078
51300 10.079
52200 10.079
53100 10.081
54000 10.083
54900 10.083
55800 10.084
56700 10.086
57600 10.086
58500 10.087
59400 10.087
60300 10.089
61200 10.089
62100 10.09
63000 10.09
63900 10.092
64800 10.092
65700 10.093
66600 10.093
67500 10.095
68400 10.095
69300 10.096
70200 10.096
71100 10.098
72000 10.098
72900 10.098
73800 10.099
74700 10.099
75600 10.101
76500 10.101
77400 10.102
78300 10.102
79200 10.104
80100 10.104
81000 10.106
81900 10.106
82800 10.106
83700 10.107
84600 10.107
85500 10.109
86400 10.109
87300 10.11
88200 10.11
89100 10.112
90000 10.112
90900 10.113
91800 10.113
92700 10.115
93600 10.115
94500 10.116
95400 10.116
96300 10.118
97200 10.118
98100 10.119
99000 10.119
99900 10.121
100800 10.121
101700 10.121
102600 10.122
103500 10.122
104400 10.124
105300 10.124
106200 10.124
107100 10.125
108000 10.125
108900 10.127
109800 10.127
110700 10.127
111600 10.127
112500 10.129
113400 10.129
114300 10.129
115200 10.129
116100 10.13
117000 10.13
117900 10.13
118800 10.13
119700 10.13
120600 10.13
121500 10.13
122400 10.13
123300 10.13
124200 10.13
125100 10.13
126000 10.13
126900 10.13
127800 10.13
128700 10.13
129600 10.13
130500 10.13
131400 10.129
132300 10.129
133200 10.129
134100 10.127
135000 10.127
135900 10.127
136800 10.125
137700 10.125
138600 10.124
139500 10.124
140400 10.122
141300 10.122
142200 10.121
143100 10.121
144000 10.119
144900 10.118
145800 10.118
146700 10.116
147600 10.116
148500 10.115
149400 10.113
150300 10.113
151200 10.112
152100 10.11
153000 10.109
153900 10.107
154800 10.106
155700 10.106
156600 10.104
157500 10.102
158400 10.101
159300 10.099
160200 10.098
161100 10.096
162000 10.095
162900 10.093
163800 10.092
164700 10.09
165600 10.089
166500 10.087
167400 10.086
168300 10.083
169200 10.081
170100 10.079
171000 10.078
171900 10.076
172800 10.075
173700 10.072
174600 10.07
175500 10.069
176400 10.067
177300 10.066
178200 10.063
179100 10.061
180000 10.059
180900 10.058
181800 10.055
182700 10.053
183600 10.052
184500 10.049
185400 10.047
186300 10.046
187200 10.043
188100 10.041
189000 10.04
189900 10.036
190800 10.035
191700 10.032
192600 10.03
193500 10.027
194400 10.026
195300 10.023
196200 10.021
197100 10.018
198000 10.017
198900 10.013
199800 10.01
200700 10.009
201600 10.006
202500 10.003
203400 10.001
204300 9.998
205200 9.995
206100 9.993
207000 9.99
207900 9.987
208800 9.984
209700 9.983
210600 9.98
211500 9.977
212400 9.974
213300 9.97
214200 9.967
215100 9.966
216000 9.963
216900 9.96
217800 9.957
218700 9.954
219600 9.95
220500 9.947
221400 9.944
222300 9.941
223200 9.938
224100 9.935
225000 9.932
225900 9.929
226800 9.926
227700 9.923
228600 9.92
229500 9.917
230400 9.914
231300 9.909
232200 9.906
233100 9.903
234000 9.9
234900 9.897
235800 9.894
236700 9.891
237600 9.888
238500 9.884
239400 9.881
240300 9.878
241200 9.875
242100 9.872
243000 9.869
243900 9.866
244800 9.863
245700 9.861
246600 9.858
247500 9.855
248400 9.852
249300 9.849
250200 9.846
251100 9.844
252000 9.841
252900 9.838
253800 9.835
254700 9.834
255600 9.831
256500 9.828
257400 9.826
258300 9.823
259200 9.82
260100 9.818
261000 9.815
261900 9.814
262800 9.811
263700 9.809
264600 9.806
265500 9.805
266400 9.801
267300 9.8
268200 9.798
269100 9.795
270000 9.794
270900 9.791
271800 9.789
272700 9.786
273600 9.785
274500 9.783
275400 9.78
276300 9.778
277200 9.777
278100 9.774
279000 9.772
279900 9.769
280800 9.768
281700 9.766
282600 9.763
283500 9.761
284400 9.76
285300 9.757
286200 9.755
287100 9.752
288000 9.751
288900 9.749
289800 9.746
290700 9.745
291600 9.741
292500 9.74
293400 9.737
294300 9.735
295200 9.732
296100 9.731
297000 9.729
297900 9.726
298800 9.725
299700 9.721
300600 9.718
301500 9.717
302400 9.714
303300 9.712
304200 9.709
305100 9.708
306000 9.705
306900 9.701
307800 9.7
308700 9.697
309600 9.695
310500 9.692
311400 9.689
312300 9.688
313200 9.685
314100 9.681
315000 9.68
315900 9.677
316800 9.674
317700 9.672
318600 9.669
319500 9.668
320400 9.665
321300 9.661
322200 9.66
323100 9.657
324000 9.655
324900 9.652
325800 9.649
326700 9.648
327600 9.644
328500 9.643
329400 9.64
330300 9.638
331200 9.635
332100 9.634
333000 9.631
333900 9.629
334800 9.628
335700 9.624
336600 9.623
337500 9.621
338400 9.618
339300 9.617
340200 9.615
341100 9.614
342000 9.611
342900 9.609
343800 9.608
344700 9.606
345600 9.604
346500 9.603
347400 9.601
348300 9.598
349200 9.597
350100 9.595
351000 9.594
351900 9.592
352800 9.591
353700 9.589
354600 9.588
355500 9.588
356400 9.586
357300 9.584
358200 9.583
359100 9.581
360000 9.58
360900 9.578
361800 9.577
362700 9.575
363600 9.574
364500 9.572
365400 9.571
366300 9.571
367200 9.569
368100 9.567
369000 9.566
369900 9.564
370800 9.563
371700 9.561
372600 9.56
373500 9.558
374400 9.557
375300 9.555
376200 9.554
377100 9.552
378000 9.551
378900 9.547
379800 9.546
380700 9.544
381600 9.543
382500 9.541
383400 9.54
384300 9.537
385200 9.535
386100 9.534
387000 9.532
387900 9.529
388800 9.527
389700 9.526
390600 9.523
391500 9.521
392400 9.52
393300 9.517
394200 9.515
395100 9.512
396000 9.51
396900 9.507
397800 9.506
398700 9.503
399600 9.501
400500 9.5
401400 9.497
402300 9.495
403200 9.492
404100 9.49
405000 9.487
405900 9.486
406800 9.483
407700 9.481
408600 9.478
409500 9.477
410400 9.475
411300 9.472
412200 9.47
413100 9.469
414000 9.466
414900 9.464
415800 9.463
416700 9.461
417600 9.458
418500 9.457
419400 9.455
420300 9.453
421200 9.452
422100 9.45
423000 9.449
423900 9.447
424800 9.446
425700 9.444
426600 9.443
427500 9.441
428400 9.44
429300 9.438
430200 9.438
431100 9.436
432000 9.435
432900 9.435
433800 9.433
434700 9.432
435600 9.432
436500 9.43
437400 9.43
438300 9.429
439200 9.429
440100 9.427
441000 9.427
441900 9.427
442800 9.426
443700 9.426
444600 9.424
445500 9.424
446400 9.424
447300 9.424
448200 9.423
449100 9.423
450000 9.423
450900 9.423
451800 9.421
452700 9.421
453600 9.421
454500 9.421
455400 9.42
456300 9.42
457200 9.42
458100 9.42
459000 9.418
459900 9.418
460800 9.418
461700 9.418
462600 9.418
463500 9.416
464400 9.416
465300 9.416
466200 9.416
467100 9.415
468000 9.415
468900 9.415
469800 9.413
470700 9.413
471600 9.413
472500 9.412
473400 9.412
474300 9.412
475200 9.41
476100 9.41
477000 9.41
477900 9.409
478800 9.409
479700 9.407
480600 9.407
481500 9.406
482400 9.406
483300 9.406
484200 9.404
485100 9.404
486000 9.403
486900 9.403
487800 9.401
488700 9.401
489600 9.399
490500 9.399
491400 9.398
492300 9.398
493200 9.396
494100 9.396
495000 9.395
495900 9.393
496800 9.393
497700 9.392
498600 9.392
499500 9.39
500400 9.39
501300 9.389
502200 9.389
503100 9.387
504000 9.387
504900 9.386
505800 9.386
506700 9.384
507600 9.384
508500 9.382
509400 9.382
510300 9.381
511200 9.381
512100 9.379
513000 9.379
513900 9.378
514800 9.378
515700 9.376
516600 9.376
517500 9.376
518400 9.375
519300 9.375
520200 9.375
521100 9.373
522000 9.373
522900 9.372
523800 9.372
524700 9.372
525600 9.37
526500 9.37
527400 9.37
528300 9.37
529200 9.369
530100 9.369
531000 9.369
531900 9.367
532800 9.367
533700 9.367
534600 9.366
535500 9.366
536400 9.366
537300 9.366
538200 9.364
539100 9.364
540000 9.364
540900 9.364
541800 9.362
542700 9.362
543600 9.362
544500 9.362
545400 9.361
546300 9.361
547200 9.361
548100 9.361
549000 9.359
549900 9.359
550800 9.359
551700 9.359
552600 9.358
553500 9.358
554400 9.358
555300 9.356
556200 9.356
557100 9.356
558000 9.355
558900 9.355
559800 9.355
560700 9.353
561600 9.353
562500 9.353
563400 9.352
564300 9.352
565200 9.352
566100 9.35
567000 9.35
567900 9.349
568800 9.349
569700 9.349
570600 9.347
571500 9.347
572400 9.345
573300 9.345
574200 9.344
575100 9.344
576000 9.342
576900 9.342
577800 9.342
578700 9.341
579600 9.341
580500 9.339
581400 9.339
582300 9.338
583200 9.338
584100 9.336
585000 9.336
585900 9.336
586800 9.335
587700 9.335
588600 9.333
589500 9.333
590400 9.332
591300 9.332
592200 9.332
593100 9.33
594000 9.33
594900 9.328
595800 9.328
596700 9.328
597600 9.327
598500 9.327
599400 9.327
600300 9.325
601200 9.325
602100 9.325
603000 9.325
603900 9.324
604800 9.324
605700 9.324
606600 9.324
607500 9.324
608400 9.322
609300 9.322
610200 9.322
611100 9.322
612000 9.322
612900 9.322
613800 9.322
614700 9.322
615600 9.322
616500 9.321
617400 9.321
618300 9.321
619200 9.321
620100 9.321
621000 9.321
621900 9.321
622800 9.321
623700 9.321
624600 9.321
625500 9.321
626400 9.321
627300 9.321
628200 9.321
629100 9.321
630000 9.321
630900 9.321
631800 9.321
632700 9.322
633600 9.322
634500 9.322
635400 9.322
636300 9.322
637200 9.322
638100 9.322
639000 9.322
639900 9.322
640800 9.322
641700 9.322
642600 9.322
643500 9.321
644400 9.321
645300 9.321
646200 9.321
647100 9.321
648000 9.321
648900 9.321
649800 9.321
650700 9.321
651600 9.321
652500 9.321
653400 9.319
654300 9.319
655200 9.319
656100 9.319
657000 9.319
657900 9.319
658800 9.319
659700 9.318
660600 9.318
661500 9.318
662400 9.318
663300 9.318
664200 9.318
665100 9.318
666000 9.318
666900 9.316
667800 9.316
668700 9.316
669600 9.316
670500 9.316
671400 9.316
672300 9.316
673200 9.318
674100 9.318
675000 9.318
675900 9.318
676800 9.318
677700 9.318
678600 9.319
679500 9.319
680400 9.319
681300 9.321
682200 9.321
683100 9.321
684000 9.322
684900 9.322
685800 9.324
686700 9.324
687600 9.325
688500 9.327
689400 9.327
690300 9.328
691200 9.33
692100 9.33
693000 9.332
693900 9.333
694800 9.335
695700 9.336
696600 9.336
697500 9.338
698400 9.339
699300 9.341
700200 9.342
701100 9.344
702000 9.345
702900 9.347
703800 9.349
704700 9.35
705600 9.353
706500 9.355
707400 9.356
708300 9.358
709200 9.359
710100 9.361
711000 9.362
711900 9.366
712800 9.367
713700 9.369
714600 9.37
715500 9.372
716400 9.375
717300 9.376
718200 9.378
719100 9.379
720000 9.382
720900 9.384
721800 9.386
722700 9.387
723600 9.39
724500 9.392
725400 9.393
726300 9.395
727200 9.396
728100 9.399
729000 9.401
729900 9.403
730800 9.404
731700 9.406
732600 9.409
733500 9.41
734400 9.412
735300 9.413
736200 9.415
737100 9.418
738000 9.42
738900 9.421
739800 9.423
740700 9.424
741600 9.426
742500 9.427
743400 9.43
744300 9.432
745200 9.433
746100 9.435
747000 9.436
747900 9.438
748800 9.44
749700 9.441
750600 9.444
751500 9.446
752400 9.447
753300 9.449
754200 9.45
755100 9.453
756000 9.455
756900 9.457
757800 9.458
758700 9.461
759600 9.463
760500 9.464
761400 9.466
762300 9.469
763200 9.47
764100 9.472
765000 9.475
765900 9.477
766800 9.48
767700 9.481
768600 9.484
769500 9.486
770400 9.489
771300 9.49
772200 9.494
773100 9.495
774000 9.498
774900 9.501
775800 9.503
776700 9.506
777600 9.507
778500 9.51
779400 9.514
780300 9.515
781200 9.518
782100 9.521
783000 9.523
783900 9.526
784800 9.527
785700 9.531
786600 9.534
787500 9.535
788400 9.538
789300 9.541
790200 9.543
791100 9.546
792000 9.547
792900 9.551
793800 9.552
794700 9.555
795600 9.557
796500 9.56
797400 9.561
798300 9.564
799200 9.566
800100 9.569
801000 9.571
801900 9.572
802800 9.575
803700 9.577
804600 9.578
805500 9.58
806400 9.583
807300 9.584
808200 9.586
809100 9.588
810000 9.589
810900 9.591
811800 9.592
812700 9.594
813600 9.595
814500 9.597
815400 9.597
816300 9.598
817200 9.6
818100 9.601
819000 9.601
819900 9.603
820800 9.604
821700 9.604
822600 9.606
823500 9.606
824400 9.608
825300 9.608
826200 9.609
827100 9.609
828000 9.609
828900 9.611
829800 9.611
830700 9.611
831600 9.611
832500 9.611
833400 9.612
834300 9.612
835200 9.612
836100 9.612
837000 9.612
837900 9.612
838800 9.612
839700 9.612
840600 9.612
841500 9.612
842400 9.612
843300 9.612
844200 9.612
845100 9.612
846000 9.612
846900 9.612
847800 9.612
848700 9.612
849600 9.612
850500 9.612
851400 9.612
852300 9.612
853200 9.612
854100 9.612
855000 9.614
855900 9.614
856800 9.614
857700 9.614
858600 9.614
859500 9.615
860400 9.615
861300 9.615
862200 9.615
863100 9.617
864000 9.617
864900 9.618
865800 9.618
866700 9.618
867600 9.62
868500 9.62
869400 9.621
870300 9.621
871200 9.623
872100 9.623
873000 9.624
873900 9.626
874800 9.626
875700 9.628
876600 9.628
877500 9.629
878400 9.629
879300 9.631
880200 9.632
881100 9.632
882000 9.634
882900 9.634
883800 9.635
884700 9.635
885600 9.637
886500 9.638
887400 9.638
888300 9.64
889200 9.64
890100 9.64
891000 9.641
891900 9.641
892800 9.643
893700 9.643
894600 9.643
895500 9.644
896400 9.644
897300 9.644
898200 9.646
899100 9.646
9e+05 9.646
900900 9.646
901800 9.646
902700 9.646
903600 9.646
904500 9.646
905400 9.646
906300 9.646
907200 9.646
908100 9.646
909000 9.646
909900 9.646
910800 9.646
911700 9.644
912600 9.644
913500 9.644
914400 9.644
915300 9.643
916200 9.643
917100 9.643
918000 9.641
918900 9.641
919800 9.64
920700 9.64
921600 9.64
922500 9.638
923400 9.638
924300 9.637
925200 9.637
926100 9.637
927000 9.635
927900 9.635
928800 9.634
929700 9.634
930600 9.634
931500 9.632
932400 9.632
933300 9.632
934200 9.632
935100 9.631
936000 9.631
936900 9.631
937800 9.631
938700 9.631
939600 9.631
940500 9.631
941400 9.631
942300 9.631
943200 9.631
944100 9.631
945000 9.631
945900 9.632
946800 9.632
947700 9.632
948600 9.634
949500 9.634
950400 9.634
951300 9.635
952200 9.635
953100 9.637
954000 9.638
954900 9.638
955800 9.64
956700 9.641
957600 9.641
958500 9.643
959400 9.644
960300 9.644
961200 9.646
962100 9.648
963000 9.649
963900 9.651
964800 9.651
965700 9.652
966600 9.654
967500 9.655
968400 9.657
969300 9.658
970200 9.66
971100 9.66
972000 9.661
972900 9.663
973800 9.665
974700 9.666
975600 9.666
976500 9.668
977400 9.669
978300 9.671
979200 9.672
980100 9.672
981000 9.674
981900 9.675
982800 9.675
983700 9.677
984600 9.677
985500 9.678
986400 9.68
987300 9.68
988200 9.681
989100 9.681
990000 9.683
990900 9.683
991800 9.683
992700 9.685
993600 9.685
994500 9.685
995400 9.685
996300 9.686
997200 9.686
998100 9.686
999000 9.686
999900 9.686
1000800 9.686
1001700 9.686
1002600 9.686
1003500 9.686
1004400 9.686
1005300 9.686
1006200 9.686
1007100 9.686
1008000 9.685
1008900 9.685
1009800 9.685
1010700 9.685
1011600 9.685
1012500 9.685
1013400 9.685
1014300 9.685
1015200 9.683
1016100 9.683
1017000 9.683
1017900 9.683
1018800 9.683
1019700 9.683
1020600 9.683
1021500 9.683
1022400 9.683
1023300 9.683
1024200 9.683
1025100 9.683
1026000 9.685
1026900 9.685
1027800 9.685
1028700 9.685
1029600 9.686
1030500 9.686
1031400 9.686
1032300 9.686
1033200 9.688
1034100 9.688
1035000 9.689
1035900 9.689
1036800 9.691
1037700 9.691
1038600 9.692
1039500 9.694
1040400 9.694
1041300 9.695
1042200 9.697
1043100 9.697
1044000 9.698
1044900 9.7
1045800 9.701
1046700 9.703
1047600 9.703
1048500 9.705
1049400 9.706
1050300 9.708
1051200 9.709
1052100 9.711
1053000 9.711
1053900 9.712
1054800 9.714
1055700 9.715
1056600 9.717
1057500 9.718
1058400 9.718
1059300 9.72
1060200 9.721
1061100 9.723
1062000 9.725
1062900 9.726
1063800 9.726
1064700 9.728
1065600 9.729
1066500 9.729
1067400 9.731
1068300 9.732
1069200 9.732
1070100 9.734
1071000 9.735
1071900 9.735
1072800 9.737
1073700 9.737
1074600 9.738
1075500 9.738
1076400 9.738
1077300 9.74
1078200 9.74
1079100 9.74
1080000 9.741
1080900 9.741
1081800 9.741
1082700 9.741
1083600 9.741
1084500 9.741
1085400 9.741
1086300 9.741
1087200 9.741
1088100 9.743
1089000 9.741
1089900 9.741
1090800 9.741
1091700 9.741
1092600 9.741
1093500 9.741
1094400 9.741
1095300 9.741
1096200 9.74
1097100 9.74
1098000 9.74
1098900 9.74
1099800 9.74
1100700 9.738
1101600 9.738
1102500 9.738
1103400 9.738
1104300 9.738
1105200 9.738
1106100 9.738
1107000 9.738
1107900 9.738
1108800 9.738
1109700 9.738
1110600 9.738
1111500 9.738
1112400 9.738
1113300 9.738
1114200 9.738
1115100 9.74
1116000 9.74
1116900 9.74
1117800 9.74
1118700 9.741
1119600 9.741
1120500 9.743
1121400 9.743
1122300 9.745
1123200 9.745
1124100 9.746
1125000 9.748
1125900 9.748
1126800 9.749
1127700 9.751
1128600 9.752
1129500 9.752
1130400 9.754
1131300 9.755
1132200 9.757
1133100 9.758
1134000 9.76
1134900 9.761
1135800 9.763
1136700 9.765
1137600 9.766
1138500 9.768
1139400 9.769
1140300 9.771
1141200 9.772
1142100 9.774
1143000 9.775
1143900 9.777
1144800 9.778
1145700 9.78
1146600 9.783
1147500 9.785
1148400 9.786
1149300 9.788
1150200 9.789
1151100 9.791
1152000 9.792
1152900 9.794
1153800 9.795
1154700 9.797
1155600 9.798
1156500 9.798
1157400 9.8
1158300 9.801
1159200 9.803
1160100 9.805
1161000 9.806
1161900 9.806
1162800 9.808
1163700 9.809
1164600 9.809
1165500 9.811
1166400 9.812
1167300 9.812
1168200 9.814
1169100 9.814
1170000 9.815
1170900 9.815
1171800 9.817
1172700 9.817
1173600 9.817
1174500 9.818
1175400 9.818
1176300 9.818
1177200 9.82
1178100 9.82
1179000 9.82
1179900 9.82
1180800 9.82
1181700 9.821
1182600 9.821
1183500 9.821
1184400 9.821
1185300 9.821
1186200 9.821
1187100 9.821
1188000 9.823
1188900 9.823
1189800 9.823
1190700 9.823
1191600 9.823
1192500 9.824
1193400 9.824
1194300 9.824
1195200 9.826
1196100 9.826
1197000 9.826
1197900 9.828
1198800 9.828
1199700 9.829
1200600 9.829
1201500 9.831
1202400 9.832
1203300 9.832
1204200 9.834
1205100 9.835
1206000 9.837
1206900 9.837
1207800 9.838
1208700 9.84
1209600 9.841
1210500 9.843
1211400 9.844
1212300 9.846
1213200 9.849
1214100 9.851
1215000 9.852
1215900 9.854
1216800 9.855
1217700 9.858
1218600 9.86
1219500 9.863
1220400 9.864
1221300 9.866
1222200 9.869
1223100 9.871
1224000 9.874
1224900 9.875
1225800 9.878
1226700 9.88
1227600 9.883
1228500 9.886
1229400 9.888
1230300 9.891
1231200 9.892
1232100 9.895
1233000 9.898
1233900 9.9
1234800 9.903
1235700 9.906
1236600 9.907
1237500 9.911
1238400 9.912
1239300 9.915
1240200 9.917
1241100 9.92
1242000 9.923
1242900 9.924
1243800 9.927
1244700 9.929
1245600 9.932
1246500 9.934
1247400 9.937
1248300 9.938
1249200 9.94
1250100 9.943
1251000 9.944
1251900 9.947
1252800 9.949
1253700 9.95
1254600 9.954
1255500 9.955
1256400 9.957
1257300 9.958
1258200 9.96
1259100 9.963
1260000 9.964
1260900 9.966
1261800 9.967
1262700 9.969
1263600 9.97
1264500 9.972
1265400 9.974
1266300 9.975
1267200 9.977
1268100 9.978
1269000 9.978
1269900 9.98
1270800 9.981
1271700 9.983
1272600 9.984
1273500 9.986
1274400 9.987
1275300 9.989
1276200 9.99
1277100 9.992
1278000 9.993
1278900 9.995
1279800 9.997
1280700 9.998
1281600 10
1282500 10.001
1283400 10.003
1284300 10.004
1285200 10.007
1286100 10.009
1287000 10.01
1287900 10.012
1288800 10.015
1289700 10.017
1290600 10.02
1291500 10.021
1292400 10.024
1293300 10.027
1294200 10.029
1295100 10.032
1296000 10.035
1296900 10.036
1297800 10.04
1298700 10.043
1299600 10.046
1300500 10.049
1301400 10.052
1302300 10.055
1303200 10.058
1304100 10.061
1305000 10.064
1305900 10.069
1306800 10.072
1307700 10.075
1308600 10.078
1309500 10.083
1310400 10.086
1311300 10.089
1312200 10.092
1313100 10.096
1314000 10.099
1314900 10.104
1315800 10.107
1316700 10.11
1317600 10.115
1318500 10.118
1319400 10.121
1320300 10.125
1321200 10.129
1322100 10.132
1323000 10.136
1323900 10.139
1324800 10.142
1325700 10.147
1326600 10.15
1327500 10.153
1328400 10.158
1329300 10.161
1330200 10.164
1331100 10.168
1332000 10.171
1332900 10.175
1333800 10.178
1334700 10.182
1335600 10.185
1336500 10.188
1337400 10.191
1338300 10.194
1339200 10.198
1340100 10.201
1341000 10.204
1341900 10.207
1342800 10.21
1343700 10.213
1344600 10.216
1345500 10.219
1346400 10.222
1347300 10.225
1348200 10.227
1349100 10.23
1350000 10.233
1350900 10.236
1351800 10.239
1352700 10.24
1353600 10.243
1354500 10.247
1355400 10.248
1356300 10.251
1357200 10.254
1358100 10.256
1359000 10.259
1359900 10.26
1360800 10.263
1361700 10.266
1362600 10.268
1363500 10.271
1364400 10.273
1365300 10.274
1366200 10.276
1367100 10.279
1368000 10.28
1368900 10.282
1369800 10.283
1370700 10.286
1371600 10.288
1372500 10.289
1373400 10.293
1374300 10.294
1375200 10.297
1376100 10.299
1377000 10.302
1377900 10.303
1378800 10.306
1379700 10.309
1380600 10.311
1381500 10.314
1382400 10.317
1383300 10.32
1384200 10.322
1385100 10.325
1386000 10.328
1386900 10.331
1387800 10.334
1388700 10.337
1389600 10.338
1390500 10.342
1391400 10.345
1392300 10.348
1393200 10.351
1394100 10.354
1395000 10.357
1395900 10.36
1396800 10.363
1397700 10.366
1398600 10.369
1399500 10.372
1400400 10.375
1401300 10.377
1402200 10.38
1403100 10.383
1404000 10.386
1404900 10.389
1405800 10.392
1406700 10.395
1407600 10.398
1408500 10.401
1409400 10.403
1410300 10.406
1411200 10.409
1412100 10.412
1413000 10.413
1413900 10.417
1414800 10.42
1415700 10.421
1416600 10.424
1417500 10.427
1418400 10.429
1419300 10.432
1420200 10.433
1421100 10.436
1422000 10.438
1422900 10.441
1423800 10.443
1424700 10.446
1425600 10.447
1426500 10.449
1427400 10.452
1428300 10.453
1429200 10.455
1430100 10.456
1431000 10.459
1431900 10.461
1432800 10.462
1433700 10.464
1434600 10.466
1435500 10.469
1436400 10.47
1437300 10.472
1438200 10.473
1439100 10.475
1440000 10.476
1440900 10.478
1441800 10.479
1442700 10.481
1443600 10.482
1444500 10.484
1445400 10.485
1446300 10.487
1447200 10.488
1448100 10.49
1449000 10.492
1449900 10.493
1450800 10.493
1451700 10.493
1452600 10.495
1453500 10.495
1454400 10.496
1455300 10.496
1456200 10.498
1457100 10.499
1458000 10.499
1458900 10.501
1459800 10.502
1460700 10.504
1461600 10.505
1462500 10.507
1463400 10.508
1464300 10.51
1465200 10.511
1466100 10.513
1467000 10.514
1467900 10.516
1468800 10.518
1469700 10.521
1470600 10.522
1471500 10.524
1472400 10.527
1473300 10.528
1474200 10.53
1475100 10.533
1476000 10.534
1476900 10.536
1477800 10.539
1478700 10.54
1479600 10.544
1480500 10.545
1481400 10.548
1482300 10.55
1483200 10.553
1484100 10.556
1485000 10.557
1485900 10.56
1486800 10.562
1487700 10.565
1488600 10.566
1489500 10.569
1490400 10.573
1491300 10.574
1492200 10.577
1493100 10.579
1494000 10.582
1494900 10.585
1495800 10.586
1496700 10.589
1497600 10.591
1498500 10.594
1499400 10.595
1500300 10.599
1501200 10.6
1502100 10.603
1503000 10.605
1503900 10.608
1504800 10.609
1505700 10.612
1506600 10.614
1507500 10.617
1508400 10.618
1509300 10.62
1510200 10.623
1511100 10.625
1512000 10.628
1512900 10.629
1513800 10.631
1514700 10.634
1515600 10.635
1516500 10.637
1517400 10.64
1518300 10.641
1519200 10.643
1520100 10.644
1521000 10.647
1521900 10.649
1522800 10.65
1523700 10.652
1524600 10.654
1525500 10.655
1526400 10.657
1527300 10.658
1528200 10.66
1529100 10.661
1530000 10.663
1530900 10.663
1531800 10.664
1532700 10.666
1533600 10.667
1534500 10.669
1535400 10.67
1536300 10.672
1537200 10.675
1538100 10.676
1539000 10.678
1539900 10.68
1540800 10.681
1541700 10.683
1542600 10.684
1543500 10.686
1544400 10.687
1545300 10.689
1546200 10.692
1547100 10.693
1548000 10.695
1548900 10.696
1549800 10.699
1550700 10.701
1551600 10.702
1552500 10.705
1553400 10.707
1554300 10.709
1555200 10.712
1556100 10.713
1557000 10.716
1557900 10.719
1558800 10.721
1559700 10.724
1560600 10.725
1561500 10.728
1562400 10.731
1563300 10.733
1564200 10.736
1565100 10.738
1566000 10.741
1566900 10.744
1567800 10.747
1568700 10.748
1569600 10.751
1570500 10.754
1571400 10.756
1572300 10.759
1573200 10.762
1574100 10.765
1575000 10.767
1575900 10.77
1576800 10.773
1577700 10.774
1578600 10.777
1579500 10.78
1580400 10.782
1581300 10.785
1582200 10.786
1583100 10.789
1584000 10.793
1584900 10.794
1585800 10.796
1586700 10.799
1587600 10.8
1588500 10.803
1589400 10.805
1590300 10.808
1591200 10.809
1592100 10.811
1593000 10.814
1593900 10.815
1594800 10.817
1595700 10.818
1596600 10.82
1597500 10.822
1598400 10.823
1599300 10.825
1600200 10.826
1601100 10.828
1602000 10.828
1602900 10.829
1603800 10.831
1604700 10.832
1605600 10.834
1606500 10.834
1607400 10.835
1608300 10.837
1609200 10.837
1610100 10.838
1611000 10.84
1611900 10.84
1612800 10.841
1613700 10.841
1614600 10.843
1615500 10.843
1616400 10.843
1617300 10.844
1618200 10.844
1619100 10.846
1620000 10.846
1620900 10.846
1621800 10.847
1622700 10.847
1623600 10.847
1624500 10.849
1625400 10.849
1626300 10.849
1627200 10.849
1628100 10.85
1629000 10.85
1629900 10.85
1630800 10.85
1631700 10.852
1632600 10.852
1633500 10.852
1634400 10.852
1635300 10.852
1636200 10.852
1637100 10.854
1638000 10.854
1638900 10.854
1639800 10.854
1640700 10.854
1641600 10.854
1642500 10.854
1643400 10.854
1644300 10.854
1645200 10.854
1646100 10.855
1647000 10.855
1647900 10.855
1648800 10.855
1649700 10.855
1650600 10.855
1651500 10.855
1652400 10.855
1653300 10.855
1654200 10.855
1655100 10.855
1656000 10.855
1656900 10.855
1657800 10.855
1658700 10.855
1659600 10.855
1660500 10.855
1661400 10.855
1662300 10.855
1663200 10.855
1664100 10.855
1665000 10.855
1665900 10.855
1666800 10.855
1667700 10.854
1668600 10.854
1669500 10.854
1670400 10.854
1671300 10.854
1672200 10.854
1673100 10.854
1674000 10.852
1674900 10.852
1675800 10.852
1676700 10.852
1677600 10.852
1678500 10.85
1679400 10.85
1680300 10.85
1681200 10.85
1682100 10.849
1683000 10.849
1683900 10.849
1684800 10.849
1685700 10.847
1686600 10.847
1687500 10.846
1688400 10.846
1689300 10.846
1690200 10.844
1691100 10.844
1692000 10.844
1692900 10.843
1693800 10.843
1694700 10.841
1695600 10.841
1696500 10.84
1697400 10.84
1698300 10.838
1699200 10.838
1700100 10.837
1701000 10.837
1701900 10.837
1702800 10.835
1703700 10.834
1704600 10.834
1705500 10.834
1706400 10.832
1707300 10.832
1708200 10.831
1709100 10.831
1710000 10.829
1710900 10.829
1711800 10.828
1712700 10.828
1713600 10.828
1714500 10.826
1715400 10.826
1716300 10.826
1717200 10.826
1718100 10.826
1719000 10.825
1719900 10.825
1720800 10.825
1721700 10.825
1722600 10.825
1723500 10.825
1724400 10.825
1725300 10.825
1726200 10.825
1727100 10.825
1728000 10.825
1728900 10.825
1729800 10.825
1730700 10.826
1731600 10.826
1732500 10.826
1733400 10.826
1734300 10.828
1735200 10.828
1736100 10.828
1737000 10.829
1737900 10.829
1738800 10.829
1739700 10.831
1740600 10.831
1741500 10.831
1742400 10.832
1743300 10.832
1744200 10.834
1745100 10.834
1746000 10.834
1746900 10.835
1747800 10.835
1748700 10.835
1749600 10.837
1750500 10.837
1751400 10.837
1752300 10.838
1753200 10.838
1754100 10.838
1755000 10.84
1755900 10.84
1756800 10.84
1757700 10.84
1758600 10.841
1759500 10.841
1760400 10.841
1761300 10.841
1762200 10.841
1763100 10.841
1764000 10.841
1764900 10.841
1765800 10.841
1766700 10.843
1767600 10.843
1768500 10.843
1769400 10.841
1770300 10.841
1771200 10.841
1772100 10.841
1773000 10.841
1773900 10.841
1774800 10.841
1775700 10.841
1776600 10.84
1777500 10.84
1778400 10.84
1779300 10.84
1780200 10.838
1781100 10.838
1782000 10.838
1782900 10.837
1783800 10.837
1784700 10.837
1785600 10.835
1786500 10.835
1787400 10.835
1788300 10.834
1789200 10.834
1790100 10.832
1791000 10.832
1791900 10.832
1792800 10.831
1793700 10.831
1794600 10.831
1795500 10.831
1796400 10.829
1797300 10.829
1798200 10.829
1799100 10.829
1800000 10.829
1800900 10.829
1801800 10.829
1802700 10.829
1803600 10.829
1804500 10.829
1805400 10.831
1806300 10.831
1807200 10.831
1808100 10.832
1809000 10.832
1809900 10.834
1810800 10.834
1811700 10.835
1812600 10.837
1813500 10.837
1814400 10.838
1815300 10.84
1816200 10.841
1817100 10.843
1818000 10.844
1818900 10.846
1819800 10.847
1820700 10.849
1821600 10.852
1822500 10.854
1823400 10.855
1824300 10.857
1825200 10.86
1826100 10.861
1827000 10.864
1827900 10.866
1828800 10.867
1829700 10.87
1830600 10.872
1831500 10.875
1832400 10.876
1833300 10.879
1834200 10.883
1835100 10.884
1836000 10.887
1836900 10.889
1837800 10.89
1838700 10.893
1839600 10.895
1840500 10.898
1841400 10.899
1842300 10.902
1843200 10.904
1844100 10.907
1845000 10.908
1845900 10.912
1846800 10.913
1847700 10.916
1848600 10.918
1849500 10.919
1850400 10.922
1851300 10.924
1852200 10.925
1853100 10.928
1854000 10.93
1854900 10.931
1855800 10.934
1856700 10.936
1857600 10.937
1858500 10.939
1859400 10.942
1860300 10.944
1861200 10.945
1862100 10.947
1863000 10.948
1863900 10.95
1864800 10.951
1865700 10.953
1866600 10.954
1867500 10.954
1868400 10.956
1869300 10.957
1870200 10.959
1871100 10.959
1872000 10.96
1872900 10.962
1873800 10.963
1874700 10.963
1875600 10.965
1876500 10.966
1877400 10.966
1878300 10.968
1879200 10.969
1880100 10.969
1881000 10.971
1881900 10.972
1882800 10.972
1883700 10.974
1884600 10.976
1885500 10.977
1886400 10.979
1887300 10.979
1888200 10.98
1889100 10.982
1890000 10.983
1890900 10.985
1891800 10.986
1892700 10.988
1893600 10.989
1894500 10.991
1895400 10.992
1896300 10.995
1897200 10.997
1898100 10.998
1899000 11.001
1899900 11.003
1900800 11.005
1901700 11.008
1902600 11.009
1903500 11.012
1904400 11.014
1905300 11.017
1906200 11.018
1907100 11.021
1908000 11.024
1908900 11.027
1909800 11.029
1910700 11.032
1911600 11.035
1912500 11.038
1913400 11.04
1914300 11.043
1915200 11.046
1916100 11.049
1917000 11.052
1917900 11.055
1918800 11.056
1919700 11.059
1920600 11.062
1921500 11.065
1922400 11.069
1923300 11.072
1924200 11.075
1925100 11.078
1926000 11.079
1926900 11.082
1927800 11.085
1928700 11.088
1929600 11.091
1930500 11.093
1931400 11.096
1932300 11.099
1933200 11.102
1934100 11.104
1935000 11.107
1935900 11.11
1936800 11.113
1937700 11.114
1938600 11.117
1939500 11.12
1940400 11.122
1941300 11.125
1942200 11.126
1943100 11.129
1944000 11.132
1944900 11.134
1945800 11.137
1946700 11.139
1947600 11.142
1948500 11.143
1949400 11.145
1950300 11.148
1951200 11.149
1952100 11.151
1953000 11.152
1953900 11.155
1954800 11.157
1955700 11.158
1956600 11.16
1957500 11.161
1958400 11.163
1959300 11.164
1960200 11.166
1961100 11.169
1962000 11.171
1962900 11.172
1963800 11.174
1964700 11.174
1965600 11.175
1966500 11.177
1967400 11.178
1968300 11.18
1969200 11.181
1970100 11.183
1971000 11.184
1971900 11.186
1972800 11.187
1973700 11.189
1974600 11.19
1975500 11.192
1976400 11.193
1977300 11.196
1978200 11.198
1979100 11.199
1980000 11.201
1980900 11.204
1981800 11.206
1982700 11.207
1983600 11.21
1984500 11.212
1985400 11.213
1986300 11.216
1987200 11.218
1988100 11.221
1989000 11.224
1989900 11.225
1990800 11.228
1991700 11.231
1992600 11.233
1993500 11.236
1994400 11.239
1995300 11.241
1996200 11.244
1997100 11.247
1998000 11.25
1998900 11.253
1999800 11.256
2000700 11.257
2001600 11.26
2002500 11.263
2003400 11.266
2004300 11.269
2005200 11.272
2006100 11.274
2007000 11.277
2007900 11.28
2008800 11.283
2009700 11.286
2010600 11.289
2011500 11.291
2012400 11.294
2013300 11.297
2014200 11.3
2015100 11.301
2016000 11.304
2016900 11.307
2017800 11.309
2018700 11.312
2019600 11.314
2020500 11.317
2021400 11.318
2022300 11.321
2023200 11.323
2024100 11.326
2025000 11.327
2025900 11.33
2026800 11.332
2027700 11.335
2028600 11.336
2029500 11.339
2030400 11.341
2031300 11.344
2032200 11.346
2033100 11.347
2034000 11.349
2034900 11.352
2035800 11.353
2036700 11.355
2037600 11.356
2038500 11.358
2039400 11.358
2040300 11.359
2041200 11.361
2042100 11.362
2043000 11.364
2043900 11.365
2044800 11.365
2045700 11.367
2046600 11.368
2047500 11.37
2048400 11.37
2049300 11.371
2050200 11.373
2051100 11.373
2052000 11.374
2052900 11.376
2053800 11.376
2054700 11.377
2055600 11.379
2056500 11.379
2057400 11.38
2058300 11.38
2059200 11.382
2060100 11.384
2061000 11.385
2061900 11.385
2062800 11.387
2063700 11.388
2064600 11.39
2065500 11.391
2066400 11.393
2067300 11.394
2068200 11.396
2069100 11.397
2070000 11.399
2070900 11.4
2071800 11.403
2072700 11.405
2073600 11.406
2074500 11.409
2075400 11.411
2076300 11.414
2077200 11.415
2078100 11.418
2079000 11.42
2079900 11.423
2080800 11.425
2081700 11.428
2082600 11.429
2083500 11.432
2084400 11.435
2085300 11.438
2086200 11.44
2087100 11.443
2088000 11.446
2088900 11.447
2089800 11.45
2090700 11.453
2091600 11.456
2092500 11.458
2093400 11.461
2094300 11.464
2095200 11.467
2096100 11.469
2097000 11.472
2097900 11.475
2098800 11.476
2099700 11.479
2100600 11.481
2101500 11.484
2102400 11.485
2103300 11.488
2104200 11.49
2105100 11.493
2106000 11.494
2106900 11.497
2107800 11.499
2108700 11.502
2109600 11.504
2110500 11.507
2111400 11.508
2112300 11.51
2113200 11.513
2114100 11.514
2115000 11.516
2115900 11.517
2116800 11.519
2117700 11.52
2118600 11.522
2119500 11.523
2120400 11.525
2121300 11.526
2122200 11.528
2123100 11.529
2124000 11.531
2124900 11.532
2125800 11.534
2126700 11.534
2127600 11.535
2128500 11.535
2129400 11.537
2130300 11.538
2131200 11.538
2132100 11.54
2133000 11.54
2133900 11.542
2134800 11.542
2135700 11.542
2136600 11.543
2137500 11.543
2138400 11.545
2139300 11.545
2140200 11.546
2141100 11.546
2142000 11.548
2142900 11.548
2143800 11.549
2144700 11.549
2145600 11.551
2146500 11.551
2147400 11.552
2148300 11.552
2149200 11.554
2150100 11.554
2151000 11.555
2151900 11.557
2152800 11.557
2153700 11.557
2154600 11.557
2155500 11.557
2156400 11.557
2157300 11.558
2158200 11.56
2159100 11.56
2160000 11.561
2160900 11.563
2161800 11.563
2162700 11.564
2163600 11.566
2164500 11.567
2165400 11.569
2166300 11.569
2167200 11.57
2168100 11.572
2169000 11.573
2169900 11.575
2170800 11.576
2171700 11.578
2172600 11.579
2173500 11.581
2174400 11.583
2175300 11.584
2176200 11.586
2177100 11.587
2178000 11.589
2178900 11.59
2179800 11.592
2180700 11.593
2181600 11.595
2182500 11.598
2183400 11.599
2184300 11.601
2185200 11.602
2186100 11.604
2187000 11.605
2187900 11.607
2188800 11.608
2189700 11.61
2190600 11.611
2191500 11.613
2192400 11.614
2193300 11.616
2194200 11.617
2195100 11.619
2196000 11.62
2196900 11.622
2197800 11.624
2198700 11.625
2199600 11.627
2200500 11.628
2201400 11.63
2202300 11.631
2203200 11.633
2204100 11.634
2205000 11.636
2205900 11.637
2206800 11.639
2207700 11.64
2208600 11.642
2209500 11.643
2210400 11.643
2211300 11.645
2212200 11.646
2213100 11.648
2214000 11.648
2214900 11.649
2215800 11.651
2216700 11.651
2217600 11.652
2218500 11.654
2219400 11.654
2220300 11.655
2221200 11.655
2222100 11.657
2223000 11.658
2223900 11.658
2224800 11.66
2225700 11.66
2226600 11.66
2227500 11.661
2228400 11.661
2229300 11.663
2230200 11.663
2231100 11.665
2232000 11.665
2232900 11.665
2233800 11.666
2234700 11.666
2235600 11.668
2236500 11.668
2237400 11.668
2238300 11.669
2239200 11.669
2240100 11.671
2241000 11.671
2241900 11.672
2242800 11.672
2243700 11.674
2244600 11.674
2245500 11.675
2246400 11.675
2247300 11.677
2248200 11.677
2249100 11.678
2250000 11.678
2250900 11.68
2251800 11.681
2252700 11.681
2253600 11.683
2254500 11.683
2255400 11.684
2256300 11.684
2257200 11.686
2258100 11.686
2259000 11.687
2259900 11.689
2260800 11.689
2261700 11.69
2262600 11.69
2263500 11.692
2264400 11.692
2265300 11.692
2266200 11.693
2267100 11.693
2268000 11.695
2268900 11.695
2269800 11.695
2270700 11.696
2271600 11.696
2272500 11.696
2273400 11.701
2274300 11.698
2275200 11.698
