           1  0.50000000000000000        39.983499999999992     
           2  0.50000000000000000        39.950499999999991     
           3  0.50000000000000000        39.917499999999990     
           4  0.50000000000000000        39.884499999999989     
           5  0.50000000000000000        39.851499999999987     
           6  0.50000000000000000        39.818499999999986     
           7  0.50000000000000000        39.785499999999985     
           8  0.50000000000000000        39.752499999999984     
           9  0.50000000000000000        39.719499999999982     
          10  0.50000000000000000        39.686499999999981     
          11  0.50000000000000000        39.653499999999980     
          12  0.50000000000000000        39.620499999999979     
          13  0.50000000000000000        39.587499999999977     
          14  0.50000000000000000        39.554499999999976     
          15  0.50000000000000000        39.521499999999975     
          16  0.50000000000000000        39.488499999999974     
          17  0.50000000000000000        39.455499999999972     
          18  0.50000000000000000        39.422499999999971     
          19  0.50000000000000000        39.389499999999970     
          20  0.50000000000000000        39.356499999999969     
          21  0.50000000000000000        39.323499999999967     
          22  0.50000000000000000        39.290499999999966     
          23  0.50000000000000000        39.257499999999965     
          24  0.50000000000000000        39.224499999999964     
          25  0.50000000000000000        39.191499999999962     
          26  0.50000000000000000        39.158499999999961     
          27  0.50000000000000000        39.125499999999960     
          28  0.50000000000000000        39.092499999999959     
          29  0.50000000000000000        39.059499999999957     
          30  0.50000000000000000        39.026499999999956     
          31  0.50000000000000000        38.993499999999955     
          32  0.50000000000000000        38.960499999999954     
          33  0.50000000000000000        38.927499999999952     
          34  0.50000000000000000        38.894499999999951     
          35  0.50000000000000000        38.861499999999950     
          36  0.50000000000000000        38.828499999999948     
          37  0.50000000000000000        38.795499999999947     
          38  0.50000000000000000        38.762499999999946     
          39  0.50000000000000000        38.729499999999945     
          40  0.50000000000000000        38.696499999999943     
          41  0.50000000000000000        38.663499999999942     
          42  0.50000000000000000        38.630499999999941     
          43  0.50000000000000000        38.597499999999940     
          44  0.50000000000000000        38.564499999999938     
          45  0.50000000000000000        38.531499999999937     
          46  0.50000000000000000        38.498499999999936     
          47  0.50000000000000000        38.465499999999935     
          48  0.50000000000000000        38.432499999999933     
          49  0.50000000000000000        38.399499999999932     
          50  0.50000000000000000        38.366499999999931     
          51  0.50000000000000000        38.333499999999930     
          52  0.50000000000000000        38.300499999999928     
          53  0.50000000000000000        38.267499999999927     
          54  0.50000000000000000        38.234499999999926     
          55  0.50000000000000000        38.201499999999925     
          56  0.50000000000000000        38.168499999999923     
          57  0.50000000000000000        38.135499999999922     
          58  0.50000000000000000        38.102499999999921     
          59  0.50000000000000000        38.069499999999920     
          60  0.50000000000000000        38.036499999999918     
          61  0.50000000000000000        38.003499999999917     
          62  0.50000000000000000        37.970499999999916     
          63  0.50000000000000000        37.937499999999915     
          64  0.50000000000000000        37.904499999999913     
          65  0.50000000000000000        37.871499999999912     
          66  0.50000000000000000        37.838499999999911     
          67  0.50000000000000000        37.805499999999910     
          68  0.50000000000000000        37.772499999999908     
          69  0.50000000000000000        37.739499999999907     
          70  0.50000000000000000        37.706499999999906     
          71  0.50000000000000000        37.673499999999905     
          72  0.50000000000000000        37.640499999999903     
          73  0.50000000000000000        37.607499999999902     
          74  0.50000000000000000        37.574499999999901     
          75  0.50000000000000000        37.541499999999900     
          76  0.50000000000000000        37.508499999999898     
          77  0.50000000000000000        37.475499999999897     
          78  0.50000000000000000        37.442499999999896     
          79  0.50000000000000000        37.409499999999895     
          80  0.50000000000000000        37.376499999999893     
          81  0.50000000000000000        37.343499999999892     
          82  0.50000000000000000        37.310499999999891     
          83  0.50000000000000000        37.277499999999890     
          84  0.50000000000000000        37.244499999999888     
          85  0.50000000000000000        37.211499999999887     
          86  0.50000000000000000        37.178499999999886     
          87  0.50000000000000000        37.145499999999885     
          88  0.50000000000000000        37.112499999999883     
          89  0.50000000000000000        37.079499999999882     
          90  0.50000000000000000        37.046499999999881     
          91  0.50000000000000000        37.013499999999880     
          92  0.50000000000000000        36.980499999999878     
          93  0.50000000000000000        36.947499999999877     
          94  0.50000000000000000        36.914499999999876     
          95  0.50000000000000000        36.881499999999875     
          96  0.50000000000000000        36.848499999999873     
          97  0.50000000000000000        36.815499999999872     
          98  0.50000000000000000        36.782499999999871     
          99  0.50000000000000000        36.749499999999870     
         100  0.50000000000000000        36.716499999999868     
         101  0.50000000000000000        36.683499999999867     
         102  0.50000000000000000        36.650499999999866     
         103  0.50000000000000000        36.617499999999865     
         104  0.50000000000000000        36.584499999999863     
         105  0.50000000000000000        36.551499999999862     
         106  0.50000000000000000        36.518499999999861     
         107  0.50000000000000000        36.485499999999860     
         108  0.50000000000000000        36.452499999999858     
         109  0.50000000000000000        36.419499999999857     
         110  0.50000000000000000        36.386499999999856     
         111  0.50000000000000000        36.353499999999855     
         112  0.50000000000000000        36.320499999999853     
         113  0.50000000000000000        36.287499999999852     
         114  0.50000000000000000        36.254499999999851     
         115  0.50000000000000000        36.221499999999850     
         116  0.50000000000000000        36.188499999999848     
         117  0.50000000000000000        36.155499999999847     
         118  0.50000000000000000        36.122499999999846     
         119  0.50000000000000000        36.089499999999845     
         120  0.50000000000000000        36.056499999999843     
         121  0.50000000000000000        36.023499999999842     
         122  0.50000000000000000        35.990499999999841     
         123  0.50000000000000000        35.957499999999840     
         124  0.50000000000000000        35.924499999999838     
         125  0.50000000000000000        35.891499999999837     
         126  0.50000000000000000        35.858499999999836     
         127  0.50000000000000000        35.825499999999835     
         128  0.50000000000000000        35.792499999999833     
         129  0.50000000000000000        35.759499999999832     
         130  0.50000000000000000        35.726499999999831     
         131  0.50000000000000000        35.693499999999830     
         132  0.50000000000000000        35.660499999999828     
         133  0.50000000000000000        35.627499999999827     
         134  0.50000000000000000        35.594499999999826     
         135  0.50000000000000000        35.561499999999825     
         136  0.50000000000000000        35.528499999999823     
         137  0.50000000000000000        35.495499999999822     
         138  0.50000000000000000        35.462499999999821     
         139  0.50000000000000000        35.429499999999820     
         140  0.50000000000000000        35.396499999999818     
         141  0.50000000000000000        35.363499999999817     
         142  0.50000000000000000        35.330499999999816     
         143  0.50000000000000000        35.297499999999815     
         144  0.50000000000000000        35.264499999999813     
         145  0.50000000000000000        35.231499999999812     
         146  0.50000000000000000        35.198499999999811     
         147  0.50000000000000000        35.165499999999810     
         148  0.50000000000000000        35.132499999999808     
         149  0.50000000000000000        35.099499999999807     
         150  0.50000000000000000        35.066499999999806     
         151  0.50000000000000000        35.033499999999805     
         152  0.50000000000000000        35.000499999999803     
         153  0.50000000000000000        34.967499999999802     
         154  0.50000000000000000        34.934499999999801     
         155  0.50000000000000000        34.901499999999800     
         156  0.50000000000000000        34.868499999999798     
         157  0.50000000000000000        34.835499999999797     
         158  0.50000000000000000        34.802499999999796     
         159  0.50000000000000000        34.769499999999795     
         160  0.50000000000000000        34.736499999999793     
         161  0.50000000000000000        34.703499999999792     
         162  0.50000000000000000        34.670499999999791     
         163  0.50000000000000000        34.637499999999790     
         164  0.50000000000000000        34.604499999999788     
         165  0.50000000000000000        34.571499999999787     
         166  0.50000000000000000        34.538499999999786     
         167  0.50000000000000000        34.505499999999785     
         168  0.50000000000000000        34.472499999999783     
         169  0.50000000000000000        34.439499999999782     
         170  0.50000000000000000        34.406499999999781     
         171  0.50000000000000000        34.373499999999780     
         172  0.50000000000000000        34.340499999999778     
         173  0.50000000000000000        34.307499999999777     
         174  0.50000000000000000        34.274499999999776     
         175  0.50000000000000000        34.241499999999775     
         176  0.50000000000000000        34.208499999999773     
         177  0.50000000000000000        34.175499999999772     
         178  0.50000000000000000        34.142499999999771     
         179  0.50000000000000000        34.109499999999770     
         180  0.50000000000000000        34.076499999999768     
         181  0.50000000000000000        34.043499999999767     
         182  0.50000000000000000        34.010499999999766     
         183  0.50000000000000000        33.977499999999765     
         184  0.50000000000000000        33.944499999999763     
         185  0.50000000000000000        33.911499999999762     
         186  0.50000000000000000        33.878499999999761     
         187  0.50000000000000000        33.845499999999760     
         188  0.50000000000000000        33.812499999999758     
         189  0.50000000000000000        33.779499999999757     
         190  0.50000000000000000        33.746499999999756     
         191  0.50000000000000000        33.713499999999755     
         192  0.50000000000000000        33.680499999999753     
         193  0.50000000000000000        33.647499999999752     
         194  0.50000000000000000        33.614499999999751     
         195  0.50000000000000000        33.581499999999750     
         196  0.50000000000000000        33.548499999999748     
         197  0.50000000000000000        33.515499999999747     
         198  0.50000000000000000        33.482499999999746     
         199  0.50000000000000000        33.449499999999745     
         200  0.50000000000000000        33.416499999999743     
         201  0.50000000000000000        33.383499999999742     
         202  0.50000000000000000        33.350499999999741     
         203  0.50000000000000000        33.317499999999740     
         204  0.50000000000000000        33.284499999999738     
         205  0.50000000000000000        33.251499999999737     
         206  0.50000000000000000        33.218499999999736     
         207  0.50000000000000000        33.185499999999735     
         208  0.50000000000000000        33.152499999999733     
         209  0.50000000000000000        33.119499999999732     
         210  0.50000000000000000        33.086499999999731     
         211  0.50000000000000000        33.053499999999730     
         212  0.50000000000000000        33.020499999999728     
         213  0.50000000000000000        32.987499999999727     
         214  0.50000000000000000        32.954499999999726     
         215  0.50000000000000000        32.921499999999725     
         216  0.50000000000000000        32.888499999999723     
         217  0.50000000000000000        32.855499999999722     
         218  0.50000000000000000        32.822499999999721     
         219  0.50000000000000000        32.789499999999720     
         220  0.50000000000000000        32.756499999999718     
         221  0.50000000000000000        32.723499999999717     
         222  0.50000000000000000        32.690499999999716     
         223  0.50000000000000000        32.657499999999715     
         224  0.50000000000000000        32.624499999999713     
         225  0.50000000000000000        32.591499999999712     
         226  0.50000000000000000        32.558499999999711     
         227  0.50000000000000000        32.525499999999710     
         228  0.50000000000000000        32.492499999999708     
         229  0.50000000000000000        32.459499999999707     
         230  0.50000000000000000        32.426499999999706     
         231  0.50000000000000000        32.393499999999705     
         232  0.50000000000000000        32.360499999999703     
         233  0.50000000000000000        32.327499999999702     
         234  0.50000000000000000        32.294499999999701     
         235  0.50000000000000000        32.261499999999700     
         236  0.50000000000000000        32.228499999999698     
         237  0.50000000000000000        32.195499999999697     
         238  0.50000000000000000        32.162499999999696     
         239  0.50000000000000000        32.129499999999695     
         240  0.50000000000000000        32.096499999999693     
         241  0.50000000000000000        32.063499999999692     
         242  0.50000000000000000        32.030499999999691     
         243  0.50000000000000000        31.997499999999690     
         244  0.50000000000000000        31.964499999999688     
         245  0.50000000000000000        31.931499999999687     
         246  0.50000000000000000        31.898499999999686     
         247  0.50000000000000000        31.865499999999685     
         248  0.50000000000000000        31.832499999999683     
         249  0.50000000000000000        31.799499999999682     
         250  0.50000000000000000        31.766499999999681     
         251  0.50000000000000000        31.733499999999680     
         252  0.50000000000000000        31.700499999999678     
         253  0.50000000000000000        31.667499999999677     
         254  0.50000000000000000        31.634499999999676     
         255  0.50000000000000000        31.601499999999675     
         256  0.50000000000000000        31.568499999999673     
         257  0.50000000000000000        31.535499999999672     
         258  0.50000000000000000        31.502499999999671     
         259  0.50000000000000000        31.469499999999670     
         260  0.50000000000000000        31.436499999999668     
         261  0.50000000000000000        31.403499999999667     
         262  0.50000000000000000        31.370499999999666     
         263  0.50000000000000000        31.337499999999665     
         264  0.50000000000000000        31.304499999999663     
         265  0.50000000000000000        31.271499999999662     
         266  0.50000000000000000        31.238499999999661     
         267  0.50000000000000000        31.205499999999660     
         268  0.50000000000000000        31.172499999999658     
         269  0.50000000000000000        31.139499999999657     
         270  0.50000000000000000        31.106499999999656     
         271  0.50000000000000000        31.073499999999655     
         272  0.50000000000000000        31.040499999999653     
         273  0.50000000000000000        31.007499999999652     
         274  0.50000000000000000        30.974499999999651     
         275  0.50000000000000000        30.941499999999650     
         276  0.50000000000000000        30.908499999999648     
         277  0.50000000000000000        30.875499999999647     
         278  0.50000000000000000        30.842499999999646     
         279  0.50000000000000000        30.809499999999645     
         280  0.50000000000000000        30.776499999999643     
         281  0.50000000000000000        30.743499999999642     
         282  0.50000000000000000        30.710499999999641     
         283  0.50000000000000000        30.677499999999640     
         284  0.50000000000000000        30.644499999999638     
         285  0.50000000000000000        30.611499999999637     
         286  0.50000000000000000        30.578499999999636     
         287  0.50000000000000000        30.545499999999635     
         288  0.50000000000000000        30.512499999999633     
         289  0.50000000000000000        30.479499999999632     
         290  0.50000000000000000        30.446499999999631     
         291  0.50000000000000000        30.413499999999630     
         292  0.50000000000000000        30.380499999999628     
         293  0.50000000000000000        30.347499999999627     
         294  0.50000000000000000        30.314499999999626     
         295  0.50000000000000000        30.281499999999625     
         296  0.50000000000000000        30.248499999999623     
         297  0.50000000000000000        30.215499999999622     
         298  0.50000000000000000        30.182499999999621     
         299  0.50000000000000000        30.149499999999620     
         300  0.50000000000000000        30.116499999999618     
         301  0.50000000000000000        30.083499999999617     
         302  0.50000000000000000        30.050499999999616     
         303  0.50000000000000000        30.017499999999615     
         304  0.50000000000000000        29.984499999999613     
         305  0.50000000000000000        29.951499999999612     
         306  0.50000000000000000        29.918499999999611     
         307  0.50000000000000000        29.885499999999610     
         308  0.50000000000000000        29.852499999999608     
         309  0.50000000000000000        29.819499999999607     
         310  0.50000000000000000        29.786499999999606     
         311  0.50000000000000000        29.753499999999605     
         312  0.50000000000000000        29.720499999999603     
         313  0.50000000000000000        29.687499999999602     
         314  0.50000000000000000        29.654499999999601     
         315  0.50000000000000000        29.621499999999600     
         316  0.50000000000000000        29.588499999999598     
         317  0.50000000000000000        29.555499999999597     
         318  0.50000000000000000        29.522499999999596     
         319  0.50000000000000000        29.489499999999595     
         320  0.50000000000000000        29.456499999999593     
         321  0.50000000000000000        29.423499999999592     
         322  0.50000000000000000        29.390499999999591     
         323  0.50000000000000000        29.357499999999590     
         324  0.50000000000000000        29.324499999999588     
         325  0.50000000000000000        29.291499999999587     
         326  0.50000000000000000        29.258499999999586     
         327  0.50000000000000000        29.225499999999585     
         328  0.50000000000000000        29.192499999999583     
         329  0.50000000000000000        29.159499999999582     
         330  0.50000000000000000        29.126499999999581     
         331  0.50000000000000000        29.093499999999580     
         332  0.50000000000000000        29.060499999999578     
         333  0.50000000000000000        29.027499999999577     
         334  0.50000000000000000        28.994499999999576     
         335  0.50000000000000000        28.961499999999575     
         336  0.50000000000000000        28.928499999999573     
         337  0.50000000000000000        28.895499999999572     
         338  0.50000000000000000        28.862499999999571     
         339  0.50000000000000000        28.829499999999570     
         340  0.50000000000000000        28.796499999999568     
         341  0.50000000000000000        28.763499999999567     
         342  0.50000000000000000        28.730499999999566     
         343  0.50000000000000000        28.697499999999565     
         344  0.50000000000000000        28.664499999999563     
         345  0.50000000000000000        28.631499999999562     
         346  0.50000000000000000        28.598499999999561     
         347  0.50000000000000000        28.565499999999560     
         348  0.50000000000000000        28.532499999999558     
         349  0.50000000000000000        28.499499999999557     
         350  0.50000000000000000        28.466499999999556     
         351  0.50000000000000000        28.433499999999555     
         352  0.50000000000000000        28.400499999999553     
         353  0.50000000000000000        28.367499999999552     
         354  0.50000000000000000        28.334499999999551     
         355  0.50000000000000000        28.301499999999550     
         356  0.50000000000000000        28.268499999999548     
         357  0.50000000000000000        28.235499999999547     
         358  0.50000000000000000        28.202499999999546     
         359  0.50000000000000000        28.169499999999545     
         360  0.50000000000000000        28.136499999999543     
         361  0.50000000000000000        28.103499999999542     
         362  0.50000000000000000        28.070499999999541     
         363  0.50000000000000000        28.037499999999540     
         364  0.50000000000000000        28.004499999999538     
         365  0.50000000000000000        27.971499999999537     
         366  0.50000000000000000        27.938499999999536     
         367  0.50000000000000000        27.905499999999535     
         368  0.50000000000000000        27.872499999999533     
         369  0.50000000000000000        27.839499999999532     
         370  0.50000000000000000        27.806499999999531     
         371  0.50000000000000000        27.773499999999530     
         372  0.50000000000000000        27.740499999999528     
         373  0.50000000000000000        27.707499999999527     
         374  0.50000000000000000        27.674499999999526     
         375  0.50000000000000000        27.641499999999525     
         376  0.50000000000000000        27.608499999999523     
         377  0.50000000000000000        27.575499999999522     
         378  0.50000000000000000        27.542499999999521     
         379  0.50000000000000000        27.509499999999520     
         380  0.50000000000000000        27.476499999999518     
         381  0.50000000000000000        27.443499999999517     
         382  0.50000000000000000        27.410499999999516     
         383  0.50000000000000000        27.377499999999515     
         384  0.50000000000000000        27.344499999999513     
         385  0.50000000000000000        27.311499999999512     
         386  0.50000000000000000        27.278499999999511     
         387  0.50000000000000000        27.245499999999510     
         388  0.50000000000000000        27.212499999999508     
         389  0.50000000000000000        27.179499999999507     
         390  0.50000000000000000        27.146499999999506     
         391  0.50000000000000000        27.113499999999505     
         392  0.50000000000000000        27.080499999999503     
         393  0.50000000000000000        27.047499999999502     
         394  0.50000000000000000        27.014499999999501     
         395  0.50000000000000000        26.981499999999500     
         396  0.50000000000000000        26.948499999999498     
         397  0.50000000000000000        26.915499999999497     
         398  0.50000000000000000        26.882499999999496     
         399  0.50000000000000000        26.849499999999495     
         400  0.50000000000000000        26.816499999999493     
         401  0.50000000000000000        26.783499999999492     
         402  0.50000000000000000        26.750499999999491     
         403  0.50000000000000000        26.717499999999490     
         404  0.50000000000000000        26.684499999999488     
         405  0.50000000000000000        26.651499999999487     
         406  0.50000000000000000        26.618499999999486     
         407  0.50000000000000000        26.585499999999485     
         408  0.50000000000000000        26.552499999999483     
         409  0.50000000000000000        26.519499999999482     
         410  0.50000000000000000        26.486499999999481     
         411  0.50000000000000000        26.453499999999480     
         412  0.50000000000000000        26.420499999999478     
         413  0.50000000000000000        26.387499999999477     
         414  0.50000000000000000        26.354499999999476     
         415  0.50000000000000000        26.321499999999475     
         416  0.50000000000000000        26.288499999999473     
         417  0.50000000000000000        26.255499999999472     
         418  0.50000000000000000        26.222499999999471     
         419  0.50000000000000000        26.189499999999470     
         420  0.50000000000000000        26.156499999999468     
         421  0.50000000000000000        26.123499999999467     
         422  0.50000000000000000        26.090499999999466     
         423  0.50000000000000000        26.057499999999465     
         424  0.50000000000000000        26.024499999999463     
         425  0.50000000000000000        25.991499999999462     
         426  0.50000000000000000        25.958499999999461     
         427  0.50000000000000000        25.925499999999460     
         428  0.50000000000000000        25.892499999999458     
         429  0.50000000000000000        25.859499999999457     
         430  0.50000000000000000        25.826499999999456     
         431  0.50000000000000000        25.793499999999455     
         432  0.50000000000000000        25.760499999999453     
         433  0.50000000000000000        25.727499999999452     
         434  0.50000000000000000        25.694499999999451     
         435  0.50000000000000000        25.661499999999450     
         436  0.50000000000000000        25.628499999999448     
         437  0.50000000000000000        25.595499999999447     
         438  0.50000000000000000        25.562499999999446     
         439  0.50000000000000000        25.529499999999445     
         440  0.50000000000000000        25.496499999999443     
         441  0.50000000000000000        25.463499999999442     
         442  0.50000000000000000        25.430499999999441     
         443  0.50000000000000000        25.397499999999440     
         444  0.50000000000000000        25.364499999999438     
         445  0.50000000000000000        25.331499999999437     
         446  0.50000000000000000        25.298499999999436     
         447  0.50000000000000000        25.265499999999435     
         448  0.50000000000000000        25.232499999999433     
         449  0.50000000000000000        25.199499999999432     
         450  0.50000000000000000        25.166499999999431     
         451  0.50000000000000000        25.133499999999430     
         452  0.50000000000000000        25.100499999999428     
         453  0.50000000000000000        25.067499999999427     
         454  0.50000000000000000        25.034499999999426     
         455  0.50000000000000000        25.001499999999425     
         456  0.50000000000000000        24.968499999999423     
         457  0.50000000000000000        24.935499999999422     
         458  0.50000000000000000        24.902499999999421     
         459  0.50000000000000000        24.869499999999420     
         460  0.50000000000000000        24.836499999999418     
         461  0.50000000000000000        24.803499999999417     
         462  0.50000000000000000        24.770499999999416     
         463  0.50000000000000000        24.737499999999415     
         464  0.50000000000000000        24.704499999999413     
         465  0.50000000000000000        24.671499999999412     
         466  0.50000000000000000        24.638499999999411     
         467  0.50000000000000000        24.605499999999410     
         468  0.50000000000000000        24.572499999999408     
         469  0.50000000000000000        24.539499999999407     
         470  0.50000000000000000        24.506499999999406     
         471  0.50000000000000000        24.473499999999405     
         472  0.50000000000000000        24.440499999999403     
         473  0.50000000000000000        24.407499999999402     
         474  0.50000000000000000        24.374499999999401     
         475  0.50000000000000000        24.341499999999400     
         476  0.50000000000000000        24.308499999999398     
         477  0.50000000000000000        24.275499999999397     
         478  0.50000000000000000        24.242499999999396     
         479  0.50000000000000000        24.209499999999395     
         480  0.50000000000000000        24.176499999999393     
         481  0.50000000000000000        24.143499999999392     
         482  0.50000000000000000        24.110499999999391     
         483  0.50000000000000000        24.077499999999390     
         484  0.50000000000000000        24.044499999999388     
         485  0.50000000000000000        24.011499999999387     
         486  0.50000000000000000        23.978499999999386     
         487  0.50000000000000000        23.945499999999384     
         488  0.50000000000000000        23.912499999999383     
         489  0.50000000000000000        23.879499999999382     
         490  0.50000000000000000        23.846499999999381     
         491  0.50000000000000000        23.813499999999379     
         492  0.50000000000000000        23.780499999999378     
         493  0.50000000000000000        23.747499999999377     
         494  0.50000000000000000        23.714499999999376     
         495  0.50000000000000000        23.681499999999374     
         496  0.50000000000000000        23.648499999999373     
         497  0.50000000000000000        23.615499999999372     
         498  0.50000000000000000        23.582499999999371     
         499  0.50000000000000000        23.549499999999369     
         500  0.50000000000000000        23.516499999999368     
         501  0.50000000000000000        23.483499999999367     
         502  0.50000000000000000        23.450499999999366     
         503  0.50000000000000000        23.417499999999364     
         504  0.50000000000000000        23.384499999999363     
         505  0.50000000000000000        23.351499999999362     
         506  0.50000000000000000        23.318499999999361     
         507  0.50000000000000000        23.285499999999359     
         508  0.50000000000000000        23.252499999999358     
         509  0.50000000000000000        23.219499999999357     
         510  0.50000000000000000        23.186499999999356     
         511  0.50000000000000000        23.153499999999354     
         512  0.50000000000000000        23.120499999999353     
         513  0.50000000000000000        23.087499999999352     
         514  0.50000000000000000        23.054499999999351     
         515  0.50000000000000000        23.021499999999349     
         516  0.50000000000000000        22.988499999999348     
         517  0.50000000000000000        22.955499999999347     
         518  0.50000000000000000        22.922499999999346     
         519  0.50000000000000000        22.889499999999344     
         520  0.50000000000000000        22.856499999999343     
         521  0.50000000000000000        22.823499999999342     
         522  0.50000000000000000        22.790499999999341     
         523  0.50000000000000000        22.757499999999339     
         524  0.50000000000000000        22.724499999999338     
         525  0.50000000000000000        22.691499999999337     
         526  0.50000000000000000        22.658499999999336     
         527  0.50000000000000000        22.625499999999334     
         528  0.50000000000000000        22.592499999999333     
         529  0.50000000000000000        22.559499999999332     
         530  0.50000000000000000        22.526499999999331     
         531  0.50000000000000000        22.493499999999329     
         532  0.50000000000000000        22.460499999999328     
         533  0.50000000000000000        22.427499999999327     
         534  0.50000000000000000        22.394499999999326     
         535  0.50000000000000000        22.361499999999324     
         536  0.50000000000000000        22.328499999999323     
         537  0.50000000000000000        22.295499999999322     
         538  0.50000000000000000        22.262499999999321     
         539  0.50000000000000000        22.229499999999319     
         540  0.50000000000000000        22.196499999999318     
         541  0.50000000000000000        22.163499999999317     
         542  0.50000000000000000        22.130499999999316     
         543  0.50000000000000000        22.097499999999314     
         544  0.50000000000000000        22.064499999999313     
         545  0.50000000000000000        22.031499999999312     
         546  0.50000000000000000        21.998499999999311     
         547  0.50000000000000000        21.965499999999309     
         548  0.50000000000000000        21.932499999999308     
         549  0.50000000000000000        21.899499999999307     
         550  0.50000000000000000        21.866499999999306     
         551  0.50000000000000000        21.833499999999304     
         552  0.50000000000000000        21.800499999999303     
         553  0.50000000000000000        21.767499999999302     
         554  0.50000000000000000        21.734499999999301     
         555  0.50000000000000000        21.701499999999299     
         556  0.50000000000000000        21.668499999999298     
         557  0.50000000000000000        21.635499999999297     
         558  0.50000000000000000        21.602499999999296     
         559  0.50000000000000000        21.569499999999294     
         560  0.50000000000000000        21.536499999999293     
         561  0.50000000000000000        21.503499999999292     
         562  0.50000000000000000        21.470499999999291     
         563  0.50000000000000000        21.437499999999289     
         564  0.50000000000000000        21.404499999999288     
         565  0.50000000000000000        21.371499999999287     
         566  0.50000000000000000        21.338499999999286     
         567  0.50000000000000000        21.305499999999284     
         568  0.50000000000000000        21.272499999999283     
         569  0.50000000000000000        21.239499999999282     
         570  0.50000000000000000        21.206499999999281     
         571  0.50000000000000000        21.173499999999279     
         572  0.50000000000000000        21.140499999999278     
         573  0.50000000000000000        21.107499999999277     
         574  0.50000000000000000        21.074499999999276     
         575  0.50000000000000000        21.041499999999274     
         576  0.50000000000000000        21.008499999999273     
         577  0.50000000000000000        20.975499999999272     
         578  0.50000000000000000        20.942499999999271     
         579  0.50000000000000000        20.909499999999269     
         580  0.50000000000000000        20.876499999999268     
         581  0.50000000000000000        20.843499999999267     
         582  0.50000000000000000        20.810499999999266     
         583  0.50000000000000000        20.777499999999264     
         584  0.50000000000000000        20.744499999999263     
         585  0.50000000000000000        20.711499999999262     
         586  0.50000000000000000        20.678499999999261     
         587  0.50000000000000000        20.645499999999259     
         588  0.50000000000000000        20.612499999999258     
         589  0.50000000000000000        20.579499999999257     
         590  0.50000000000000000        20.546499999999256     
         591  0.50000000000000000        20.513499999999254     
         592  0.50000000000000000        20.480499999999253     
         593  0.50000000000000000        20.447499999999252     
         594  0.50000000000000000        20.414499999999251     
         595  0.50000000000000000        20.381499999999249     
         596  0.50000000000000000        20.348499999999248     
         597  0.50000000000000000        20.315499999999247     
         598  0.50000000000000000        20.282499999999246     
         599  0.50000000000000000        20.249499999999244     
         600  0.50000000000000000        20.216499999999243     
         601  0.50000000000000000        20.183499999999242     
         602  0.50000000000000000        20.150499999999241     
         603  0.50000000000000000        20.117499999999239     
         604  0.50000000000000000        20.084499999999238     
         605  0.50000000000000000        20.051499999999237     
         606  0.50000000000000000        20.018499999999236     
         607  0.50000000000000000        19.985499999999234     
         608  0.50000000000000000        19.952499999999233     
         609  0.50000000000000000        19.919499999999232     
         610  0.50000000000000000        19.886499999999231     
         611  0.50000000000000000        19.853499999999229     
         612  0.50000000000000000        19.820499999999228     
         613  0.50000000000000000        19.787499999999227     
         614  0.50000000000000000        19.754499999999226     
         615  0.50000000000000000        19.721499999999224     
         616  0.50000000000000000        19.688499999999223     
         617  0.50000000000000000        19.655499999999222     
         618  0.50000000000000000        19.622499999999221     
         619  0.50000000000000000        19.589499999999219     
         620  0.50000000000000000        19.556499999999218     
         621  0.50000000000000000        19.523499999999217     
         622  0.50000000000000000        19.490499999999216     
         623  0.50000000000000000        19.457499999999214     
         624  0.50000000000000000        19.424499999999213     
         625  0.50000000000000000        19.391499999999212     
         626  0.50000000000000000        19.358499999999211     
         627  0.50000000000000000        19.325499999999209     
         628  0.50000000000000000        19.292499999999208     
         629  0.50000000000000000        19.259499999999207     
         630  0.50000000000000000        19.226499999999206     
         631  0.50000000000000000        19.193499999999204     
         632  0.50000000000000000        19.160499999999203     
         633  0.50000000000000000        19.127499999999202     
         634  0.50000000000000000        19.094499999999201     
         635  0.50000000000000000        19.061499999999199     
         636  0.50000000000000000        19.028499999999198     
         637  0.50000000000000000        18.995499999999197     
         638  0.50000000000000000        18.962499999999196     
         639  0.50000000000000000        18.929499999999194     
         640  0.50000000000000000        18.896499999999193     
         641  0.50000000000000000        18.863499999999192     
         642  0.50000000000000000        18.830499999999191     
         643  0.50000000000000000        18.797499999999189     
         644  0.50000000000000000        18.764499999999188     
         645  0.50000000000000000        18.731499999999187     
         646  0.50000000000000000        18.698499999999186     
         647  0.50000000000000000        18.665499999999184     
         648  0.50000000000000000        18.632499999999183     
         649  0.50000000000000000        18.599499999999182     
         650  0.50000000000000000        18.566499999999181     
         651  0.50000000000000000        18.533499999999179     
         652  0.50000000000000000        18.500499999999178     
         653  0.50000000000000000        18.467499999999177     
         654  0.50000000000000000        18.434499999999176     
         655  0.50000000000000000        18.401499999999174     
         656  0.50000000000000000        18.368499999999173     
         657  0.50000000000000000        18.335499999999172     
         658  0.50000000000000000        18.302499999999171     
         659  0.50000000000000000        18.269499999999169     
         660  0.50000000000000000        18.236499999999168     
         661  0.50000000000000000        18.203499999999167     
         662  0.50000000000000000        18.170499999999166     
         663  0.50000000000000000        18.137499999999164     
         664  0.50000000000000000        18.104499999999163     
         665  0.50000000000000000        18.071499999999162     
         666  0.50000000000000000        18.038499999999161     
         667  0.50000000000000000        18.005499999999159     
         668  0.50000000000000000        17.972499999999158     
         669  0.50000000000000000        17.939499999999157     
         670  0.50000000000000000        17.906499999999156     
         671  0.50000000000000000        17.873499999999154     
         672  0.50000000000000000        17.840499999999153     
         673  0.50000000000000000        17.807499999999152     
         674  0.50000000000000000        17.774499999999151     
         675  0.50000000000000000        17.741499999999149     
         676  0.50000000000000000        17.708499999999148     
         677  0.50000000000000000        17.675499999999147     
         678  0.50000000000000000        17.642499999999146     
         679  0.50000000000000000        17.609499999999144     
         680  0.50000000000000000        17.576499999999143     
         681  0.50000000000000000        17.543499999999142     
         682  0.50000000000000000        17.510499999999141     
         683  0.50000000000000000        17.477499999999139     
         684  0.50000000000000000        17.444499999999138     
         685  0.50000000000000000        17.411499999999137     
         686  0.50000000000000000        17.378499999999136     
         687  0.50000000000000000        17.345499999999134     
         688  0.50000000000000000        17.312499999999133     
         689  0.50000000000000000        17.279499999999132     
         690  0.50000000000000000        17.246499999999131     
         691  0.50000000000000000        17.213499999999129     
         692  0.50000000000000000        17.180499999999128     
         693  0.50000000000000000        17.147499999999127     
         694  0.50000000000000000        17.114499999999126     
         695  0.50000000000000000        17.081499999999124     
         696  0.50000000000000000        17.048499999999123     
         697  0.50000000000000000        17.015499999999122     
         698  0.50000000000000000        16.982499999999121     
         699  0.50000000000000000        16.949499999999119     
         700  0.50000000000000000        16.916499999999118     
         701  0.50000000000000000        16.883499999999117     
         702  0.50000000000000000        16.850499999999116     
         703  0.50000000000000000        16.817499999999114     
         704  0.50000000000000000        16.784499999999113     
         705  0.50000000000000000        16.751499999999112     
         706  0.50000000000000000        16.718499999999111     
         707  0.50000000000000000        16.685499999999109     
         708  0.50000000000000000        16.652499999999108     
         709  0.50000000000000000        16.619499999999107     
         710  0.50000000000000000        16.586499999999106     
         711  0.50000000000000000        16.553499999999104     
         712  0.50000000000000000        16.520499999999103     
         713  0.50000000000000000        16.487499999999102     
         714  0.50000000000000000        16.454499999999101     
         715  0.50000000000000000        16.421499999999099     
         716  0.50000000000000000        16.388499999999098     
         717  0.50000000000000000        16.355499999999097     
         718  0.50000000000000000        16.322499999999096     
         719  0.50000000000000000        16.289499999999094     
         720  0.50000000000000000        16.256499999999093     
         721  0.50000000000000000        16.223499999999092     
         722  0.50000000000000000        16.190499999999091     
         723  0.50000000000000000        16.157499999999089     
         724  0.50000000000000000        16.124499999999088     
         725  0.50000000000000000        16.091499999999087     
         726  0.50000000000000000        16.058499999999086     
         727  0.50000000000000000        16.025499999999084     
         728  0.50000000000000000        15.992499999999085     
         729  0.50000000000000000        15.959499999999085     
         730  0.50000000000000000        15.926499999999086     
         731  0.50000000000000000        15.893499999999086     
         732  0.50000000000000000        15.860499999999087     
         733  0.50000000000000000        15.827499999999088     
         734  0.50000000000000000        15.794499999999088     
         735  0.50000000000000000        15.761499999999089     
         736  0.50000000000000000        15.728499999999089     
         737  0.50000000000000000        15.695499999999090     
         738  0.50000000000000000        15.662499999999090     
         739  0.50000000000000000        15.629499999999091     
         740  0.50000000000000000        15.596499999999091     
         741  0.50000000000000000        15.563499999999092     
         742  0.50000000000000000        15.530499999999092     
         743  0.50000000000000000        15.497499999999093     
         744  0.50000000000000000        15.464499999999093     
         745  0.50000000000000000        15.431499999999094     
         746  0.50000000000000000        15.398499999999094     
         747  0.50000000000000000        15.365499999999095     
         748  0.50000000000000000        15.332499999999095     
         749  0.50000000000000000        15.299499999999096     
         750  0.50000000000000000        15.266499999999096     
         751  0.50000000000000000        15.233499999999097     
         752  0.50000000000000000        15.200499999999098     
         753  0.50000000000000000        15.167499999999098     
         754  0.50000000000000000        15.134499999999099     
         755  0.50000000000000000        15.101499999999099     
         756  0.50000000000000000        15.068499999999100     
         757  0.50000000000000000        15.035499999999100     
         758  0.50000000000000000        15.002499999999101     
         759  0.50000000000000000        14.969499999999101     
         760  0.50000000000000000        14.936499999999102     
         761  0.50000000000000000        14.903499999999102     
         762  0.50000000000000000        14.870499999999103     
         763  0.50000000000000000        14.837499999999103     
         764  0.50000000000000000        14.804499999999104     
         765  0.50000000000000000        14.771499999999104     
         766  0.50000000000000000        14.738499999999105     
         767  0.50000000000000000        14.705499999999105     
         768  0.50000000000000000        14.672499999999106     
         769  0.50000000000000000        14.639499999999106     
         770  0.50000000000000000        14.606499999999107     
         771  0.50000000000000000        14.573499999999108     
         772  0.50000000000000000        14.540499999999108     
         773  0.50000000000000000        14.507499999999109     
         774  0.50000000000000000        14.474499999999109     
         775  0.50000000000000000        14.441499999999110     
         776  0.50000000000000000        14.408499999999110     
         777  0.50000000000000000        14.375499999999111     
         778  0.50000000000000000        14.342499999999111     
         779  0.50000000000000000        14.309499999999112     
         780  0.50000000000000000        14.276499999999112     
         781  0.50000000000000000        14.243499999999113     
         782  0.50000000000000000        14.210499999999113     
         783  0.50000000000000000        14.177499999999114     
         784  0.50000000000000000        14.144499999999114     
         785  0.50000000000000000        14.111499999999115     
         786  0.50000000000000000        14.078499999999115     
         787  0.50000000000000000        14.045499999999116     
         788  0.50000000000000000        14.012499999999116     
         789  0.50000000000000000        13.979499999999117     
         790  0.50000000000000000        13.946499999999117     
         791  0.50000000000000000        13.913499999999118     
         792  0.50000000000000000        13.880499999999119     
         793  0.50000000000000000        13.847499999999119     
         794  0.50000000000000000        13.814499999999120     
         795  0.50000000000000000        13.781499999999120     
         796  0.50000000000000000        13.748499999999121     
         797  0.50000000000000000        13.715499999999121     
         798  0.50000000000000000        13.682499999999122     
         799  0.50000000000000000        13.649499999999122     
         800  0.50000000000000000        13.616499999999123     
         801  0.50000000000000000        13.583499999999123     
         802  0.50000000000000000        13.550499999999124     
         803  0.50000000000000000        13.517499999999124     
         804  0.50000000000000000        13.484499999999125     
         805  0.50000000000000000        13.451499999999125     
         806  0.50000000000000000        13.418499999999126     
         807  0.50000000000000000        13.385499999999126     
         808  0.50000000000000000        13.352499999999127     
         809  0.50000000000000000        13.319499999999127     
         810  0.50000000000000000        13.286499999999128     
         811  0.50000000000000000        13.253499999999129     
         812  0.50000000000000000        13.220499999999129     
         813  0.50000000000000000        13.187499999999130     
         814  0.50000000000000000        13.154499999999130     
         815  0.50000000000000000        13.121499999999131     
         816  0.50000000000000000        13.088499999999131     
         817  0.50000000000000000        13.055499999999132     
         818  0.50000000000000000        13.022499999999132     
         819  0.50000000000000000        12.989499999999133     
         820  0.50000000000000000        12.956499999999133     
         821  0.50000000000000000        12.923499999999134     
         822  0.50000000000000000        12.890499999999134     
         823  0.50000000000000000        12.857499999999135     
         824  0.50000000000000000        12.824499999999135     
         825  0.50000000000000000        12.791499999999136     
         826  0.50000000000000000        12.758499999999136     
         827  0.50000000000000000        12.725499999999137     
         828  0.50000000000000000        12.692499999999137     
         829  0.50000000000000000        12.659499999999138     
         830  0.50000000000000000        12.626499999999139     
         831  0.50000000000000000        12.593499999999139     
         832  0.50000000000000000        12.560499999999140     
         833  0.50000000000000000        12.527499999999140     
         834  0.50000000000000000        12.494499999999141     
         835  0.50000000000000000        12.461499999999141     
         836  0.50000000000000000        12.428499999999142     
         837  0.50000000000000000        12.395499999999142     
         838  0.50000000000000000        12.362499999999143     
         839  0.50000000000000000        12.329499999999143     
         840  0.50000000000000000        12.296499999999144     
         841  0.50000000000000000        12.263499999999144     
         842  0.50000000000000000        12.230499999999145     
         843  0.50000000000000000        12.197499999999145     
         844  0.50000000000000000        12.164499999999146     
         845  0.50000000000000000        12.131499999999146     
         846  0.50000000000000000        12.098499999999147     
         847  0.50000000000000000        12.065499999999147     
         848  0.50000000000000000        12.032499999999148     
         849  0.50000000000000000        11.999499999999149     
         850  0.50000000000000000        11.966499999999149     
         851  0.50000000000000000        11.933499999999150     
         852  0.50000000000000000        11.900499999999150     
         853  0.50000000000000000        11.867499999999151     
         854  0.50000000000000000        11.834499999999151     
         855  0.50000000000000000        11.801499999999152     
         856  0.50000000000000000        11.768499999999152     
         857  0.50000000000000000        11.735499999999153     
         858  0.50000000000000000        11.702499999999153     
         859  0.50000000000000000        11.669499999999154     
         860  0.50000000000000000        11.636499999999154     
         861  0.50000000000000000        11.603499999999155     
         862  0.50000000000000000        11.570499999999155     
         863  0.50000000000000000        11.537499999999156     
         864  0.50000000000000000        11.504499999999156     
         865  0.50000000000000000        11.471499999999157     
         866  0.50000000000000000        11.438499999999157     
         867  0.50000000000000000        11.405499999999158     
         868  0.50000000000000000        11.372499999999159     
         869  0.50000000000000000        11.339499999999159     
         870  0.50000000000000000        11.306499999999160     
         871  0.50000000000000000        11.273499999999160     
         872  0.50000000000000000        11.240499999999161     
         873  0.50000000000000000        11.207499999999161     
         874  0.50000000000000000        11.174499999999162     
         875  0.50000000000000000        11.141499999999162     
         876  0.50000000000000000        11.108499999999163     
         877  0.50000000000000000        11.075499999999163     
         878  0.50000000000000000        11.042499999999164     
         879  0.50000000000000000        11.009499999999164     
         880  0.50000000000000000        10.976499999999165     
         881  0.50000000000000000        10.943499999999165     
         882  0.50000000000000000        10.910499999999166     
         883  0.50000000000000000        10.877499999999166     
         884  0.50000000000000000        10.844499999999167     
         885  0.50000000000000000        10.811499999999167     
         886  0.50000000000000000        10.778499999999168     
         887  0.50000000000000000        10.745499999999168     
         888  0.50000000000000000        10.712499999999169     
         889  0.50000000000000000        10.679499999999170     
         890  0.50000000000000000        10.646499999999170     
         891  0.50000000000000000        10.613499999999171     
         892  0.50000000000000000        10.580499999999171     
         893  0.50000000000000000        10.547499999999172     
         894  0.50000000000000000        10.514499999999172     
         895  0.50000000000000000        10.481499999999173     
         896  0.50000000000000000        10.448499999999173     
         897  0.50000000000000000        10.415499999999174     
         898  0.50000000000000000        10.382499999999174     
         899  0.50000000000000000        10.349499999999175     
         900  0.50000000000000000        10.316499999999175     
         901  0.50000000000000000        10.283499999999176     
         902  0.50000000000000000        10.250499999999176     
         903  0.50000000000000000        10.217499999999177     
         904  0.50000000000000000        10.184499999999177     
         905  0.50000000000000000        10.151499999999178     
         906  0.50000000000000000        10.118499999999178     
         907  0.50000000000000000        10.085499999999179     
         908  0.50000000000000000        10.052499999999180     
         909  0.50000000000000000        10.019499999999180     
         910  0.50000000000000000        9.9864999999991806     
         911  0.50000000000000000        9.9534999999991811     
         912  0.50000000000000000        9.9204999999991816     
         913  0.50000000000000000        9.8874999999991822     
         914  0.50000000000000000        9.8544999999991827     
         915  0.50000000000000000        9.8214999999991832     
         916  0.50000000000000000        9.7884999999991837     
         917  0.50000000000000000        9.7554999999991843     
         918  0.50000000000000000        9.7224999999991848     
         919  0.50000000000000000        9.6894999999991853     
         920  0.50000000000000000        9.6564999999991858     
         921  0.50000000000000000        9.6234999999991864     
         922  0.50000000000000000        9.5904999999991869     
         923  0.50000000000000000        9.5574999999991874     
         924  0.50000000000000000        9.5244999999991879     
         925  0.50000000000000000        9.4914999999991885     
         926  0.50000000000000000        9.4584999999991890     
         927  0.50000000000000000        9.4254999999991895     
         928  0.50000000000000000        9.3924999999991901     
         929  0.50000000000000000        9.3594999999991906     
         930  0.50000000000000000        9.3264999999991911     
         931  0.50000000000000000        9.2934999999991916     
         932  0.50000000000000000        9.2604999999991922     
         933  0.50000000000000000        9.2274999999991927     
         934  0.50000000000000000        9.1944999999991932     
         935  0.50000000000000000        9.1614999999991937     
         936  0.50000000000000000        9.1284999999991943     
         937  0.50000000000000000        9.0954999999991948     
         938  0.50000000000000000        9.0624999999991953     
         939  0.50000000000000000        9.0294999999991958     
         940  0.50000000000000000        8.9964999999991964     
         941  0.50000000000000000        8.9634999999991969     
         942  0.50000000000000000        8.9304999999991974     
         943  0.50000000000000000        8.8974999999991979     
         944  0.50000000000000000        8.8644999999991985     
         945  0.50000000000000000        8.8314999999991990     
         946  0.50000000000000000        8.7984999999991995     
         947  0.50000000000000000        8.7654999999992000     
         948  0.50000000000000000        8.7324999999992006     
         949  0.50000000000000000        8.6994999999992011     
         950  0.50000000000000000        8.6664999999992016     
         951  0.50000000000000000        8.6334999999992021     
         952  0.50000000000000000        8.6004999999992027     
         953  0.50000000000000000        8.5674999999992032     
         954  0.50000000000000000        8.5344999999992037     
         955  0.50000000000000000        8.5014999999992042     
         956  0.50000000000000000        8.4684999999992048     
         957  0.50000000000000000        8.4354999999992053     
         958  0.50000000000000000        8.4024999999992058     
         959  0.50000000000000000        8.3694999999992064     
         960  0.50000000000000000        8.3364999999992069     
         961  0.50000000000000000        8.3034999999992074     
         962  0.50000000000000000        8.2704999999992079     
         963  0.50000000000000000        8.2374999999992085     
         964  0.50000000000000000        8.2044999999992090     
         965  0.50000000000000000        8.1714999999992095     
         966  0.50000000000000000        8.1384999999992100     
         967  0.50000000000000000        8.1054999999992106     
         968  0.50000000000000000        8.0724999999992111     
         969  0.50000000000000000        8.0394999999992116     
         970  0.50000000000000000        8.0064999999992121     
         971  0.50000000000000000        7.9734999999992118     
         972  0.50000000000000000        7.9404999999992114     
         973  0.50000000000000000        7.9074999999992110     
         974  0.50000000000000000        7.8744999999992107     
         975  0.50000000000000000        7.8414999999992103     
         976  0.50000000000000000        7.8084999999992100     
         977  0.50000000000000000        7.7754999999992096     
         978  0.50000000000000000        7.7424999999992092     
         979  0.50000000000000000        7.7094999999992089     
         980  0.50000000000000000        7.6764999999992085     
         981  0.50000000000000000        7.6434999999992081     
         982  0.50000000000000000        7.6104999999992078     
         983  0.50000000000000000        7.5774999999992074     
         984  0.50000000000000000        7.5444999999992071     
         985  0.50000000000000000        7.5114999999992067     
         986  0.50000000000000000        7.4784999999992063     
         987  0.50000000000000000        7.4454999999992060     
         988  0.50000000000000000        7.4124999999992056     
         989  0.50000000000000000        7.3794999999992053     
         990  0.50000000000000000        7.3464999999992049     
         991  0.50000000000000000        7.3134999999992045     
         992  0.50000000000000000        7.2804999999992042     
         993  0.50000000000000000        7.2474999999992038     
         994  0.50000000000000000        7.2144999999992034     
         995  0.50000000000000000        7.1814999999992031     
         996  0.50000000000000000        7.1484999999992027     
         997  0.50000000000000000        7.1154999999992024     
         998  0.50000000000000000        7.0824999999992020     
         999  0.50000000000000000        7.0494999999992016     
        1000  0.50000000000000000        7.0164999999992013     
        1001  0.50000000000000000        6.9834999999992009     
        1002  0.50000000000000000        6.9504999999992005     
        1003  0.50000000000000000        6.9174999999992002     
        1004  0.50000000000000000        6.8844999999991998     
        1005  0.50000000000000000        6.8514999999991995     
        1006  0.50000000000000000        6.8184999999991991     
        1007  0.50000000000000000        6.7854999999991987     
        1008  0.50000000000000000        6.7524999999991984     
        1009  0.50000000000000000        6.7194999999991980     
        1010  0.50000000000000000        6.6864999999991976     
        1011  0.50000000000000000        6.6534999999991973     
        1012  0.50000000000000000        6.6204999999991969     
        1013  0.50000000000000000        6.5874999999991966     
        1014  0.50000000000000000        6.5544999999991962     
        1015  0.50000000000000000        6.5214999999991958     
        1016  0.50000000000000000        6.4884999999991955     
        1017  0.50000000000000000        6.4554999999991951     
        1018  0.50000000000000000        6.4224999999991947     
        1019  0.50000000000000000        6.3894999999991944     
        1020  0.50000000000000000        6.3564999999991940     
        1021  0.50000000000000000        6.3234999999991937     
        1022  0.50000000000000000        6.2904999999991933     
        1023  0.50000000000000000        6.2574999999991929     
        1024  0.50000000000000000        6.2244999999991926     
        1025  0.50000000000000000        6.1914999999991922     
        1026  0.50000000000000000        6.1584999999991918     
        1027  0.50000000000000000        6.1254999999991915     
        1028  0.50000000000000000        6.0924999999991911     
        1029  0.50000000000000000        6.0594999999991908     
        1030  0.50000000000000000        6.0264999999991904     
        1031  0.50000000000000000        5.9934999999991900     
        1032  0.50000000000000000        5.9604999999991897     
        1033  0.50000000000000000        5.9274999999991893     
        1034  0.50000000000000000        5.8944999999991889     
        1035  0.50000000000000000        5.8614999999991886     
        1036  0.50000000000000000        5.8284999999991882     
        1037  0.50000000000000000        5.7954999999991879     
        1038  0.50000000000000000        5.7624999999991875     
        1039  0.50000000000000000        5.7294999999991871     
        1040  0.50000000000000000        5.6964999999991868     
        1041  0.50000000000000000        5.6634999999991864     
        1042  0.50000000000000000        5.6304999999991860     
        1043  0.50000000000000000        5.5974999999991857     
        1044  0.50000000000000000        5.5644999999991853     
        1045  0.50000000000000000        5.5314999999991850     
        1046  0.50000000000000000        5.4984999999991846     
        1047  0.50000000000000000        5.4654999999991842     
        1048  0.50000000000000000        5.4324999999991839     
        1049  0.50000000000000000        5.3994999999991835     
        1050  0.50000000000000000        5.3664999999991831     
        1051  0.50000000000000000        5.3334999999991828     
        1052  0.50000000000000000        5.3004999999991824     
        1053  0.50000000000000000        5.2674999999991821     
        1054  0.50000000000000000        5.2344999999991817     
        1055  0.50000000000000000        5.2014999999991813     
        1056  0.50000000000000000        5.1684999999991810     
        1057  0.50000000000000000        5.1354999999991806     
        1058  0.50000000000000000        5.1024999999991802     
        1059  0.50000000000000000        5.0694999999991799     
        1060  0.50000000000000000        5.0364999999991795     
        1061  0.50000000000000000        5.0034999999991792     
        1062  0.50000000000000000        4.9704999999991788     
        1063  0.50000000000000000        4.9374999999991784     
        1064  0.50000000000000000        4.9044999999991781     
        1065  0.50000000000000000        4.8714999999991777     
        1066  0.50000000000000000        4.8384999999991773     
        1067  0.50000000000000000        4.8054999999991770     
        1068  0.50000000000000000        4.7724999999991766     
        1069  0.50000000000000000        4.7394999999991763     
        1070  0.50000000000000000        4.7064999999991759     
        1071  0.50000000000000000        4.6734999999991755     
        1072  0.50000000000000000        4.6404999999991752     
        1073  0.50000000000000000        4.6074999999991748     
        1074  0.50000000000000000        4.5744999999991744     
        1075  0.50000000000000000        4.5414999999991741     
        1076  0.50000000000000000        4.5084999999991737     
        1077  0.50000000000000000        4.4754999999991734     
        1078  0.50000000000000000        4.4424999999991730     
        1079  0.50000000000000000        4.4094999999991726     
        1080  0.50000000000000000        4.3764999999991723     
        1081  0.50000000000000000        4.3434999999991719     
        1082  0.50000000000000000        4.3104999999991715     
        1083  0.50000000000000000        4.2774999999991712     
        1084  0.50000000000000000        4.2444999999991708     
        1085  0.50000000000000000        4.2114999999991705     
        1086  0.50000000000000000        4.1784999999991701     
        1087  0.50000000000000000        4.1454999999991697     
        1088  0.50000000000000000        4.1124999999991694     
        1089  0.50000000000000000        4.0794999999991690     
        1090  0.50000000000000000        4.0464999999991687     
        1091  0.50000000000000000        4.0134999999991683     
        1092  0.50000000000000000        3.9804999999991684     
        1093  0.50000000000000000        3.9474999999991685     
        1094  0.50000000000000000        3.9144999999991685     
        1095  0.50000000000000000        3.8814999999991686     
        1096  0.50000000000000000        3.8484999999991687     
        1097  0.50000000000000000        3.8154999999991688     
        1098  0.50000000000000000        3.7824999999991689     
        1099  0.50000000000000000        3.7494999999991689     
        1100  0.50000000000000000        3.7164999999991690     
        1101  0.50000000000000000        3.6834999999991691     
        1102  0.50000000000000000        3.6504999999991692     
        1103  0.50000000000000000        3.6174999999991693     
        1104  0.50000000000000000        3.5844999999991694     
        1105  0.50000000000000000        3.5514999999991694     
        1106  0.50000000000000000        3.5184999999991695     
        1107  0.50000000000000000        3.4854999999991696     
        1108  0.50000000000000000        3.4524999999991697     
        1109  0.50000000000000000        3.4194999999991698     
        1110  0.50000000000000000        3.3864999999991698     
        1111  0.50000000000000000        3.3534999999991699     
        1112  0.50000000000000000        3.3204999999991700     
        1113  0.50000000000000000        3.2874999999991701     
        1114  0.50000000000000000        3.2544999999991702     
        1115  0.50000000000000000        3.2214999999991702     
        1116  0.50000000000000000        3.1884999999991703     
        1117  0.50000000000000000        3.1554999999991704     
        1118  0.50000000000000000        3.1224999999991705     
        1119  0.50000000000000000        3.0894999999991706     
        1120  0.50000000000000000        3.0564999999991707     
        1121  0.50000000000000000        3.0234999999991707     
        1122  0.50000000000000000        2.9904999999991708     
        1123  0.50000000000000000        2.9574999999991709     
        1124  0.50000000000000000        2.9244999999991710     
        1125  0.50000000000000000        2.8914999999991711     
        1126  0.50000000000000000        2.8584999999991711     
        1127  0.50000000000000000        2.8254999999991712     
        1128  0.50000000000000000        2.7924999999991713     
        1129  0.50000000000000000        2.7594999999991714     
        1130  0.50000000000000000        2.7264999999991715     
        1131  0.50000000000000000        2.6934999999991716     
        1132  0.50000000000000000        2.6604999999991716     
        1133  0.50000000000000000        2.6274999999991717     
        1134  0.50000000000000000        2.5944999999991718     
        1135  0.50000000000000000        2.5614999999991719     
        1136  0.50000000000000000        2.5284999999991720     
        1137  0.50000000000000000        2.4954999999991720     
        1138  0.50000000000000000        2.4624999999991721     
        1139  0.50000000000000000        2.4294999999991722     
        1140  0.50000000000000000        2.3964999999991723     
        1141  0.50000000000000000        2.3634999999991724     
        1142  0.50000000000000000        2.3304999999991725     
        1143  0.50000000000000000        2.2974999999991725     
        1144  0.50000000000000000        2.2644999999991726     
        1145  0.50000000000000000        2.2314999999991727     
        1146  0.50000000000000000        2.1984999999991728     
        1147  0.50000000000000000        2.1654999999991729     
        1148  0.50000000000000000        2.1324999999991729     
        1149  0.50000000000000000        2.0994999999991730     
        1150  0.50000000000000000        2.0664999999991731     
        1151  0.50000000000000000        2.0334999999991732     
        1152  0.50000000000000000        2.0004999999991733     
        1153  0.50000000000000000        1.9674999999991734     
