-17973.0
-17874.9
-17776.8
-17678.7
-17580.6
-17482.5
-17384.4
-17286.3
-17188.2
-17090.1
-16992.0
-16893.9
-16795.8
-16697.7
-16599.6
-16501.5
-16403.4
-16305.3
-16207.2
-16109.1
-16011.0
-15912.9
-15814.8
-15716.7
-15618.6
-15520.5
-15422.4
-15324.3
-15226.2
-15128.1
-15030.0
-14931.9
-14833.8
-14735.7
-14637.6
-14539.5
-14441.4
-14343.3
-14245.2
-14147.1
-14049.0
-13950.9
-13852.8
-13754.7
-13656.6
-13558.5
-13460.4
-13362.3
-13264.2
-13166.1
-13068.0
-12969.9
-12871.8
-12773.7
-12675.6
-12577.5
-12479.4
-12381.3
-12283.2
-12185.1
-12087.0
-11988.9
-11890.8
-11792.7
-11694.6
-11596.5
-11498.4
-11400.3
-11302.2
-11204.1
-11106.0
-11007.9
-10909.8
-10811.7
-10713.6
-10615.5
-10517.4
-10419.3
-10321.2
-10223.1
-10125.0
-10026.9
-9928.8
-9830.7
-9732.6
-9634.5
-9536.4
-9438.3
-9340.2
-9242.1
-9144.0
-9045.9
-8947.8
-8849.7
-8751.6
-8653.5
-8555.4
-8457.3
-8359.2
-8261.1
-8163.0
-8064.9
-7966.8
-7868.7
-7770.6
-7672.5
-7574.4
-7476.3
-7378.2
-7280.1
-7182.0
-7083.9
-6985.8
-6887.7
-6789.6
-6691.5
-6593.4
-6495.3
-6397.2
-6299.1
-6201.0
-6102.9
-6004.8
-5906.7
-5808.6
-5710.5
-5612.4
-5514.3
-5416.2
-5318.1
-5220.0
-5121.9
-5023.8
-4925.7
-4827.6
-4729.5
-4631.4
-4533.3
-4435.2
-4337.1
-4239.0
-4140.9
-4042.8
-3944.7
-3846.6
-3748.5
-3650.4
-3552.3
-3454.2
-3356.1
-3258.0
-3159.9
-3061.8
-2963.7
-2865.6
-2767.5
-2669.4
-2571.3
-2473.2
-2375.1
-2277.0
-2178.9
-2080.8
-1982.7
-1884.6
-1786.5
-1688.4
-1590.3
-1492.2
-1394.1
-1296.0
-1197.9
-1099.8
-1001.7
-903.6
-805.5
-707.4
-609.3
-511.2
-413.1
