10.840934442736621
11.14784367926222
11.41800970650271
11.653627671206745
11.85689272012296
12.03
12.175144657586504
12.294521839631113
12.390326692882473
12.464754364089222
12.519999999999998
12.558078370660915
12.580282739307968
12.587725992474608
12.581521016694289
12.562780698500477
12.532617924426624
12.492145581006193
12.442476554772643
12.384723732259424
12.32
12.249314046849106
12.173257770946568
12.092318872753497
12.006985052730997
11.917744011340172
11.82508344904214
11.729491066297998
11.631454563568855
11.531461641315824
11.43
11.327523165722424
11.224347967143824
11.120757058564852
11.017033094286163
10.913458728608415
10.810316615832262
10.707889410258357
10.606459766187351
10.506310337919905
10.40772377975667
10.310982745998302
10.216369890945456
10.124167868898784
10.034659334158944
9.94812694102659
9.864853343802375
9.785121196786957
9.709213154280983
9.637411870585112
9.57
9.507184093455734
9.44886628840011
9.39487261891036
9.345029119063716
9.299161822937405
9.257096764608663
9.218659978154719
9.183677497652802
9.151975357180143
9.123379590813975
9.097716232631528
9.074811316710035
9.054490877126717
9.036580947958816
9.020907563283558
9.007296757178178
8.995574563719899
8.985567016985955
8.977100151053579
8.97
8.964110388757632
8.959346305679611
8.95564052997426
8.952925840849897
8.951135017514842
8.950200839177416
8.950056085045938
8.950633534328729
8.95186596623411
8.953686159970397
8.956026894745916
8.958820949768985
8.962001104247921
8.965500137391047
8.96925082840668
8.973185956503148
8.97723830088876
8.981340640771846
8.985425755360717
8.989426423863703
8.993275425489115
8.996905539445278
9.000249544940514
9.003240221183137
9.00581034738147
9.007892702743836
9.009420066478551
9.010325217793936
9.010540935898314
9.010000000000002
9.008651728188473
9.006511594077832
9.003611610163333
8.999983788940225
8.995660142903768
8.990672684549217
8.985053426371824
8.978834380866843
8.972047560529534
8.964724977855145
8.956898645338931
8.948600575476151
8.93986278076206
8.930717273691911
8.921196066760956
8.911331172464452
8.901154603297654
8.890698371755816
8.879994490334195
8.869074971528041
8.857971827832612
8.846717071743164
8.835342715754948
8.823880772363218
8.812363254063234
8.800822173350246
8.789289542719512
8.777797374666282
8.766377681685817
8.755062476273366
8.743883770924189
8.732873578133535
8.722063910396662
8.711486780208824
8.701174200065278
8.691158182461272
8.681470739892069
8.672143884852916
8.663209629839077
8.654699987345797
8.646646969868335
8.639082589901946
8.632038859941883
8.625547792483403
8.619641400021756
8.614351695052205
8.60971069007
8.605750397570393
8.60250283004864
8.600000000000001
8.598273919919722
8.597356602303064
8.597280059645282
8.598076304441623
8.59977734918735
8.602415206377717
8.606021888507975
8.61062940807338
8.616269777569189
8.622975009490652
8.630777116333029
8.639708110591567
8.64980000476153
8.661084811338165
8.673594542816735
8.687361211692485
8.702416830460674
8.71879341161656
8.736522967655391
8.75563751107243
8.77616905436292
8.798149610022127
8.821611190545305
8.8465858084277
8.873105476164573
8.901202206251176
8.930908011182767
8.9622549034546
8.995274895561925
