-1.1038277468750008
-1.0758827406250007
-1.0479377343750007
-1.0199927281250007
-0.9920477218750007
-0.9641027156250007
-0.9361577093750006
-0.9082127031250007
-0.8802676968750006
-0.8523226906250007
-0.8243776843750006
-0.7964326781250005
-0.7684876718750006
-0.7405426656250005
-0.7125976593750005
-0.6846526531250005
-0.6567076468750005
-0.6287626406250004
-0.6008176343750005
-0.5728726281250004
-0.5449276218750004
-0.5169826156250004
-0.48903760937500035
-0.46109260312500033
-0.4331475968750003
-0.4052025906250003
-0.3772575843750003
-0.3493125781250003
-0.32136757187500026
-0.2934225656250002
-0.26547755937500017
-0.23753255312500016
-0.20958754687500014
-0.18164254062500013
-0.1536975343750001
-0.1257525281250001
-0.09780752187500007
-0.06986251562500005
-0.04191750937500003
-0.01397250312500001
