-1.11780025 0
-1.11501170375 0
-1.1122231575 0
-1.10943461125 0
-1.106646065 0
-1.10385751875 0
-1.1010689725 0
-1.09828042625 0
-1.09549188 0
-1.09270333375 0
-1.0899147875000001 0
-1.08712624125 0
-1.084337695 0
-1.0816031305833333 0
-1.0788685661666668 0
-1.07613400175 0
-1.0733994373333333 0
-1.0706648729166668 0
-1.0679303085 0
-1.0651957440833333 0
-1.0624611796666668 0
-1.05972661525 0
-1.0569920508333333 0
-1.0542574864166667 0
-1.051522922 0
-1.0526559073333333 0
-1.0537888926666668 0
-1.054921878 0
-1.0560548633333333 0
-1.0571878486666666 0
-1.0583208339999999 0
-1.0594538193333334 0
-1.0605868046666667 0
-1.06171979 0
-1.0628527753333334 0
-1.0639857606666667 0
-1.065118746 0
-1.0667232042500001 0
-1.0683276625 0
-1.0699321207499999 0
-1.071536579 0
-1.07314103725 0
-1.0747454955 0
-1.0763499537499999 0
-1.077954412 0
-1.07955887025 0
-1.0811633285 0
-1.0827677867499998 0
-1.084372245 0
-1.0821282185833332 0
-1.0798841921666666 0
-1.07764016575 0
-1.0753961393333333 0
-1.0731521129166666 0
-1.0709080865 0
-1.0686640600833335 0
-1.0664200336666667 0
-1.06417600725 0
-1.0619319808333334 0
-1.0596879544166669 0
-1.057443928 0
-1.0589816374166667 0
-1.0605193468333334 0
-1.06205705625 0
-1.0635947656666667 0
-1.0651324750833333 0
-1.0666701845 0
-1.0682078939166668 0
-1.0697456033333335 0
-1.07128331275 0
-1.0728210221666667 0
-1.0743587315833334 0
-1.075896441 0
-1.0779412841666667 0
-1.0799861273333333 0
-1.0820309705 0
-1.0840758136666666 0
-1.0861206568333333 0
-1.0881655000000001 0
-1.0902103431666668 0
-1.0922551863333334 0
-1.0943000295 0
-1.0963448726666667 0
-1.0983897158333333 0
-1.100434559 0
-1.0931596010833333 0
-1.0858846431666667 0
-1.07860968525 0
-1.0713347273333333 0
-1.0640597694166667 0
-1.0567848115 0
-1.0495098535833334 0
-1.0422348956666667 0
-1.03495993775 0
-1.0276849798333334 0
-1.0204100219166667 0
-1.013135064 0
-1.0177237304166669 0
-1.0223123968333334 0
-1.02690106325 0
-1.0314897296666667 0
-1.0360783960833335 0
-1.0406670625 0
-1.0452557289166666 0
-1.0498443953333334 0
-1.0544330617500002 0
-1.0590217281666667 0
-1.0636103945833333 0
-1.068199061 0
-1.0647334276666667 0
-1.0612677943333333 0
-1.0578021610000001 0
-1.0543365276666667 0
-1.0508708943333334 0
-1.047405261 0
-1.0439396276666666 0
-1.0404739943333332 0
-1.0370083609999998 0
-1.0335427276666667 0
-1.0300770943333333 0
-1.026611461 0
-1.0318060681666665 0
-1.0370006753333332 0
-1.0421952824999998 0
-1.0473898896666667 0
-1.0525844968333333 0
-1.057779104 0
-1.0629737111666666 0
-1.0681683183333333 0
-1.0733629255000001 0
-1.0785575326666668 0
-1.0837521398333334 0
-1.088946747 0
-1.0819736005 0
-1.075000454 0
-1.0680273075 0
-1.061054161 0
-1.0540810145 0
-1.0471078679999999 0
-1.0401347215 0
-1.033161575 0
-1.0261884285 0
-1.019215282 0
-1.0122421355 0
-1.005268989 0
-1.0075185676666667 0
-1.0097681463333332 0
-1.012017725 0
-1.0142673036666667 0
-1.0165168823333333 0
-1.018766461 0
-1.0210160396666668 0
-1.0232656183333333 0
-1.025515197 0
-1.0277647756666668 0
-1.0300143543333333 0
-1.032263933 0
-1.0365804205 0
-1.0408969080000001 0
-1.0452133955 0
-1.049529883 0
-1.0538463705 0
-1.058162858 0
-1.0624793455 0
-1.066795833 0
-1.0711123205 0
-1.0754288079999998 0
-1.0797452955 0
-1.084061783 0
-1.0773552161666666 0
-1.0706486493333331 0
-1.0639420824999999 0
-1.0572355156666666 0
-1.0505289488333334 0
-1.043822382 0
-1.0371158151666666 0
-1.0304092483333334 0
-1.0237026815 0
-1.0169961146666666 0
-1.0102895478333334 0
-1.003582981 0
-1.0042818250833334 0
-1.0049806691666667 0
-1.00567951325 0
-1.0063783573333334 0
-1.0070772014166667 0
-1.0077760455 0
-1.0084748895833333 0
-1.0091737336666666 0
-1.00987257775 0
-1.0105714218333333 0
-1.0112702659166666 0
-1.01196911 0
-1.0127591070833333 0
-1.0135491041666667 0
-1.01433910125 0
-1.0151290983333332 0
-1.0159190954166666 0
-1.0167090925 0
-1.0174990895833333 0
-1.0182890866666667 0
-1.01907908375 0
-1.0198690808333333 0
-1.0206590779166667 0
-1.021449075 0
-1.0263470383333333 0
-1.0312450016666668 0
-1.036142965 0
-1.0410409283333333 0
-1.0459388916666668 0
-1.050836855 0
-1.0557348183333333 0
-1.0606327816666667 0
-1.065530745 0
-1.0704287083333333 0
-1.0753266716666667 0
-1.080224635 0
-1.0738978589166666 0
-1.0675710828333334 0
-1.06124430675 0
-1.0549175306666667 0
-1.0485907545833333 0
-1.0422639784999999 0
-1.0359372024166666 0
-1.0296104263333332 0
-1.02328365025 0
-1.0169568741666666 0
-1.0106300980833334 0
-1.004303322 0
-1.0019854095833334 0
-0.9996674971666666 0
-0.99734958475 0
-0.9950316723333333 0
-0.9927137599166667 0
-0.9903958475 0
-0.9880779350833333 0
-0.9857600226666666 0
-0.98344211025 0
-0.9811241978333334 0
-0.9788062854166667 0
-0.976488373 0
-0.9811437915 0
-0.98579921 0
-0.9904546285 0
-0.9951100469999999 0
-0.9997654655 0
-1.004420884 0
-1.0090763025 0
-1.0137317209999999 0
-1.0183871395 0
-1.023042558 0
-1.0276979764999998 0
-1.032353395 0
-1.0347539213333332 0
-1.0371544476666665 0
-1.0395549739999999 0
-1.0419555003333332 0
-1.0443560266666665 0
-1.0467565529999998 0
-1.0491570793333334 0
-1.0515576056666667 0
-1.053958132 0
-1.0563586583333333 0
-1.0587591846666666 0
-1.061159711 0
-1.0604184083333332 0
-1.0596771056666667 0
-1.058935803 0
-1.0581945003333333 0
-1.0574531976666666 0
-1.0567118949999998 0
-1.0559705923333333 0
-1.0552292896666666 0
-1.054487987 0
-1.0537466843333334 0
-1.0530053816666667 0
-1.052264079 0
-1.0351228510833332 0
-1.0179816231666665 0
-1.00084039525 0
-0.9836991673333333 0
-0.9665579394166666 0
-0.9494167115 0
-0.9322754835833333 0
-0.9151342556666666 0
-0.8979930277499999 0
-0.8808517998333333 0
-0.8637105719166667 0
-0.846569344 0
-0.8649054581666666 0
-0.8832415723333333 0
-0.9015776865 0
-0.9199138006666666 0
-0.9382499148333333 0
-0.956586029 0
-0.9749221431666667 0
-0.9932582573333334 0
-1.0115943715 0
-1.0299304856666667 0
-1.0482665998333334 0
-1.066602714 0
-1.0753045715 0
-1.084006429 0
-1.0927082865000002 0
-1.1014101440000001 0
-1.1101120015000001 0
-1.118813859 0
-1.1275157165 0
-1.136217574 0
-1.1449194315 0
-1.1536212890000002 0
-1.1623231465000001 0
-1.171025004 0
-1.1417912421666667 0
-1.1125574803333333 0
-1.0833237185 0
-1.0540899566666668 0
-1.0248561948333335 0
-0.9956224330000001 0
-0.9663886711666667 0
-0.9371549093333333 0
-0.9079211475 0
-0.8786873856666667 0
-0.8494536238333333 0
-0.820219862 0
-0.8324511101666666 0
-0.8446823583333333 0
-0.8569136065 0
-0.8691448546666667 0
-0.8813761028333333 0
-0.893607351 0
-0.9058385991666666 0
-0.9180698473333333 0
-0.9303010955 0
-0.9425323436666667 0
-0.9547635918333334 0
-0.96699484 0
-0.9710627669166667 0
-0.9751306938333333 0
-0.97919862075 0
-0.9832665476666667 0
-0.9873344745833333 0
-0.9914024015 0
-0.9954703284166666 0
-0.9995382553333333 0
-1.00360618225 0
-1.0076741091666666 0
-1.0117420360833334 0
-1.015809963 0
-1.0198159245833334 0
-1.0238218861666666 0
-1.02782784775 0
-1.0318338093333332 0
-1.0358397709166667 0
-1.0398457325 0
-1.0438516940833333 0
-1.0478576556666668 0
-1.05186361725 0
-1.0558695788333334 0
-1.0598755404166667 0
-1.063881502 0
-1.0539729459166667 0
-1.0440643898333335 0
-1.03415583375 0
-1.0242472776666667 0
-1.0143387215833333 0
-1.0044301655 0
-0.9945216094166667 0
-0.9846130533333334 0
-0.97470449725 0
-0.9647959411666667 0
-0.9548873850833333 0
-0.944978829 0
-0.9443098355833333 0
-0.9436408421666667 0
-0.94297184875 0
-0.9423028553333334 0
-0.9416338619166666 0
-0.9409648685 0
-0.9402958750833333 0
-0.9396268816666666 0
-0.93895788825 0
-0.9382888948333333 0
-0.9376199014166667 0
-0.936950908 0
-0.9417851284166667 0
-0.9466193488333333 0
-0.95145356925 0
-0.9562877896666667 0
-0.9611220100833333 0
-0.9659562305 0
-0.9707904509166667 0
-0.9756246713333333 0
-0.98045889175 0
-0.9852931121666667 0
-0.9901273325833333 0
-0.994961553 0
-0.9997932700833333 0
-1.0046249871666666 0
-1.00945670425 0
-1.0142884213333334 0
-1.0191201384166666 0
-1.0239518555 0
-1.0287835725833334 0
-1.0336152896666666 0
-1.03844700675 0
-1.0432787238333334 0
-1.0481104409166666 0
-1.052942158 0
-1.04030479875 0
-1.0276674395 0
-1.01503008025 0
-1.002392721 0
-0.98975536175 0
-0.9771180025 0
-0.96448064325 0
-0.9518432840000001 0
-0.93920592475 0
-0.9265685655 0
-0.91393120625 0
-0.901293847 0
-0.8999747705833334 0
-0.8986556941666667 0
-0.8973366177500001 0
-0.8960175413333333 0
-0.8946984649166667 0
-0.8933793885000001 0
-0.8920603120833334 0
-0.8907412356666667 0
-0.88942215925 0
-0.8881030828333334 0
-0.8867840064166667 0
-0.88546493 0
-0.8947697903333334 0
-0.9040746506666667 0
-0.913379511 0
-0.9226843713333334 0
-0.9319892316666667 0
-0.941294092 0
-0.9505989523333334 0
-0.9599038126666667 0
-0.969208673 0
-0.9785135333333334 0
-0.9878183936666667 0
-0.997123254 0
-0.9963245998333333 0
-0.9955259456666666 0
-0.9947272915 0
-0.9939286373333334 0
-0.9931299831666667 0
-0.992331329 0
-0.9915326748333333 0
-0.9907340206666666 0
-0.9899353664999999 0
-0.9891367123333333 0
-0.9883380581666666 0
-0.987539404 0
-0.982117477 0
-0.97669555 0
-0.971273623 0
-0.965851696 0
-0.960429769 0
-0.955007842 0
-0.949585915 0
-0.944163988 0
-0.938742061 0
-0.933320134 0
-0.927898207 0
-0.92247628 0
-0.917094009 0
-0.911711738 0
-0.906329467 0
-0.9009471960000001 0
-0.8955649250000001 0
-0.890182654 0
-0.884800383 0
-0.879418112 0
-0.874035841 0
-0.86865357 0
-0.863271299 0
-0.857889028 0
-0.863593442 0
-0.869297856 0
-0.87500227 0
-0.880706684 0
-0.886411098 0
-0.8921155119999999 0
-0.897819926 0
-0.90352434 0
-0.909228754 0
-0.914933168 0
-0.920637582 0
-0.926341996 0
-0.9317813309166667 0
-0.9372206658333333 0
-0.94266000075 0
-0.9480993356666667 0
-0.9535386705833333 0
-0.9589780055 0
-0.9644173404166667 0
-0.9698566753333333 0
-0.97529601025 0
-0.9807353451666667 0
-0.9861746800833333 0
-0.991614015 0
-0.98237091525 0
-0.9731278155 0
-0.96388471575 0
-0.954641616 0
-0.94539851625 0
-0.9361554165 0
-0.92691231675 0
-0.917669217 0
-0.90842611725 0
-0.8991830175 0
-0.88993991775 0
-0.880696818 0
-0.88060737675 0
-0.8805179355 0
-0.88042849425 0
-0.880339053 0
-0.88024961175 0
-0.8801601705 0
-0.88007072925 0
-0.879981288 0
-0.87989184675 0
-0.8798024055 0
-0.87971296425 0
-0.879623523 0
-0.8792234867500001 0
-0.8788234505 0
-0.87842341425 0
-0.878023378 0
-0.87762334175 0
-0.8772233055 0
-0.87682326925 0
-0.876423233 0
-0.87602319675 0
-0.8756231605 0
-0.8752231242499999 0
-0.874823088 0
-0.8880085096666667 0
-0.9011939313333334 0
-0.914379353 0
-0.9275647746666666 0
-0.9407501963333333 0
-0.953935618 0
-0.9671210396666666 0
-0.9803064613333333 0
-0.993491883 0
-1.0066773046666666 0
-1.0198627263333333 0
-1.033048148 0
-1.01020618825 0
-0.9873642284999999 0
-0.96452226875 0
-0.941680309 0
-0.91883834925 0
-0.8959963895 0
-0.87315442975 0
-0.85031247 0
-0.82747051025 0
-0.8046285504999999 0
-0.78178659075 0
-0.758944631 0
-0.7670437303333333 0
-0.7751428296666667 0
-0.783241929 0
-0.7913410283333333 0
-0.7994401276666666 0
-0.8075392269999999 0
-0.8156383263333333 0
-0.8237374256666666 0
-0.8318365249999999 0
-0.8399356243333334 0
-0.8480347236666667 0
-0.856133823 0
-0.8596975702499999 0
-0.8632613174999999 0
-0.86682506475 0
-0.870388812 0
-0.8739525592499999 0
-0.8775163065 0
-0.88108005375 0
-0.884643801 0
-0.8882075482499999 0
-0.8917712954999999 0
-0.89533504275 0
-0.89889879 0
-0.9005784192499999 0
-0.9022580485 0
-0.90393767775 0
-0.905617307 0
-0.90729693625 0
-0.9089765654999999 0
-0.91065619475 0
-0.912335824 0
-0.91401545325 0
-0.9156950825000001 0
-0.9173747117500001 0
-0.919054341 0
-0.9079752115833334 0
-0.8968960821666667 0
-0.88581695275 0
-0.8747378233333334 0
-0.8636586939166667 0
-0.8525795645 0
-0.8415004350833334 0
-0.8304213056666667 0
-0.81934217625 0
-0.8082630468333334 0
-0.7971839174166667 0
-0.786104788 0
-0.7920694785000001 0
-0.798034169 0
-0.8039988595 0
-0.8099635500000001 0
-0.8159282405 0
-0.821892931 0
-0.8278576215000001 0
-0.833822312 0
-0.8397870025 0
-0.8457516930000001 0
-0.8517163835 0
-0.857681074 0
-0.8507499105833334 0
-0.8438187471666667 0
-0.83688758375 0
-0.8299564203333334 0
-0.8230252569166667 0
-0.8160940935000001 0
-0.8091629300833333 0
-0.8022317666666666 0
-0.79530060325 0
-0.7883694398333333 0
-0.7814382764166666 0
-0.774507113 0
-0.7843496827499999 0
-0.7941922525 0
-0.80403482225 0
-0.813877392 0
-0.82371996175 0
-0.8335625314999999 0
-0.84340510125 0
-0.853247671 0
-0.86309024075 0
-0.8729328105 0
-0.88277538025 0
-0.89261795 0
-0.8856323988333333 0
-0.8786468476666667 0
-0.8716612965 0
-0.8646757453333334 0
-0.8576901941666667 0
-0.8507046429999999 0
-0.8437190918333333 0
-0.8367335406666666 0
-0.8297479895 0
-0.8227624383333333 0
-0.8157768871666666 0
-0.808791336 0
-0.8058374162499999 0
-0.8028834965 0
-0.79992957675 0
-0.796975657 0
-0.79402173725 0
-0.7910678175 0
-0.78811389775 0
-0.785159978 0
-0.78220605825 0
-0.7792521385 0
-0.77629821875 0
-0.773344299 0
-0.78150284625 0
-0.7896613935 0
-0.7978199407500001 0
-0.805978488 0
-0.81413703525 0
-0.8222955825 0
-0.83045412975 0
-0.838612677 0
-0.8467712242500001 0
-0.8549297715 0
-0.86308831875 0
-0.871246866 0
-0.8605960375 0
-0.849945209 0
-0.8392943805 0
-0.8286435520000001 0
-0.8179927235000001 0
-0.807341895 0
-0.7966910665 0
-0.786040238 0
-0.7753894095 0
-0.764738581 0
-0.7540877525 0
-0.743436924 0
-0.7476182220833334 0
-0.7517995201666667 0
-0.7559808182500001 0
-0.7601621163333334 0
-0.7643434144166668 0
-0.7685247125000001 0
-0.7727060105833333 0
-0.7768873086666667 0
-0.78106860675 0
-0.7852499048333333 0
-0.7894312029166667 0
-0.793612501 0
-0.8016180545 0
-0.809623608 0
-0.8176291615 0
-0.825634715 0
-0.8336402685 0
-0.841645822 0
-0.8496513755 0
-0.857656929 0
-0.8656624825 0
-0.873668036 0
-0.8816735895 0
-0.889679143 0
-0.8729688389166667 0
-0.8562585348333333 0
-0.83954823075 0
-0.8228379266666667 0
-0.8061276225833333 0
-0.7894173185 0
-0.7727070144166667 0
-0.7559967103333333 0
-0.73928640625 0
-0.7225761021666666 0
-0.7058657980833333 0
-0.689155494 0
-0.6977720841666667 0
-0.7063886743333333 0
-0.7150052645 0
-0.7236218546666666 0
-0.7322384448333333 0
-0.740855035 0
-0.7494716251666667 0
-0.7580882153333334 0
-0.7667048055 0
-0.7753213956666667 0
-0.7839379858333333 0
-0.792554576 0
-0.801553841 0
-0.810553106 0
-0.819552371 0
-0.828551636 0
-0.837550901 0
-0.846550166 0
-0.855549431 0
-0.864548696 0
-0.873547961 0
-0.882547226 0
-0.8915464909999999 0
-0.900545756 0
-0.8792156335833333 0
-0.8578855111666667 0
-0.83655538875 0
-0.8152252663333334 0
-0.7938951439166667 0
-0.7725650215 0
-0.7512348990833333 0
-0.7299047766666666 0
-0.70857465425 0
-0.6872445318333333 0
-0.6659144094166667 0
-0.644584287 0
-0.65526066775 0
-0.6659370485 0
-0.67661342925 0
-0.68728981 0
-0.69796619075 0
-0.7086425715 0
-0.7193189522500001 0
-0.7299953330000001 0
-0.7406717137500001 0
-0.7513480945000001 0
-0.76202447525 0
-0.772700856 0
-0.7778582589166667 0
-0.7830156618333334 0
-0.78817306475 0
-0.7933304676666667 0
-0.7984878705833334 0
-0.8036452735 0
-0.8088026764166667 0
-0.8139600793333334 0
-0.81911748225 0
-0.8242748851666667 0
-0.8294322880833334 0
-0.834589691 0
-0.8328120814166666 0
-0.8310344718333333 0
-0.8292568622500001 0
-0.8274792526666667 0
-0.8257016430833333 0
-0.8239240335 0
-0.8221464239166667 0
-0.8203688143333333 0
-0.8185912047499999 0
-0.8168135951666666 0
-0.8150359855833333 0
-0.813258376 0
-0.8080039257499999 0
-0.8027494755 0
-0.7974950252499999 0
-0.792240575 0
-0.78698612475 0
-0.7817316745 0
-0.77647722425 0
-0.7712227739999999 0
-0.76596832375 0
-0.7607138735 0
-0.75545942325 0
-0.750204973 0
-0.7404391105833333 0
-0.7306732481666667 0
-0.72090738575 0
-0.7111415233333334 0
-0.7013756609166667 0
-0.6916097985 0
-0.6818439360833333 0
-0.6720780736666666 0
-0.66231221125 0
-0.6525463488333333 0
-0.6427804864166666 0
-0.633014624 0
-0.6646590805 0
-0.6963035369999999 0
-0.7279479935 0
-0.75959245 0
-0.7912369065 0
-0.822881363 0
-0.8545258195000001 0
-0.886170276 0
-0.9178147325 0
-0.9494591889999999 0
-0.9811036455 0
-1.012748102 0
-0.9732759300833334 0
-0.9338037581666666 0
-0.89433158625 0
-0.8548594143333333 0
-0.8153872424166666 0
-0.7759150705 0
-0.7364428985833333 0
-0.6969707266666667 0
-0.65749855475 0
-0.6180263828333332 0
-0.5785542109166666 0
-0.539082039 0
-0.5671889984999999 0
-0.5952959579999999 0
-0.6234029175 0
-0.651509877 0
-0.6796168364999999 0
-0.707723796 0
-0.7358307555 0
-0.763937715 0
-0.7920446744999999 0
-0.8201516339999999 0
-0.8482585935 0
-0.876365553 0
-0.862663104 0
-0.848960655 0
-0.835258206 0
-0.8215557569999999 0
-0.807853308 0
-0.7941508589999999 0
-0.78044841 0
-0.766745961 0
-0.753043512 0
-0.739341063 0
-0.725638614 0
-0.711936165 0
-0.72168522825 0
-0.7314342915000001 0
-0.74118335475 0
-0.750932418 0
-0.76068148125 0
-0.7704305444999999 0
-0.78017960775 0
-0.789928671 0
-0.79967773425 0
-0.8094267975 0
-0.8191758607499999 0
-0.828924924 0
-0.8215364252499999 0
-0.8141479265 0
-0.80675942775 0
-0.799370929 0
-0.7919824302499999 0
-0.7845939314999999 0
-0.77720543275 0
-0.769816934 0
-0.7624284352499999 0
-0.7550399365 0
-0.74765143775 0
-0.740262939 0
-0.7402546917499999 0
-0.7402464445 0
-0.74023819725 0
-0.7402299499999999 0
-0.74022170275 0
-0.7402134555 0
-0.7402052082499999 0
-0.740196961 0
-0.74018871375 0
-0.7401804664999999 0
-0.74017221925 0
-0.740163972 0
-0.7508271343333333 0
-0.7614902966666666 0
-0.772153459 0
-0.7828166213333333 0
-0.7934797836666666 0
-0.804142946 0
-0.8148061083333333 0
-0.8254692706666666 0
-0.836132433 0
-0.8467955953333333 0
-0.8574587576666667 0
-0.86812192 0
-0.8627767551666666 0
-0.8574315903333334 0
-0.8520864255 0
-0.8467412606666667 0
-0.8413960958333333 0
-0.8360509309999999 0
-0.8307057661666667 0
-0.8253606013333333 0
-0.8200154365 0
-0.8146702716666667 0
-0.8093251068333334 0
-0.803979942 0
-0.8016619709166667 0
-0.7993439998333334 0
-0.7970260287500001 0
-0.7947080576666666 0
-0.7923900865833333 0
-0.7900721155 0
-0.7877541444166667 0
-0.7854361733333334 0
-0.7831182022500001 0
-0.7808002311666666 0
-0.7784822600833333 0
-0.776164289 0
-0.7832155815833334 0
-0.7902668741666666 0
-0.79731816675 0
-0.8043694593333334 0
-0.8114207519166666 0
-0.8184720445 0
-0.8255233370833334 0
-0.8325746296666666 0
-0.83962592225 0
-0.8466772148333334 0
-0.8537285074166666 0
-0.8607798 0
-0.8531670476666666 0
-0.8455542953333334 0
-0.837941543 0
-0.8303287906666666 0
-0.8227160383333333 0
-0.815103286 0
-0.8074905336666667 0
-0.7998777813333333 0
-0.792265029 0
-0.7846522766666666 0
-0.7770395243333333 0
-0.769426772 0
-0.7689792514166667 0
-0.7685317308333333 0
-0.76808421025 0
-0.7676366896666666 0
-0.7671891690833333 0
-0.7667416485 0
-0.7662941279166666 0
-0.7658466073333333 0
-0.76539908675 0
-0.7649515661666666 0
-0.7645040455833333 0
-0.764056525 0
-0.7749116921666667 0
-0.7857668593333333 0
-0.7966220265 0
-0.8074771936666667 0
-0.8183323608333334 0
-0.8291875280000001 0
-0.8400426951666666 0
-0.8508978623333333 0
-0.8617530295 0
-0.8726081966666667 0
-0.8834633638333333 0
-0.894318531 0
-0.8960492295 0
-0.8977799280000001 0
-0.8995106265 0
-0.901241325 0
-0.9029720235 0
-0.904702722 0
-0.9064334205 0
-0.908164119 0
-0.9098948175 0
-0.911625516 0
-0.9133562145 0
-0.915086913 0
-0.90060039275 0
-0.8861138725 0
-0.87162735225 0
-0.857140832 0
-0.84265431175 0
-0.8281677915000001 0
-0.81368127125 0
-0.799194751 0
-0.7847082307500001 0
-0.7702217105 0
-0.75573519025 0
-0.74124867 0
-0.75630493425 0
-0.7713611985000001 0
-0.78641746275 0
-0.8014737270000001 0
-0.81652999125 0
-0.8315862555 0
-0.84664251975 0
-0.861698784 0
-0.8767550482500001 0
-0.8918113125 0
-0.9068675767500001 0
-0.921923841 0
-0.9228124273333334 0
-0.9237010136666667 0
-0.9245896 0
-0.9254781863333333 0
-0.9263667726666667 0
-0.927255359 0
-0.9281439453333333 0
-0.9290325316666667 0
-0.929921118 0
-0.9308097043333333 0
-0.9316982906666667 0
-0.932586877 0
-0.9277101315 0
-0.922833386 0
-0.9179566404999999 0
-0.913079895 0
-0.9082031495 0
-0.903326404 0
-0.8984496584999999 0
-0.893572913 0
-0.8886961675 0
-0.883819422 0
-0.8789426764999999 0
-0.874065931 0
-0.8719048912499999 0
-0.8697438515 0
-0.86758281175 0
-0.8654217719999999 0
-0.86326073225 0
-0.8610996925 0
-0.8589386527499999 0
-0.856777613 0
-0.85461657325 0
-0.8524555334999999 0
-0.85029449375 0
-0.848133454 0
-0.8593886033333333 0
-0.8706437526666666 0
-0.881898902 0
-0.8931540513333333 0
-0.9044092006666666 0
-0.9156643499999999 0
-0.9269194993333333 0
-0.9381746486666667 0
-0.9494297979999999 0
-0.9606849473333333 0
-0.9719400966666666 0
-0.983195246 0
-0.97934109725 0
-0.9754869485 0
-0.9716327997499999 0
-0.9677786509999999 0
-0.9639245022499999 0
-0.9600703534999999 0
-0.95621620475 0
-0.952362056 0
-0.94850790725 0
-0.9446537585 0
-0.94079960975 0
-0.936945461 0
-0.9345730284166667 0
-0.9322005958333333 0
-0.92982816325 0
-0.9274557306666666 0
-0.9250832980833333 0
-0.9227108654999999 0
-0.9203384329166666 0
-0.9179660003333333 0
-0.91559356775 0
-0.9132211351666666 0
-0.9108487025833333 0
-0.90847627 0
-0.9151231595 0
-0.921770049 0
-0.9284169385 0
-0.935063828 0
-0.9417107175 0
-0.9483576069999999 0
-0.9550044965 0
-0.961651386 0
-0.9682982755 0
-0.9749451650000001 0
-0.9815920545 0
-0.988238944 0
-0.9875005595 0
-0.986762175 0
-0.9860237905 0
-0.985285406 0
-0.9845470215 0
-0.983808637 0
-0.9830702525 0
-0.9823318679999999 0
-0.9815934835 0
-0.980855099 0
-0.9801167144999999 0
-0.97937833 0
-0.9799930455833333 0
-0.9806077611666666 0
-0.98122247675 0
-0.9818371923333333 0
-0.9824519079166666 0
-0.9830666235 0
-0.9836813390833333 0
-0.9842960546666666 0
-0.98491077025 0
-0.9855254858333333 0
-0.9861402014166666 0
-0.986754917 0
-0.9914387567499999 0
-0.9961225965 0
-1.00080643625 0
-1.005490276 0
-1.01017411575 0
-1.0148579555 0
-1.0195417952499999 0
-1.024225635 0
-1.02890947475 0
-1.0335933145 0
-1.03827715425 0
-1.042960994 0
-1.0374546930833333 0
-1.0319483921666666 0
-1.02644209125 0
-1.0209357903333334 0
-1.0154294894166667 0
-1.0099231885 0
-1.0044168875833333 0
-0.9989105866666667 0
-0.9934042857500001 0
-0.9878979848333334 0
-0.9823916839166668 0
-0.976885383 0
-0.9841061098333334 0
-0.9913268366666667 0
-0.9985475635000001 0
-1.0057682903333334 0
-1.0129890171666667 0
-1.020209744 0
-1.0274304708333333 0
-1.0346511976666666 0
-1.0418719245 0
-1.0490926513333334 0
-1.0563133781666667 0
-1.063534105 0
-1.0646546165 0
-1.065775128 0
-1.0668956395 0
-1.068016151 0
-1.0691366625 0
-1.070257174 0
-1.0713776855 0
-1.072498197 0
-1.0736187085 0
-1.0747392199999999 0
-1.0758597315 0
-1.076980243 0
-1.0775809439166666 0
-1.0781816448333332 0
-1.07878234575 0
-1.0793830466666667 0
-1.0799837475833334 0
-1.0805844485 0
-1.0811851494166667 0
-1.0817858503333333 0
-1.08238655125 0
-1.0829872521666668 0
-1.0835879530833334 0
-1.084188654 0
-1.0812816279166668 0
-1.0783746018333333 0
-1.07546757575 0
-1.0725605496666668 0
-1.0696535235833333 0
-1.0667464975 0
-1.0638394714166668 0
-1.0609324453333333 0
-1.05802541925 0
-1.0551183931666668 0
-1.0522113670833333 0
-1.049304341 0
-1.0519472247500001 0
-1.0545901085 0
-1.05723299225 0
-1.059875876 0
-1.06251875975 0
-1.0651616435 0
-1.0678045272499999 0
-1.070447411 0
-1.07309029475 0
-1.0757331785 0
-1.0783760622499998 0
-1.081018946 0
-1.0968949259166667 0
-1.1127709058333333 0
-1.1286468857499998 0
-1.1445228656666666 0
-1.1603988455833334 0
-1.1762748255 0
-1.1921508054166665 0
-1.2080267853333333 0
-1.22390276525 0
-1.2397787451666666 0
-1.2556547250833332 0
-1.271530705 0
-1.2491371861666667 0
-1.2267436673333334 0
-1.2043501485 0
-1.1819566296666666 0
-1.1595631108333333 0
-1.137169592 0
-1.1147760731666667 0
-1.0923825543333334 0
-1.0699890355 0
-1.0475955166666666 0
-1.0252019978333333 0
-1.002808479 0
-1.0115603093333334 0
-1.0203121396666668 0
-1.0290639700000002 0
-1.0378158003333333 0
-1.0465676306666667 0
-1.055319461 0
-1.0640712913333334 0
-1.0728231216666668 0
-1.081574952 0
-1.0903267823333334 0
-1.0990786126666667 0
-1.107830443 0
-1.1236573948333335 0
-1.1394843466666669 0
-1.1553112985 0
-1.1711382503333334 0
-1.1869652021666668 0
-1.202792154 0
-1.2186191058333333 0
-1.2344460576666667 0
-1.2502730095 0
-1.2660999613333335 0
-1.2819269131666666 0
-1.297753865 0
-1.2902373430833334 0
-1.2827208211666667 0
-1.27520429925 0
-1.2676877773333333 0
-1.2601712554166666 0
-1.2526547335 0
-1.2451382115833334 0
-1.2376216896666667 0
-1.2301051677500001 0
-1.2225886458333333 0
-1.2150721239166666 0
-1.207555602 0
-1.193840625 0
-1.180125648 0
-1.166410671 0
-1.152695694 0
-1.138980717 0
-1.1252657400000001 0
-1.111550763 0
-1.097835786 0
-1.084120809 0
-1.070405832 0
-1.056690855 0
-1.042975878 0
-1.0647656465 0
-1.086555415 0
-1.1083451835 0
-1.130134952 0
-1.1519247205 0
-1.173714489 0
-1.1955042575 0
-1.217294026 0
-1.2390837945 0
-1.2608735629999999 0
-1.2826633315 0
-1.3044531 0
-1.29807882725 0
-1.2917045544999999 0
-1.2853302817499999 0
-1.2789560089999998 0
-1.2725817362499998 0
-1.2662074634999998 0
-1.25983319075 0
-1.253458918 0
-1.24708464525 0
-1.2407103725 0
-1.23433609975 0
-1.227961827 0
-1.2294229669166665 0
-1.2308841068333332 0
-1.23234524675 0
-1.2338063866666666 0
-1.2352675265833333 0
-1.2367286665 0
-1.2381898064166665 0
-1.2396509463333332 0
-1.2411120862499998 0
-1.2425732261666667 0
-1.2440343660833333 0
-1.245495506 0
-1.2479314834166666 0
-1.2503674608333333 0
-1.25280343825 0
-1.2552394156666666 0
-1.2576753930833333 0
-1.2601113705 0
-1.2625473479166667 0
-1.2649833253333334 0
-1.26741930275 0
-1.2698552801666667 0
-1.2722912575833334 0
-1.274727235 0
-1.2679845134166667 0
-1.2612417918333334 0
-1.25449907025 0
-1.2477563486666667 0
-1.2410136270833334 0
-1.2342709055 0
-1.2275281839166667 0
-1.2207854623333334 0
-1.21404274075 0
-1.2073000191666667 0
-1.2005572975833334 0
-1.193814576 0
-1.2112635385833335 0
-1.2287125011666666 0
-1.24616146375 0
-1.2636104263333334 0
-1.2810593889166666 0
-1.2985083515 0
-1.3159573140833334 0
-1.3334062766666666 0
-1.35085523925 0
-1.3683042018333333 0
-1.3857531644166665 0
-1.403202127 0
-1.3931998278333333 0
-1.3831975286666667 0
-1.3731952294999998 0
-1.3631929303333332 0
-1.3531906311666666 0
-1.343188332 0
-1.3331860328333334 0
-1.3231837336666668 0
-1.3131814345000001 0
-1.3031791353333333 0
-1.2931768361666667 0
-1.283174537 0
-1.2777458389166667 0
-1.2723171408333334 0
-1.26688844275 0
-1.2614597446666667 0
-1.2560310465833333 0
-1.2506023485000002 0
-1.2451736504166668 0
-1.2397449523333335 0
-1.2343162542500001 0
-1.2288875561666668 0
-1.2234588580833334 0
-1.21803016 0
-1.230273304 0
-1.2425164480000002 0
-1.254759592 0
-1.267002736 0
-1.2792458800000002 0
-1.291489024 0
-1.303732168 0
-1.3159753120000002 0
-1.328218456 0
-1.3404616 0
-1.3527047440000002 0
-1.364947888 0
-1.36866089375 0
-1.3723738995 0
-1.3760869052500002 0
-1.379799911 0
-1.38351291675 0
-1.3872259225 0
-1.39093892825 0
-1.394651934 0
-1.39836493975 0
-1.4020779455 0
-1.4057909512500002 0
-1.409503957 0
-1.3995052350000001 0
-1.3895065130000002 0
-1.379507791 0
-1.369509069 0
-1.359510347 0
-1.3495116249999999 0
-1.339512903 0
-1.329514181 0
-1.319515459 0
-1.309516737 0
-1.2995180149999999 0
-1.289519293 0
-1.2938104516666666 0
-1.2981016103333332 0
-1.302392769 0
-1.3066839276666666 0
-1.3109750863333334 0
-1.3152662450000001 0
-1.3195574036666666 0
-1.3238485623333334 0
-1.328139721 0
-1.3324308796666666 0
-1.3367220383333334 0
-1.341013197 0
-1.3444142495 0
-1.347815302 0
-1.3512163545 0
-1.354617407 0
-1.3580184595 0
-1.3614195119999999 0
-1.3648205645 0
-1.368221617 0
-1.3716226695 0
-1.375023722 0
-1.3784247745 0
-1.381825827 0
-1.3849120609166665 0
-1.3879982948333334 0
-1.39108452875 0
-1.3941707626666666 0
-1.3972569965833332 0
-1.4003432304999999 0
-1.4034294644166667 0
-1.4065156983333333 0
-1.40960193225 0
-1.4126881661666666 0
-1.4157744000833334 0
-1.418860634 0
-1.4145832565833334 0
-1.4103058791666667 0
-1.40602850175 0
-1.4017511243333334 0
-1.3974737469166667 0
-1.3931963695 0
-1.3889189920833334 0
-1.3846416146666667 0
-1.38036423725 0
-1.3760868598333333 0
-1.3718094824166667 0
-1.367532105 0
-1.3666417381666667 0
-1.3657513713333334 0
-1.3648610045 0
-1.3639706376666667 0
-1.3630802708333334 0
-1.362189904 0
-1.3612995371666665 0
-1.3604091703333332 0
-1.3595188034999999 0
-1.3586284366666666 0
-1.3577380698333332 0
-1.356847703 0
-1.3615068165 0
-1.36616593 0
-1.3708250435 0
-1.375484157 0
-1.3801432705 0
-1.3848023839999999 0
-1.3894614975 0
-1.394120611 0
-1.3987797245 0
-1.403438838 0
-1.4080979515 0
-1.412757065 0
-1.4171285450833335 0
-1.4215000251666667 0
-1.42587150525 0
-1.4302429853333334 0
-1.4346144654166668 0
-1.4389859455 0
-1.4433574255833332 0
-1.4477289056666667 0
-1.4521003857500001 0
-1.4564718658333333 0
-1.4608433459166665 0
-1.465214826 0
-1.4612890434166665 0
-1.4573632608333333 0
-1.45343747825 0
-1.4495116956666667 0
-1.4455859130833333 0
-1.4416601304999999 0
-1.4377343479166667 0
-1.4338085653333332 0
-1.42988278275 0
-1.4259570001666666 0
-1.4220312175833334 0
-1.418105435 0
-1.4140386615833334 0
-1.4099718881666665 0
-1.40590511475 0
-1.4018383413333333 0
-1.3977715679166667 0
-1.3937047945 0
-1.3896380210833332 0
-1.3855712476666666 0
-1.38150447425 0
-1.3774377008333332 0
-1.3733709274166666 0
-1.369304154 0
-1.3764822768333334 0
-1.3836603996666665 0
-1.3908385225 0
-1.3980166453333334 0
-1.4051947681666666 0
-1.412372891 0
-1.4195510138333334 0
-1.4267291366666666 0
-1.4339072595 0
-1.4410853823333334 0
-1.4482635051666666 0
-1.455441628 0
-1.45723526375 0
-1.4590288995 0
-1.46082253525 0
-1.462616171 0
-1.46440980675 0
-1.4662034425 0
-1.46799707825 0
-1.469790714 0
-1.47158434975 0
-1.4733779855 0
-1.4751716212500001 0
-1.476965257 0
-1.4745629878333333 0
-1.4721607186666668 0
-1.4697584495 0
-1.4673561803333333 0
-1.4649539111666667 0
-1.462551642 0
-1.4601493728333332 0
-1.4577471036666667 0
-1.4553448345 0
-1.4529425653333332 0
-1.4505402961666667 0
-1.448138027 0
-1.4440082318333334 0
-1.4398784366666666 0
-1.4357486415 0
-1.4316188463333333 0
-1.4274890511666667 0
-1.423359256 0
-1.4192294608333333 0
-1.4150996656666668 0
-1.4109698705 0
-1.4068400753333334 0
-1.4027102801666667 0
-1.398580485 0
-1.4043521475833334 0
-1.4101238101666667 0
-1.41589547275 0
-1.4216671353333334 0
-1.4274387979166667 0
-1.4332104605 0
-1.4389821230833333 0
-1.4447537856666666 0
-1.45052544825 0
-1.4562971108333334 0
-1.4620687734166666 0
-1.467840436 0
-1.4710473824166665 0
-1.4742543288333332 0
-1.47746127525 0
-1.4806682216666667 0
-1.4838751680833333 0
-1.4870821145 0
-1.4902890609166666 0
-1.4934960073333332 0
-1.49670295375 0
-1.4999099001666667 0
-1.5031168465833333 0
-1.506323793 0
-1.502716396 0
-1.499108999 0
-1.495501602 0
-1.491894205 0
-1.488286808 0
-1.4846794110000001 0
-1.481072014 0
-1.477464617 0
-1.47385722 0
-1.470249823 0
-1.466642426 0
-1.463035029 0
-1.4589456140000001 0
-1.454856199 0
-1.450766784 0
-1.446677369 0
-1.442587954 0
-1.438498539 0
-1.434409124 0
-1.430319709 0
-1.426230294 0
-1.422140879 0
-1.418051464 0
-1.413962049 0
-1.4214855266666666 0
-1.4290090043333334 0
-1.436532482 0
-1.4440559596666667 0
-1.4515794373333333 0
-1.459102915 0
-1.4666263926666667 0
-1.4741498703333333 0
-1.481673348 0
-1.4891968256666668 0
-1.4967203033333334 0
-1.504243781 0
-1.5047935015833334 0
-1.5053432221666667 0
-1.50589294275 0
-1.5064426633333334 0
-1.5069923839166668 0
-1.5075421045000001 0
-1.5080918250833333 0
-1.5086415456666666 0
-1.50919126625 0
-1.5097409868333334 0
-1.5102907074166667 0
-1.510840428 0
-1.5065816249166668 0
-1.5023228218333333 0
-1.49806401875 0
-1.4938052156666668 0
-1.4895464125833333 0
-1.4852876095 0
-1.4810288064166668 0
-1.4767700033333333 0
-1.47251120025 0
-1.4682523971666668 0
-1.4639935940833333 0
-1.459734791 0
-1.4601450145000001 0
-1.460555238 0
-1.4609654615 0
-1.461375685 0
-1.4617859085 0
-1.4621961319999999 0
-1.4626063555 0
-1.463016579 0
-1.4634268025 0
-1.463837026 0
-1.4642472494999998 0
-1.464657473 0
-1.4659416260833333 0
-1.4672257791666665 0
-1.46850993225 0
-1.4697940853333333 0
-1.4710782384166665 0
-1.4723623915 0
-1.4736465445833333 0
-1.4749306976666665 0
-1.47621485075 0
-1.4774990038333333 0
-1.4787831569166665 0
-1.48006731 0
-1.4824568327499998 0
-1.4848463555 0
-1.48723587825 0
-1.4896254009999998 0
-1.49201492375 0
-1.4944044465 0
-1.4967939692499999 0
-1.499183492 0
-1.50157301475 0
-1.5039625374999999 0
-1.50635206025 0
-1.508741583 0
-1.5081703718333332 0
-1.5075991606666665 0
-1.5070279494999999 0
-1.5064567383333334 0
-1.5058855271666667 0
-1.505314316 0
-1.5047431048333333 0
-1.5041718936666666 0
-1.5036006825000001 0
-1.5030294713333334 0
-1.5024582601666667 0
-1.501887049 0
-1.4946248235 0
-1.487362598 0
-1.4801003725 0
-1.472838147 0
-1.4655759215000002 0
-1.458313696 0
-1.4510514705 0
-1.443789245 0
-1.4365270195000002 0
-1.429264794 0
-1.4220025685 0
-1.414740343 0
-1.420654393 0
-1.426568443 0
-1.432482493 0
-1.438396543 0
-1.444310593 0
-1.4502246429999999 0
-1.456138693 0
-1.4620527429999999 0
-1.467966793 0
-1.4738808429999999 0
-1.479794893 0
-1.485708943 0
-1.4918151070833332 0
-1.4979212711666665 0
-1.5040274352499998 0
-1.5101335993333334 0
-1.5162397634166667 0
-1.5223459275 0
-1.5284520915833333 0
-1.5345582556666666 0
-1.5406644197500001 0
-1.5467705838333334 0
-1.5528767479166667 0
-1.558982912 0
-1.5504707118333334 0
-1.5419585116666668 0
-1.5334463115 0
-1.5249341113333335 0
-1.5164219111666668 0
-1.507909711 0
-1.4993975108333333 0
-1.4908853106666666 0
-1.4823731105 0
-1.4738609103333333 0
-1.4653487101666667 0
-1.45683651 0
-1.4559454949166666 0
-1.4550544798333334 0
-1.4541634647500001 0
-1.4532724496666667 0
-1.4523814345833332 0
-1.4514904195 0
-1.4505994044166668 0
-1.4497083893333333 0
-1.44881737425 0
-1.4479263591666667 0
-1.4470353440833335 0
-1.446144329 0
-1.4516112780000001 0
-1.457078227 0
-1.462545176 0
-1.468012125 0
-1.473479074 0
-1.478946023 0
-1.4844129719999999 0
-1.489879921 0
-1.49534687 0
-1.500813819 0
-1.5062807679999999 0
-1.511747717 0
-1.5127349859166666 0
-1.5137222548333333 0
-1.5147095237500001 0
-1.5156967926666667 0
-1.5166840615833332 0
-1.5176713305 0
-1.5186585994166668 0
-1.5196458683333334 0
-1.52063313725 0
-1.5216204061666667 0
-1.5226076750833335 0
-1.523594944 0
-1.5170635967500001 0
-1.5105322495 0
-1.50400090225 0
-1.4974695550000001 0
-1.49093820775 0
-1.4844068605 0
-1.47787551325 0
-1.471344166 0
-1.46481281875 0
-1.4582814715 0
-1.45175012425 0
-1.445218777 0
-1.4447598386666667 0
-1.4443009003333334 0
-1.443841962 0
-1.4433830236666667 0
-1.4429240853333334 0
-1.442465147 0
-1.4420062086666667 0
-1.4415472703333334 0
-1.441088332 0
-1.4406293936666668 0
-1.4401704553333334 0
-1.439711517 0
-1.4461325150000002 0
-1.452553513 0
-1.458974511 0
-1.4653955090000002 0
-1.471816507 0
-1.478237505 0
-1.4846585030000001 0
-1.491079501 0
-1.497500499 0
-1.503921497 0
-1.510342495 0
-1.516763493 0
-1.515906393 0
-1.5150492930000001 0
-1.514192193 0
-1.513335093 0
-1.512477993 0
-1.511620893 0
-1.510763793 0
-1.509906693 0
-1.509049593 0
-1.5081924930000001 0
-1.507335393 0
-1.506478293 0
-1.5016240815833333 0
-1.4967698701666667 0
-1.49191565875 0
-1.4870614473333335 0
-1.4822072359166667 0
-1.4773530245000002 0
-1.4724988130833334 0
-1.4676446016666667 0
-1.4627903902500001 0
-1.4579361788333334 0
-1.4530819674166668 0
-1.448227756 0
-1.4470643209166667 0
-1.4459008858333333 0
-1.44473745075 0
-1.4435740156666668 0
-1.4424105805833334 0
-1.4412471455 0
-1.4400837104166666 0
-1.4389202753333332 0
-1.43775684025 0
-1.4365934051666667 0
-1.4354299700833333 0
-1.434266535 0
-1.4400994278333332 0
-1.4459323206666665 0
-1.4517652134999999 0
-1.4575981063333332 0
-1.4634309991666665 0
-1.4692638919999998 0
-1.4750967848333334 0
-1.4809296776666667 0
-1.4867625705 0
-1.4925954633333334 0
-1.4984283561666667 0
-1.504261249 0
-1.5015756055 0
-1.498889962 0
-1.4962043185 0
-1.493518675 0
-1.4908330315 0
-1.488147388 0
-1.4854617445 0
-1.482776101 0
-1.4800904575 0
-1.477404814 0
-1.4747191705 0
-1.472033527 0
-1.4692827385833334 0
-1.4665319501666667 0
-1.46378116175 0
-1.4610303733333334 0
-1.4582795849166668 0
-1.4555287964999999 0
-1.4527780080833332 0
-1.4500272196666666 0
-1.44727643125 0
-1.4445256428333333 0
-1.4417748544166666 0
-1.439024066 0
-1.4400937501666666 0
-1.4411634343333333 0
-1.4422331185 0
-1.4433028026666666 0
-1.4443724868333332 0
-1.4454421709999998 0
-1.4465118551666667 0
-1.4475815393333333 0
-1.4486512235 0
-1.4497209076666666 0
-1.4507905918333333 0
-1.451860276 0
-1.4525384205833332 0
-1.4532165651666666 0
-1.45389470975 0
-1.4545728543333332 0
-1.4552509989166666 0
-1.4559291435 0
-1.4566072880833332 0
-1.4572854326666667 0
-1.45796357725 0
-1.4586417218333332 0
-1.4593198664166667 0
-1.459998011 0
-1.4601819496666666 0
-1.4603658883333333 0
-1.460549827 0
-1.4607337656666666 0
-1.4609177043333332 0
-1.4611016430000001 0
-1.4612855816666668 0
-1.4614695203333334 0
-1.461653459 0
-1.4618373976666668 0
-1.4620213363333334 0
-1.462205275 0
-1.4620634439166666 0
-1.4619216128333334 0
-1.46177978175 0
-1.4616379506666668 0
-1.4614961195833334 0
-1.4613542885 0
-1.4612124574166667 0
-1.4610706263333333 0
-1.46092879525 0
-1.4607869641666666 0
-1.4606451330833334 0
-1.460503302 0
-1.455184039 0
-1.449864776 0
-1.444545513 0
-1.43922625 0
-1.433906987 0
-1.428587724 0
-1.423268461 0
-1.417949198 0
-1.412629935 0
-1.407310672 0
-1.401991409 0
-1.396672146 0
-1.39823155025 0
-1.3997909545 0
-1.40135035875 0
-1.402909763 0
-1.40446916725 0
-1.4060285715 0
-1.40758797575 0
-1.40914738 0
-1.41070678425 0
-1.4122661885 0
-1.41382559275 0
-1.415384997 0
-1.422604932 0
-1.429824867 0
-1.437044802 0
-1.4442647370000001 0
-1.451484672 0
-1.458704607 0
-1.465924542 0
-1.473144477 0
-1.4803644120000001 0
-1.487584347 0
-1.494804282 0
-1.502024217 0
-1.4944339484166667 0
-1.4868436798333333 0
-1.47925341125 0
-1.4716631426666666 0
-1.4640728740833333 0
-1.4564826055 0
-1.4488923369166666 0
-1.4413020683333333 0
-1.43371179975 0
-1.4261215311666666 0
-1.4185312625833333 0
-1.410940994 0
-1.4066360876666666 0
-1.4023311813333332 0
-1.3980262749999999 0
-1.3937213686666667 0
-1.3894164623333334 0
-1.385111556 0
-1.3808066496666667 0
-1.3765017433333333 0
-1.3721968370000002 0
-1.3678919306666668 0
-1.3635870243333335 0
-1.359282118 0
-1.3644581120833335 0
-1.3696341061666668 0
-1.37481010025 0
-1.3799860943333333 0
-1.3851620884166667 0
-1.3903380825 0
-1.3955140765833334 0
-1.4006900706666667 0
-1.40586606475 0
-1.4110420588333332 0
-1.4162180529166666 0
-1.421394047 0
-1.4236164291666666 0
-1.4258388113333333 0
-1.4280611935 0
-1.4302835756666665 0
-1.4325059578333332 0
-1.43472834 0
-1.4369507221666666 0
-1.4391731043333333 0
-1.4413954864999998 0
-1.4436178686666665 0
-1.4458402508333332 0
-1.448062633 0
-1.44372524475 0
-1.4393878565 0
-1.43505046825 0
-1.4307130799999999 0
-1.42637569175 0
-1.4220383035 0
-1.41770091525 0
-1.413363527 0
-1.4090261387499998 0
-1.4046887504999999 0
-1.40035136225 0
-1.396013974 0
-1.3906700361666666 0
-1.3853260983333333 0
-1.3799821605 0
-1.3746382226666667 0
-1.3692942848333334 0
-1.3639503469999998 0
-1.3586064091666665 0
-1.3532624713333332 0
-1.3479185335 0
-1.3425745956666666 0
-1.3372306578333333 0
-1.33188672 0
-1.3369532796666665 0
-1.3420198393333334 0
-1.347086399 0
-1.3521529586666667 0
-1.3572195183333333 0
-1.362286078 0
-1.3673526376666667 0
-1.3724191973333333 0
-1.377485757 0
-1.3825523166666667 0
-1.3876188763333335 0
-1.392685436 0
-1.3976067495833333 0
-1.4025280631666668 0
-1.40744937675 0
-1.4123706903333333 0
-1.4172920039166668 0
-1.4222133175 0
-1.4271346310833333 0
-1.4320559446666667 0
-1.43697725825 0
-1.4418985718333333 0
-1.4468198854166667 0
-1.451741199 0
-1.4410451335833334 0
-1.4303490681666666 0
-1.41965300275 0
-1.4089569373333333 0
-1.3982608719166667 0
-1.3875648065 0
-1.3768687410833333 0
-1.3661726756666668 0
-1.35547661025 0
-1.3447805448333334 0
-1.3340844794166666 0
-1.323388414 0
-1.3229910523333335 0
-1.3225936906666667 0
-1.322196329 0
-1.3217989673333335 0
-1.3214016056666666 0
-1.321004244 0
-1.3206068823333335 0
-1.3202095206666666 0
-1.319812159 0
-1.3194147973333334 0
-1.3190174356666666 0
-1.318620074 0
-1.3246353555000001 0
-1.330650637 0
-1.3366659185 0
-1.3426812000000001 0
-1.3486964815 0
-1.354711763 0
-1.3607270445000001 0
-1.366742326 0
-1.3727576075 0
-1.3787728890000002 0
-1.3847881705 0
-1.390803452 0
-1.3888009499166667 0
-1.3867984478333335 0
-1.38479594575 0
-1.3827934436666667 0
-1.3807909415833335 0
-1.3787884395 0
-1.3767859374166667 0
-1.3747834353333335 0
-1.37278093325 0
-1.3707784311666666 0
-1.3687759290833335 0
-1.366773427 0
-1.3638781568333334 0
-1.3609828866666667 0
-1.3580876165 0
-1.3551923463333333 0
-1.3522970761666666 0
-1.349401806 0
-1.3465065358333335 0
-1.3436112656666668 0
-1.3407159955 0
-1.3378207253333334 0
-1.3349254551666667 0
-1.332030185 0
-1.32807153575 0
-1.3241128865 0
-1.3201542372500001 0
-1.316195588 0
-1.31223693875 0
-1.3082782895 0
-1.3043196402500001 0
-1.300360991 0
-1.29640234175 0
-1.2924436925 0
-1.2884850432500001 0
-1.284526394 0
-1.2894697074166668 0
-1.2944130208333333 0
-1.29935633425 0
-1.3042996476666666 0
-1.3092429610833334 0
-1.3141862745 0
-1.3191295879166667 0
-1.3240729013333334 0
-1.32901621475 0
-1.3339595281666667 0
-1.3389028415833333 0
-1.343846155 0
-1.3417260826666668 0
-1.3396060103333334 0
-1.337485938 0
-1.3353658656666667 0
-1.3332457933333335 0
-1.331125721 0
-1.3290056486666666 0
-1.3268855763333334 0
-1.3247655040000001 0
-1.3226454316666667 0
-1.3205253593333333 0
-1.318405287 0
-1.3155391555833333 0
-1.3126730241666666 0
-1.30980689275 0
-1.3069407613333333 0
-1.3040746299166666 0
-1.3012084984999999 0
-1.2983423670833334 0
-1.2954762356666667 0
-1.29261010425 0
-1.2897439728333333 0
-1.2868778414166666 0
-1.28401171 0
-1.2842054070833333 0
-1.2843991041666665 0
-1.2845928012499999 0
-1.2847864983333332 0
-1.2849801954166666 0
-1.2851738925 0
-1.2853675895833332 0
-1.2855612866666666 0
-1.28575498375 0
-1.2859486808333331 0
-1.2861423779166665 0
-1.286336075 0
-1.2866422835 0
-1.286948492 0
-1.2872547005 0
-1.287560909 0
-1.2878671175 0
-1.2881733260000001 0
-1.2884795345 0
-1.288785743 0
-1.2890919515 0
-1.2893981600000002 0
-1.2897043685 0
-1.290010577 0
-1.28871956475 0
-1.2874285525000002 0
-1.2861375402500002 0
-1.284846528 0
-1.28355551575 0
-1.2822645035 0
-1.2809734912500002 0
-1.279682479 0
-1.27839146675 0
-1.2771004545000002 0
-1.2758094422500001 0
-1.27451843 0
-1.2745994491666668 0
-1.2746804683333335 0
-1.2747614875000002 0
-1.2748425066666667 0
-1.2749235258333333 0
-1.275004545 0
-1.2750855641666667 0
-1.2751665833333334 0
-1.2752476025 0
-1.2753286216666666 0
-1.2754096408333333 0
-1.27549066 0
-1.2728649181666667 0
-1.2702391763333334 0
-1.2676134345 0
-1.2649876926666668 0
-1.2623619508333335 0
-1.2597362090000002 0
-1.2571104671666666 0
-1.2544847253333333 0
-1.2518589835 0
-1.2492332416666667 0
-1.2466074998333334 0
-1.243981758 0
-1.2433804971666667 0
-1.2427792363333334 0
-1.2421779755000002 0
-1.2415767146666667 0
-1.2409754538333333 0
-1.240374193 0
-1.2397729321666668 0
-1.2391716713333334 0
-1.2385704105 0
-1.2379691496666667 0
-1.2373678888333335 0
-1.236766628 0
-1.2368233245 0
-1.236880021 0
-1.2369367175 0
-1.236993414 0
-1.2370501105 0
-1.237106807 0
-1.2371635035 0
-1.2372201999999999 0
-1.2372768965 0
-1.237333593 0
-1.2373902895 0
-1.237446986 0
-1.2373368955 0
-1.237226805 0
-1.2371167145 0
-1.237006624 0
-1.2368965335 0
-1.236786443 0
-1.2366763525 0
-1.236566262 0
-1.2364561715 0
-1.236346081 0
-1.2362359905 0
-1.2361259 0
-1.2339103871666666 0
-1.2316948743333334 0
-1.2294793615 0
-1.2272638486666667 0
-1.2250483358333333 0
-1.222832823 0
-1.2206173101666666 0
-1.2184017973333332 0
-1.2161862845 0
-1.2139707716666666 0
-1.2117552588333333 0
-1.209539746 0
-1.2108940234166665 0
-1.2122483008333333 0
-1.21360257825 0
-1.2149568556666666 0
-1.2163111330833334 0
-1.2176654105 0
-1.2190196879166666 0
-1.2203739653333334 0
-1.22172824275 0
-1.2230825201666666 0
-1.2244367975833335 0
-1.225791075 0
-1.2223437106666668 0
-1.2188963463333333 0
-1.215448982 0
-1.2120016176666668 0
-1.2085542533333333 0
-1.205106889 0
-1.2016595246666668 0
-1.1982121603333333 0
-1.194764796 0
-1.1913174316666668 0
-1.1878700673333333 0
-1.184422703 0
-1.18653433125 0
-1.1886459595 0
-1.19075758775 0
-1.192869216 0
-1.19498084425 0
-1.1970924725 0
-1.19920410075 0
-1.201315729 0
-1.20342735725 0
-1.2055389855 0
-1.20765061375 0
-1.209762242 0
-1.2066010908333333 0
-1.2034399396666666 0
-1.2002787885 0
-1.1971176373333334 0
-1.1939564861666667 0
-1.190795335 0
-1.1876341838333333 0
-1.1844730326666666 0
-1.1813118815 0
-1.1781507303333334 0
-1.1749895791666667 0
-1.171828428 0
-1.1706819166666667 0
-1.1695354053333333 0
-1.168388894 0
-1.1672423826666667 0
-1.1660958713333334 0
-1.16494936 0
-1.1638028486666665 0
-1.1626563373333332 0
-1.1615098259999999 0
-1.1603633146666665 0
-1.1592168033333332 0
-1.158070292 0
-1.1590668981666665 0
-1.1600635043333332 0
-1.1610601104999998 0
-1.1620567166666667 0
-1.1630533228333333 0
-1.164049929 0
-1.1650465351666666 0
-1.1660431413333332 0
-1.1670397475 0
-1.1680363536666667 0
-1.1690329598333333 0
-1.170029566 0
-1.1726654856666667 0
-1.1753014053333333 0
-1.177937325 0
-1.1805732446666666 0
-1.1832091643333333 0
-1.1858450839999999 0
-1.1884810036666666 0
-1.1911169233333334 0
-1.193752843 0
-1.1963887626666667 0
-1.1990246823333333 0
-1.201660602 0
-1.1939305426666666 0
-1.1862004833333333 0
-1.178470424 0
-1.1707403646666668 0
-1.1630103053333334 0
-1.155280246 0
-1.1475501866666666 0
-1.1398201273333333 0
-1.1320900680000001 0
-1.1243600086666667 0
-1.1166299493333334 0
-1.10889989 0
-1.1121932780833332 0
-1.1154866661666667 0
-1.11878005425 0
-1.1220734423333334 0
-1.1253668304166666 0
-1.1286602184999999 0
-1.1319536065833333 0
-1.1352469946666666 0
-1.13854038275 0
-1.1418337708333333 0
-1.1451271589166667 0
-1.148420547 0
-1.1480266204166667 0
-1.1476326938333332 0
-1.14723876725 0
-1.1468448406666667 0
-1.1464509140833332 0
-1.1460569875 0
-1.1456630609166667 0
-1.1452691343333332 0
-1.14487520775 0
-1.1444812811666667 0
-1.1440873545833332 0
-1.143693428 0
-1.14129478825 0
-1.1388961485 0
-1.13649750875 0
-1.134098869 0
-1.13170022925 0
-1.1293015894999998 0
-1.1269029497499998 0
-1.1245043099999998 0
-1.1221056702499999 0
-1.1197070304999999 0
-1.1173083907499999 0
-1.114909751 0
-1.11547504825 0
-1.1160403454999999 0
-1.11660564275 0
-1.1171709399999998 0
-1.11773623725 0
-1.1183015345 0
-1.11886683175 0
-1.119432129 0
-1.1199974262499999 0
-1.1205627235 0
-1.1211280207499998 0
-1.121693318 0
-1.1204011229166666 0
-1.1191089278333333 0
-1.11781673275 0
-1.1165245376666666 0
-1.1152323425833333 0
-1.1139401475 0
-1.1126479524166666 0
-1.1113557573333332 0
-1.11006356225 0
-1.1087713671666666 0
-1.1074791720833332 0
-1.106186977 0
-1.1098331952499998 0
-1.1134794135 0
-1.11712563175 0
-1.12077185 0
-1.1244180682499998 0
-1.1280642865 0
-1.13171050475 0
-1.135356723 0
-1.1390029412499998 0
-1.1426491595 0
-1.14629537775 0
-1.149941596 0
-1.13398838825 0
-1.1180351805 0
-1.10208197275 0
-1.086128765 0
-1.07017555725 0
-1.0542223494999998 0
-1.0382691417499998 0
-1.0223159339999999 0
-1.00636272625 0
-0.9904095184999999 0
-0.9744563107499999 0
-0.958503103 0
