11.007928568095238
11.019523806190476
11.031119044285715
11.042714282380953
11.05430952047619
11.065904758571428
11.077499996666665
11.089095234761905
11.100690472857142
11.11228571095238
11.1265416635
11.1434583305
11.1603749975
11.177291664499998
11.194208331499999
11.211124998499999
11.2280416655
11.2449583325
11.2618749995
11.2787916665
11.2989083335
11.3222250005
11.3455416675
11.3688583345
11.3921750015
11.4154916685
11.4388083355
11.462125002499999
11.4854416695
11.5087583365
11.532870836499999
11.5577791695
11.582687502499999
11.6075958355
11.6325041685
11.6574125015
11.6823208345
11.7072291675
11.7321375005
11.757045833500001
