10.99633333 11.7695
11.002777775 11.768638889166667
11.00922222 11.767777778333334
11.015666665000001 11.7669166675
11.02211111 11.766055556666668
11.028555555 11.765194445833334
11.035 11.764333335
11.041444445 11.763472224166668
11.04788889 11.762611113333334
11.054333335 11.761750002500001
11.06077778 11.760888891666667
11.067222225 11.760027780833335
11.07366667 11.75916667
11.074833336666666 11.759340280833333
11.076000003333334 11.759513891666668
11.07716667 11.7596875025
11.078333336666667 11.759861113333335
11.079500003333333 11.760034724166667
11.08066667 11.760208335000002
11.081833336666667 11.760381945833334
11.083000003333334 11.760555556666667
11.08416667 11.760729167500001
11.085333336666668 11.760902778333334
11.086500003333335 11.761076389166668
11.08766667 11.76125
11.086590280833335 11.761701389166667
11.085513891666668 11.762152778333334
11.0844375025 11.762604167500001
11.083361113333334 11.763055556666666
11.082284724166668 11.763506945833333
11.081208335 11.763958335
11.080131945833333 11.764409724166667
11.079055556666667 11.764861113333334
11.0779791675 11.765312502499999
11.076902778333334 11.765763891666666
11.075826389166666 11.766215280833332
11.07475 11.76666667
11.0742777775 11.766930558333332
11.073805555 11.767194446666666
11.0733333325 11.767458335
11.07286111 11.767722223333333
11.0723888875 11.767986111666666
11.071916665 11.76825
11.0714444425 11.768513888333334
11.07097222 11.768777776666667
11.0704999975 11.769041665
11.070027775 11.769305553333334
11.0695555525 11.769569441666668
11.06908333 11.76983333
11.06620833 11.769874996666667
11.063333329999999 11.769916663333333
11.06045833 11.769958330000001
11.05758333 11.769999996666668
11.05470833 11.770041663333334
11.051833330000001 11.77008333
11.04895833 11.770124996666667
11.04608333 11.770166663333333
11.04320833 11.770208329999999
11.04033333 11.770249996666667
11.03745833 11.770291663333333
11.03458333 11.77033333
11.039326385833334 11.770097219166667
11.044069441666666 11.769861108333334
11.0488124975 11.7696249975
11.053555553333334 11.769388886666666
11.058298609166666 11.769152775833334
11.063041665 11.768916664999999
11.067784720833334 11.768680554166666
11.072527776666666 11.768444443333333
11.0772708325 11.7682083325
11.082013888333334 11.767972221666668
11.086756944166666 11.767736110833333
11.0915 11.7675
11.124486110833333 11.767173610833334
11.157472221666666 11.766847221666666
11.1904583325 11.7665208325
11.223444443333333 11.766194443333333
11.256430554166666 11.765868054166667
11.289416665000001 11.765541665
11.322402775833334 11.765215275833333
11.355388886666667 11.764888886666666
11.3883749975 11.7645624975
11.421361108333333 11.764236108333332
11.454347219166667 11.763909719166666
11.48733333 11.76358333
11.515305552500001 11.764749996666666
11.543277775 11.765916663333332
11.5712499975 11.76708333
11.59922222 11.768249996666666
11.6271944425 11.769416663333333
11.655166665 11.770583330000001
11.6831388875 11.771749996666667
11.711111110000001 11.772916663333334
11.7390833325 11.77408333
11.767055555 11.775249996666666
11.7950277775 11.776416663333334
11.823 11.77758333
11.824805555833334 11.780916663333334
11.826611111666667 11.784249996666667
11.8284166675 11.78758333
11.830222223333333 11.790916663333334
11.832027779166667 11.794249996666666
11.833833335000001 11.79758333
11.835638890833334 11.800916663333334
11.837444446666668 11.804249996666666
11.8392500025 11.80758333
11.841055558333334 11.810916663333334
11.842861114166666 11.814249996666666
11.84466667 11.81758333
11.831770836666667 11.821527775
11.818875003333334 11.82547222
11.80597917 11.829416665
11.793083336666667 11.83336111
11.780187503333334 11.837305555
11.76729167 11.841249999999999
11.754395836666667 11.845194444999999
11.741500003333334 11.849138889999999
11.72860417 11.853083334999999
11.715708336666667 11.85702778
11.702812503333334 11.860972225
11.68991667 11.86491667
11.65416667 11.867847225
11.61841667 11.87077778
11.58266667 11.873708335
11.54691667 11.876638889999999
11.51116667 11.879569445
11.475416670000001 11.8825
11.439666670000001 11.885430555
11.403916670000001 11.88836111
11.36816667 11.891291664999999
11.33241667 11.89422222
11.29666667 11.897152774999999
11.26091667 11.90008333
11.213493058333334 11.900604163333332
11.166069446666667 11.901124996666667
11.118645835 11.90164583
11.071222223333333 11.902166663333333
11.023798611666667 11.902687496666667
10.976375 11.90320833
10.928951388333333 11.903729163333333
10.881527776666667 11.904249996666667
10.834104165 11.90477083
10.786680553333333 11.905291663333333
10.739256941666666 11.905812496666668
10.69183333 11.90633333
10.6468055525 11.903381941666668
10.601777775 11.900430553333333
10.556749997499999 11.897479165
10.51172222 11.894527776666667
10.4666944425 11.891576388333334
10.421666665 11.888625000000001
10.3766388875 11.885673611666666
10.33161111 11.882722223333333
10.286583332500001 11.879770835
10.241555555 11.876819446666666
10.1965277775 11.873868058333333
10.1515 11.87091667
10.1599722225 11.86460417
10.168444445 11.85829167
10.1769166675 11.85197917
10.18538889 11.84566667
10.1938611125 11.83935417
10.202333335 11.83304167
10.2108055575 11.82672917
10.21927778 11.82041667
10.2277500025 11.81410417
10.236222225 11.80779167
10.2446944475 11.80147917
10.25316667 11.79516667
10.3298819475 11.7880694475
10.406597225 11.780972225000001
10.4833125025 11.7738750025
10.56002778 11.76677778
10.6367430575 11.759680557500001
10.713458335 11.752583335
10.7901736125 11.7454861125
10.86688889 11.738388890000001
10.9436041675 11.7312916675
11.020319445 11.724194445
11.0970347225 11.717097222500001
11.17375 11.71
11.217513889166666 11.707451389166668
11.261277778333334 11.704902778333334
11.3050416675 11.702354167500001
11.348805556666667 11.699805556666668
11.392569445833333 11.697256945833335
11.436333335 11.694708335000001
11.480097224166666 11.692159724166666
11.523861113333332 11.689611113333333
11.5676250025 11.6870625025
11.611388891666666 11.684513891666667
11.655152780833333 11.681965280833333
11.69891667 11.67941667
11.698958336666665 11.681958336666668
11.699000003333332 11.684500003333333
11.69904167 11.68704167
11.699083336666666 11.689583336666667
11.699125003333332 11.692125003333334
11.69916667 11.69466667
11.699208336666667 11.697208336666666
11.699250003333333 11.699750003333333
11.69929167 11.702291670000001
11.699333336666665 11.704833336666667
11.699375003333333 11.707375003333333
11.69941667 11.70991667
11.656465280833332 11.713993058333333
11.613513891666667 11.718069446666666
11.5705625025 11.722145835
11.527611113333332 11.726222223333334
11.484659724166667 11.730298611666667
11.441708335 11.734375
11.398756945833332 11.738451388333333
11.355805556666667 11.742527776666666
11.3128541675 11.746604165
11.269902778333332 11.750680553333334
11.226951389166667 11.754756941666667
11.184 11.75883333
11.1314722225 11.760624996666667
11.078944445 11.762416663333333
11.0264166675 11.764208329999999
10.97388889 11.765999996666666
10.9213611125 11.767791663333334
10.868833335 11.76958333
10.8163055575 11.771374996666665
10.76377778 11.773166663333333
10.7112500025 11.77495833
10.658722225 11.776749996666666
10.6061944475 11.778541663333332
10.55366667 11.78033333
10.509180558333334 11.777951385833333
10.464694446666666 11.775569441666667
10.420208335 11.7731874975
10.375722223333334 11.770805553333332
10.331236111666668 11.768423609166666
10.286750000000001 11.766041665
10.242263888333333 11.763659720833333
10.197777776666667 11.761277776666667
10.153291665000001 11.758895832499999
10.108805553333333 11.756513888333332
10.064319441666667 11.754131944166666
10.01983333 11.75175
10.00958333025 11.745645833333333
9.9993333305 11.739541666666666
9.98908333075 11.733437499999999
9.978833331 11.727333333333332
9.96858333125 11.721229166666665
9.9583333315 11.715125
9.94808333175 11.709020833333334
9.937833332 11.702916666666667
9.92758333225 11.6968125
9.9173333325 11.690708333333333
9.90708333275 11.684604166666666
9.896833333 11.6785
9.925673611083333 11.6709097225
9.954513889166666 11.663319444999999
9.983354167249999 11.655729167499999
10.012194445333334 11.64813889
10.041034723416667 11.6405486125
10.0698750015 11.632958335
10.098715279583333 11.6253680575
10.127555557666666 11.617777779999999
10.15639583575 11.6101875025
10.185236113833334 11.602597225
10.214076391916667 11.5950069475
10.24291667 11.58741667
10.300187503333333 11.581659725
10.357458336666667 11.57590278
10.41472917 11.570145835
10.472000003333333 11.56438889
10.529270836666667 11.558631945
10.586541669999999 11.552875
10.643812503333333 11.547118055
10.701083336666667 11.54136111
10.75835417 11.535604165
10.815625003333334 11.52984722
10.872895836666666 11.524090275
10.93016667 11.51833333
10.977652780833333 11.516791663333334
11.025138891666668 11.515249996666668
11.0726250025 11.51370833
11.120111113333333 11.512166663333334
11.167597224166666 11.510624996666667
11.215083335 11.50908333
11.262569445833334 11.507541663333333
11.310055556666667 11.505999996666667
11.3575416675 11.50445833
11.405027778333334 11.502916663333334
11.452513889166667 11.501374996666666
11.5 11.49983333
11.518993055833333 11.5028680525
11.537986111666667 11.505902775
11.5569791675 11.5089374975
11.575972223333334 11.51197222
11.594965279166667 11.5150069425
11.613958335 11.518041665
11.632951390833334 11.5210763875
11.651944446666667 11.52411111
11.670937502500001 11.5271458325
11.689930558333334 11.530180555000001
11.708923614166668 11.5332152775
11.72791667 11.53625
11.721597225 11.541416666666667
11.715277780000001 11.546583333333334
11.708958335 11.55175
11.702638890000001 11.556916666666668
11.696319445 11.562083333333334
11.690000000000001 11.567250000000001
11.683680555 11.572416666666667
11.67736111 11.577583333333333
11.671041665 11.58275
11.66472222 11.587916666666667
11.658402775 11.593083333333334
11.65208333 11.59825
11.637687496666667 11.603131944166666
11.623291663333333 11.608013888333334
11.60889583 11.6128958325
11.594499996666666 11.617777776666667
11.580104163333333 11.622659720833333
11.56570833 11.627541664999999
11.551312496666666 11.632423609166667
11.536916663333333 11.637305553333332
11.52252083 11.6421874975
11.508124996666666 11.647069441666666
11.493729163333333 11.651951385833334
11.47933333 11.65683333
11.460479163333332 11.660027775
11.441624996666667 11.66322222
11.42277083 11.666416665
11.403916663333334 11.66961111
11.385062496666666 11.672805555
11.36620833 11.676
11.347354163333334 11.679194445
11.328499996666666 11.68238889
11.309645830000001 11.685583335
11.290791663333334 11.68877778
11.271937496666668 11.691972225
11.25308333 11.69516667
11.240902775 11.696437503333334
11.228722220000002 11.697708336666668
11.216541665000001 11.698979170000001
11.20436111 11.700250003333334
11.192180555 11.701520836666667
11.18 11.70279167
11.167819445000001 11.704062503333335
11.15563889 11.705333336666667
11.143458335 11.70660417
11.131277780000001 11.707875003333335
11.119097225 11.709145836666668
11.10691667 11.71041667
11.11697917 11.71004167
11.12704167 11.70966667
11.13710417 11.70929167
11.14716667 11.70891667
11.15722917 11.70854167
11.167291670000001 11.70816667
11.17735417 11.70779167
11.18741667 11.70741667
11.19747917 11.70704167
11.20754167 11.70666667
11.21760417 11.70629167
11.22766667 11.70591667
11.272916669999999 11.705381947500001
11.31816667 11.704847225
11.36341667 11.7043125025
11.40866667 11.703777780000001
11.45391667 11.7032430575
11.499166670000001 11.702708335
11.54441667 11.702173612500001
11.58966667 11.70163889
11.63491667 11.7011041675
11.68016667 11.700569445000001
11.725416670000001 11.7000347225
11.77066667 11.6995
11.796173614166667 11.7012847225
11.821680558333334 11.703069445
11.8471875025 11.7048541675
11.872694446666667 11.70663889
11.898201390833334 11.7084236125
11.923708335 11.710208335
11.949215279166667 11.711993057499999
11.974722223333334 11.71377778
12.0002291675 11.7155625025
12.025736111666667 11.717347225
12.051243055833334 11.7191319475
12.07675 11.72091667
12.071493055833333 11.725236114166666
12.066236111666667 11.729555558333333
12.060979167500001 11.7338750025
12.055722223333333 11.738194446666666
12.050465279166666 11.742513890833333
12.045208335 11.746833335
12.039951390833334 11.751152779166667
12.034694446666666 11.755472223333333
12.029437502499999 11.7597916675
12.024180558333333 11.764111111666667
12.018923614166667 11.768430555833334
12.01366667 11.77275
11.990611114166667 11.77725
11.967555558333332 11.78175
11.9445000025 11.78625
11.921444446666666 11.790750000000001
11.898388890833333 11.795250000000001
11.875333335 11.79975
11.852277779166666 11.80425
11.829222223333334 11.80875
11.8061666675 11.81325
11.783111111666667 11.81775
11.760055555833333 11.82225
11.737 11.82675
11.6950347225 11.829506944166667
11.653069445 11.832263888333333
11.6111041675 11.8350208325
11.56913889 11.837777776666668
11.5271736125 11.840534720833334
11.485208335 11.843291665
11.4432430575 11.846048609166667
11.401277780000001 11.848805553333333
11.3593125025 11.851562497500002
11.317347225 11.854319441666668
11.2753819475 11.857076385833334
11.23341667 11.85983333
11.177583336666666 11.859513885833334
11.121750003333334 11.859194441666666
11.06591667 11.858874997500001
11.010083336666668 11.858555553333334
10.954250003333334 11.858236109166667
10.89841667 11.857916665000001
10.842583336666667 11.857597220833334
10.786750003333333 11.857277776666667
10.730916670000001 11.8569583325
10.675083336666667 11.856638888333332
10.619250003333335 11.856319444166667
10.56341667 11.856
10.534743058333333 11.851736110833333
10.506069446666666 11.847472221666667
10.477395835 11.8432083325
10.448722223333334 11.838944443333332
10.420048611666667 11.834680554166667
10.391375 11.830416665
10.362701388333333 11.826152775833332
10.334027776666666 11.821888886666667
10.305354165 11.8176249975
10.276680553333334 11.813361108333332
10.248006941666667 11.809097219166667
10.21933333 11.80483333
10.227604163333332 11.797756941666666
10.235874996666666 11.790680553333333
10.244145829999999 11.783604165
10.252416663333333 11.776527776666667
10.260687496666666 11.769451388333334
10.26895833 11.762374999999999
10.277229163333333 11.755298611666666
10.285499996666665 11.748222223333332
10.29377083 11.741145835
10.302041663333332 11.734069446666666
10.310312496666667 11.726993058333333
10.31858333 11.71991667
10.366652774999999 11.713020836666667
10.41472222 11.706125003333334
10.462791665 11.699229169999999
10.510861109999999 11.692333336666666
10.558930555 11.685437503333333
10.607 11.67854167
10.655069444999999 11.671645836666666
10.70313889 11.664750003333333
10.751208335 11.65785417
10.799277779999999 11.650958336666665
10.847347225 11.644062503333332
10.89541667 11.63716667
10.9121944475 11.633680558333333
10.928972224999999 11.630194446666666
10.9457500025 11.626708335
10.96252778 11.623222223333332
10.9793055575 11.619736111666667
10.996083335 11.61625
11.0128611125 11.612763888333333
11.02963889 11.609277776666667
11.0464166675 11.605791665
11.063194445 11.602305553333334
11.0799722225 11.598819441666667
11.09675 11.59533333
11.070958333333333 11.594986108333334
11.045166666666667 11.594638886666667
11.019375 11.594291665
10.993583333333333 11.593944443333333
10.967791666666667 11.593597221666666
10.942 11.593250000000001
10.916208333333334 11.592902778333334
10.890416666666667 11.592555556666667
10.864625 11.592208335
10.838833333333334 11.591861113333334
10.813041666666667 11.591513891666667
10.78725 11.59116667
10.724180555833334 11.590604169999999
10.661111111666667 11.59004167
10.5980416675 11.58947917
10.534972223333334 11.58891667
10.471902779166667 11.588354169999999
10.408833335 11.58779167
10.345763890833332 11.58722917
10.282694446666666 11.58666667
10.219625002499999 11.586104169999999
10.156555558333332 11.58554167
10.093486114166666 11.58497917
10.03041667 11.58441667
9.9718819475 11.580312503333333
9.913347224999999 11.576208336666667
9.8548125025 11.57210417
9.796277779999999 11.568000003333333
9.7377430575 11.563895836666667
9.679208334999998 11.55979167
9.6206736125 11.555687503333333
9.56213889 11.551583336666667
9.503604167499999 11.54747917
9.445069445 11.543375003333335
9.386534722499999 11.539270836666667
9.328 11.53516667
9.2779375 11.526729170000001
9.227875 11.51829167
9.1778125 11.50985417
9.127749999999999 11.501416670000001
9.0776875 11.49297917
9.027625 11.48454167
8.9775625 11.476104170000001
8.9275 11.46766667
8.8774375 11.45922917
8.827375 11.450791670000001
8.777312499999999 11.44235417
8.72725 11.43391667
8.686854166666667 11.422180558333334
8.646458333333333 11.410444446666666
8.6060625 11.398708335
8.565666666666667 11.386972223333334
8.525270833333334 11.375236111666666
8.484874999999999 11.3635
8.444479166666666 11.351763888333334
8.404083333333332 11.340027776666666
8.3636875 11.328291665
8.323291666666666 11.316555553333334
8.282895833333333 11.304819441666666
8.2425 11.29308333
8.25715972225 11.279423608333333
8.2718194445 11.265763886666667
8.28647916675 11.252104165
8.301138889 11.238444443333334
8.31579861125 11.224784721666667
8.330458333500001 11.211125
8.34511805575 11.197465278333333
8.359777778 11.183805556666666
8.37443750025 11.170145835
8.3890972225 11.156486113333333
8.40375694475 11.142826391666667
8.418416667 11.12916667
8.493250000333333 11.116430558333333
8.568083333666667 11.103694446666667
8.642916667000001 11.090958335
8.717750000333334 11.078222223333333
8.792583333666666 11.065486111666667
8.867416667 11.05275
8.942250000333335 11.040013888333332
9.017083333666667 11.027277776666667
9.091916667 11.014541665
9.166750000333334 11.001805553333332
9.241583333666668 10.989069441666667
9.316416667 10.97633333
9.357576389166667 10.96927083
9.398736111333333 10.96220833
9.4398958335 10.95514583
9.481055555666668 10.94808333
9.522215277833334 10.94102083
9.563375 10.93395833
9.604534722166667 10.92689583
9.645694444333333 10.91983333
9.686854166500002 10.91277083
9.728013888666668 10.90570833
9.769173610833334 10.89864583
9.810333333 10.89158333
9.81255555525 10.890076385833332
9.814777777500002 10.888569441666666
9.816999999750001 10.8870624975
9.819222222 10.885555553333333
9.82144444425 10.884048609166665
9.8236666665 10.882541665
9.82588888875 10.881034720833334
9.828111111 10.879527776666666
9.83033333325 10.878020832499999
9.8325555555 10.876513888333333
9.83477777775 10.875006944166667
9.837 10.8735
9.793298611083333 10.873944444166666
9.749597222166667 10.874388888333334
9.70589583325 10.8748333325
9.662194444333332 10.875277776666668
9.618493055416666 10.875722220833334
9.5747916665 10.876166665
9.531090277583333 10.876611109166667
9.487388888666667 10.877055553333333
9.443687499749998 10.877499997500001
9.399986110833332 10.877944441666667
9.356284721916666 10.878388885833335
9.312583333 10.87883333
9.266583333 10.877381941666668
9.220583332999999 10.875930553333333
9.174583333 10.874479165
9.128583333 10.873027776666667
9.082583332999999 10.871576388333335
9.036583333 10.870125000000002
8.990583333 10.868673611666667
8.944583332999999 10.867222223333334
8.898583333 10.865770835000001
8.852583333 10.864319446666666
8.806583332999999 10.862868058333333
8.760583333 10.86141667
8.718562499666666 10.856388891666667
8.676541666333334 10.851361113333335
8.634520833 10.846333335
8.592499999666666 10.841305556666667
8.550479166333334 10.836277778333335
8.508458333 10.83125
8.466437499666666 10.826222221666667
8.424416666333334 10.821194443333335
8.382395833 10.816166665
8.340374999666667 10.811138886666667
8.298354166333334 10.806111108333335
8.256333333 10.80108333
8.227624999666666 10.792916663333335
8.198916666333334 10.784749996666667
8.170208333 10.776583330000001
8.141499999666667 10.768416663333333
8.112791666333333 10.760249996666667
8.084083333 10.752083330000001
8.055374999666666 10.743916663333334
8.026666666333334 10.735749996666668
7.997958333 10.72758333
7.969249999666666 10.719416663333334
7.940541666333333 10.711249996666666
7.911833333 10.70308333
7.934076388583333 10.693069441666667
7.956319444166667 10.683055553333332
7.97856249975 10.673041665
8.000805555333333 10.663027776666667
8.023048610916668 10.653013888333334
8.0452916665 10.643
8.067534722083334 10.632986111666666
8.089777777666667 10.622972223333333
8.11202083325 10.612958335
8.134263888833335 10.602944446666665
8.156506944416668 10.592930558333332
8.17875 10.58291667
8.229569444416667 10.573965280833333
8.280388888833334 10.565013891666666
8.33120833325 10.5560625025
8.382027777666668 10.547111113333333
8.432847222083334 10.538159724166666
8.4836666665 10.529208335
8.534486110916667 10.520256945833333
8.585305555333333 10.511305556666667
8.63612499975 10.5023541675
8.686944444166667 10.493402778333333
8.737763888583334 10.484451389166667
8.788583333 10.4755
8.8368402775 10.470736110833334
8.885097222 10.465972221666666
8.9333541665 10.4612083325
8.981611111 10.456444443333334
9.0298680555 10.451680554166666
9.078125 10.446916665
9.1263819445 10.442152775833334
9.174638889 10.437388886666666
9.2228958335 10.4326249975
9.271152778 10.427861108333333
9.3194097225 10.423097219166666
9.367666667 10.41833333
9.383826389166666 10.418097219166667
9.399986111333334 10.417861108333334
9.4161458335 10.417624997499999
9.432305555666666 10.417388886666666
9.448465277833334 10.417152775833333
9.464625 10.416916664999999
9.480784722166666 10.416680554166666
9.496944444333334 10.416444443333333
9.5131041665 10.4162083325
9.529263888666666 10.415972221666667
9.545423610833334 10.415736110833333
9.561583333 10.4155
9.5564652775 10.417770833333334
9.551347222 10.420041666666666
9.5462291665 10.4223125
9.541111111 10.424583333333333
9.5359930555 10.426854166666667
9.530875 10.429124999999999
9.5257569445 10.431395833333333
9.520638889 10.433666666666667
9.5155208335 10.4359375
9.510402778 10.438208333333334
9.5052847225 10.440479166666666
9.500166667 10.44275
9.499055555833333 10.4449375
9.497944444666667 10.447125
9.4968333335 10.4493125
9.495722222333333 10.4515
9.494611111166666 10.4536875
9.493500000000001 10.455874999999999
9.492388888833334 10.4580625
9.491277777666667 10.46025
9.4901666665 10.4624375
9.489055555333334 10.464625
9.487944444166667 10.4668125
9.486833333 10.469
9.496548610833333 10.470395833333333
9.506263888666666 10.471791666666666
9.5159791665 10.4731875
9.525694444333332 10.474583333333333
9.535409722166666 10.475979166666667
9.545124999999999 10.477374999999999
9.554840277833334 10.478770833333332
9.564555555666667 10.480166666666666
9.5742708335 10.481562499999999
9.583986111333333 10.482958333333332
9.593701389166666 10.484354166666666
9.603416667 10.48575
9.618215278083333 10.486979166666666
9.633013889166666 10.488208333333333
9.64781250025 10.4894375
9.662611111333334 10.490666666666666
9.677409722416666 10.491895833333333
9.6922083335 10.493125
9.707006944583334 10.494354166666668
9.721805555666666 10.495583333333334
9.73660416675 10.4968125
9.751402777833334 10.498041666666667
9.766201388916667 10.499270833333334
9.781 10.5005
9.806048610833335 10.502291666666668
9.831097221666667 10.504083333333334
9.856145832500001 10.505875
9.881194443333333 10.507666666666667
9.906243054166668 10.509458333333335
9.931291665 10.51125
9.956340275833334 10.513041666666666
9.981388886666668 10.514833333333334
10.0064374975 10.516625000000001
10.031486108333334 10.518416666666667
10.056534719166667 10.520208333333333
10.08158333 10.522
10.140798608333334 10.5249375
10.200013886666667 10.527875
10.259229165 10.5308125
10.318444443333334 10.53375
10.377659721666667 10.5366875
10.436875 10.539625000000001
10.496090278333334 10.5425625
10.555305556666667 10.5455
10.614520835 10.5484375
10.673736113333334 10.551375
10.732951391666667 10.5543125
10.79216667 10.55725
10.812659725 10.562861110833333
10.83315278 10.568472221666667
10.853645835 10.574083332499999
10.87413889 10.579694443333333
10.894631945 10.585305554166666
10.915125 10.590916665
10.935618054999999 10.596527775833334
10.95611111 10.602138886666667
10.976604165 10.607749997500001
10.997097219999999 10.613361108333333
11.017590275 10.618972219166666
11.03808333 10.62458333
11.013006941666665 10.632465275
10.987930553333333 10.64034722
10.962854165 10.648229165
10.937777776666666 10.65611111
10.912701388333334 10.663993055
10.887625 10.671875
10.862548611666666 10.679756945
10.837472223333334 10.68763889
10.812395835 10.695520835
10.787319446666666 10.70340278
10.762243058333334 10.711284725
10.73716667 10.71916667
10.692083336666666 10.725680558333334
10.647000003333334 10.732194446666666
10.601916670000001 10.738708335
10.556833336666667 10.745222223333334
10.511750003333333 10.751736111666666
10.46666667 10.75825
10.421583336666668 10.764763888333334
10.376500003333334 10.771277776666667
10.33141667 10.777791665
10.286333336666667 10.784305553333335
10.241250003333334 10.790819441666667
10.19616667 10.79733333
10.170770836416667 10.79995833
10.145375002833333 10.802583330000001
10.11997916925 10.805208330000001
10.094583335666666 10.807833330000001
10.069187502083333 10.810458330000001
10.043791668499999 10.813083330000001
10.018395834916667 10.81570833
9.993000001333334 10.81833333
9.96760416775 10.82095833
9.942208334166667 10.82358333
9.916812500583333 10.82620833
9.891416667 10.82883333
9.8827847225 10.828131941666667
9.874152778 10.827430553333333
9.8655208335 10.826729165
9.856888889 10.826027776666667
9.8482569445 10.825326388333334
9.839625 10.824625000000001
9.8309930555 10.823923611666666
9.822361111 10.823222223333334
9.8137291665 10.822520835
9.805097222 10.821819446666666
9.7964652775 10.821118058333333
9.787833333 10.82041667
9.78618055525 10.818347225
9.7845277775 10.81627778
9.78287499975 10.814208335
9.781222222 10.81213889
9.77956944425 10.810069445
9.777916666500001 10.808
9.77626388875 10.805930555
9.774611111 10.80386111
9.772958333250001 10.801791665
9.7713055555 10.79972222
9.76965277775 10.797652775
9.768 10.79558333
9.7723125 10.793326385833332
9.776625000000001 10.791069441666666
9.7809375 10.7888124975
9.785250000000001 10.786555553333333
9.7895625 10.784298609166665
9.793875 10.782041665
9.798187500000001 10.779784720833334
9.8025 10.777527776666666
9.806812500000001 10.775270832499999
9.811125 10.773013888333333
9.815437500000002 10.770756944166667
9.81975 10.7685
9.847958333333334 10.766666666666666
9.876166666666668 10.764833333333332
9.904375000000002 10.763
9.932583333333334 10.761166666666666
9.960791666666667 10.759333333333332
9.989 10.7575
10.017208333333334 10.755666666666666
10.045416666666668 10.753833333333333
10.073625 10.751999999999999
10.101833333333333 10.750166666666665
10.130041666666667 10.748333333333333
10.15825 10.7465
10.1734027775 10.746256944166666
10.188555555 10.746013888333334
10.2037083325 10.7457708325
10.21886111 10.745527776666666
10.234013887500002 10.745284720833332
10.249166665 10.745041664999999
10.2643194425 10.744798609166667
10.27947222 10.744555553333333
10.294624997500001 10.7443124975
10.309777775 10.744069441666667
10.3249305525 10.743826385833334
10.34008333 10.74358333
10.328243052500001 10.745069441666667
10.316402775 10.746555553333334
10.304562497500001 10.748041664999999
10.29272222 10.749527776666666
10.2808819425 10.751013888333333
10.269041665 10.7525
10.2572013875 10.753986111666666
10.245361110000001 10.755472223333333
10.2335208325 10.756958335
10.221680555 10.758444446666665
10.2098402775 10.759930558333332
10.198 10.76141667
10.184479166666668 10.762902780833333
10.170958333333333 10.764388891666666
10.1574375 10.7658750025
10.143916666666668 10.767361113333333
10.130395833333333 10.768847224166667
10.116875 10.770333335
10.103354166666668 10.771819445833332
10.089833333333333 10.773305556666665
10.0763125 10.774791667499999
10.062791666666667 10.776277778333332
10.049270833333333 10.777763889166666
10.03575 10.77925
10.02821527775 10.779472222499999
10.0206805555 10.779694444999999
10.01314583325 10.7799166675
10.005611111 10.78013889
9.99807638875 10.7803611125
9.9905416665 10.780583335
9.98300694425 10.780805557499999
9.975472222 10.781027779999999
9.96793749975 10.781250002499998
9.9604027775 10.781472225
9.95286805525 10.7816944475
9.945333333 10.78191667
9.940451388583334 10.781263891666667
9.935569444166667 10.780611113333332
9.93068749975 10.779958335
9.925805555333334 10.779305556666666
9.920923610916667 10.778652778333333
9.9160416665 10.777999999999999
9.911159722083333 10.777347221666666
9.906277777666666 10.776694443333334
9.90139583325 10.776041665
9.896513888833333 10.775388886666667
9.891631944416666 10.774736108333332
9.88675 10.77408333
9.886409722249999 10.772888885833334
9.886069444499999 10.771694441666666
9.88572916675 10.7704999975
9.885388889 10.769305553333334
9.88504861125 10.768111109166666
9.8847083335 10.766916665
9.88436805575 10.765722220833334
9.884027778 10.764527776666666
9.88368750025 10.7633333325
9.8833472225 10.762138888333334
9.88300694475 10.760944444166666
9.882666667 10.75975
9.899770833916667 10.758548610833333
9.916875000833334 10.757347221666667
9.93397916775 10.7561458325
9.951083334666667 10.754944443333333
9.968187501583333 10.753743054166666
9.9852916685 10.752541664999999
10.002395835416667 10.751340275833334
10.019500002333334 10.750138886666667
10.036604169250001 10.7489374975
10.053708336166666 10.747736108333333
10.070812503083333 10.746534719166666
10.08791667 10.74533333
10.105256947500001 10.744854163333333
10.122597225 10.744374996666666
10.1399375025 10.74389583
10.15727778 10.743416663333333
10.1746180575 10.742937496666666
10.191958334999999 10.74245833
10.2092986125 10.741979163333333
10.22663889 10.741499996666667
10.2439791675 10.74102083
10.261319445 10.740541663333333
10.278659722499999 10.740062496666667
10.296 10.73958333
10.308333333333334 10.740527775
10.320666666666666 10.74147222
10.333 10.742416665
10.345333333333333 10.74336111
10.357666666666667 10.744305555
10.370000000000001 10.74525
10.382333333333333 10.746194445
10.394666666666668 10.74713889
10.407 10.748083335
10.419333333333334 10.74902778
10.431666666666667 10.749972225
10.444 10.75091667
10.448375 10.752923614166667
10.45275 10.754930558333333
10.457125000000001 10.756937502500001
10.461500000000001 10.758944446666668
10.465875 10.760951390833334
10.47025 10.762958335
10.474625 10.764965279166667
10.479 10.766972223333333
10.483374999999999 10.7689791675
10.48775 10.770986111666668
10.492125 10.772993055833334
10.4965 10.775
10.496875 10.7773402775
10.49725 10.779680555
10.497625 10.7820208325
10.498 10.78436111
10.498375 10.7867013875
10.49875 10.789041665
10.499125 10.7913819425
10.4995 10.79372222
10.499875 10.7960624975
10.50025 10.798402775
10.500625 10.8007430525
10.501 10.80308333
10.504 10.8052430525
10.507 10.807402775
10.51 10.8095624975
10.513 10.81172222
10.516 10.8138819425
10.519 10.816041665
10.522 10.8182013875
10.525 10.82036111
10.528 10.8225208325
10.531 10.824680555
10.534 10.8268402775
10.537 10.829
10.540569444166668 10.830881944166666
10.544138888333334 10.832763888333334
10.547708332500001 10.8346458325
10.551277776666668 10.836527776666667
10.554847220833334 10.838409720833333
10.558416665 10.840291665
10.561986109166666 10.842173609166666
10.565555553333333 10.844055553333334
10.5691249975 10.8459374975
10.572694441666666 10.847819441666667
10.576263885833333 10.849701385833333
10.57983333 10.85158333
10.58345833 10.853423608333333
10.587083329999999 10.855263886666666
10.59070833 10.857104165
10.59433333 10.858944443333334
10.597958329999999 10.860784721666667
10.60158333 10.862625000000001
10.60520833 10.864465278333334
10.60883333 10.866305556666667
10.612458329999999 10.868145835
10.616083329999999 10.869986113333333
10.61970833 10.871826391666668
10.62333333 10.87366667
10.634979163333332 10.875472225000001
10.646624996666667 10.87727778
10.65827083 10.879083335
10.669916663333334 10.88088889
10.681562496666666 10.882694445
10.693208330000001 10.8845
10.704854163333334 10.886305555
10.716499996666666 10.88811111
10.72814583 10.889916665
10.739791663333333 10.89172222
10.751437496666668 10.893527774999999
10.76308333 10.89533333
10.788638885833334 10.897465275
10.814194441666668 10.89959722
10.8397499975 10.901729164999999
10.865305553333334 10.90386111
10.890861109166668 10.905993055
10.916416665 10.908125
10.941972220833334 10.910256945
10.967527776666667 10.91238889
10.993083332500001 10.914520835000001
11.018638888333335 10.91665278
11.044194444166667 10.918784725
11.06975 10.92091667
11.096715277500001 10.924090280833333
11.123680555 10.927263891666668
11.1506458325 10.9304375025
11.17761111 10.933611113333333
11.204576387500001 10.936784724166667
11.231541665000002 10.939958335
11.2585069425 10.943131945833333
11.28547222 10.946305556666667
11.312437497500001 10.9494791675
11.339402775 10.952652778333333
11.3663680525 10.955826389166667
11.39333333 10.959
11.400402775 10.9638125
11.40747222 10.968625
11.414541665000002 10.9734375
11.42161111 10.97825
11.428680555 10.983062499999999
11.43575 10.987874999999999
11.442819445000001 10.9926875
11.44988889 10.9975
11.456958335 11.0023125
11.46402778 11.007125
11.471097225000001 11.0119375
11.47816667 11.01675
11.456013891666666 11.0222152775
11.433861113333334 11.027680555
11.411708335 11.0331458325
11.389555556666666 11.03861111
11.367402778333334 11.0440763875
11.34525 11.049541665
11.323097221666666 11.0550069425
11.300944443333334 11.060472220000001
11.278791665 11.0659374975
11.256638886666666 11.071402775000001
11.234486108333334 11.0768680525
11.21233333 11.08233333
11.169416663333333 11.086493052500002
11.126499996666666 11.090652775
11.08358333 11.094812497500001
11.040666663333333 11.09897222
10.997749996666666 11.103131942500001
10.95483333 11.107291665000002
10.911916663333333 11.1114513875
10.868999996666666 11.115611110000001
10.82608333 11.1197708325
10.783166663333333 11.123930555000001
10.740249996666666 11.1280902775
10.69733333 11.13225
10.663374996666667 11.133263889166667
10.629416663333332 11.134277778333335
10.59545833 11.1352916675
10.561499996666667 11.136305556666667
10.527541663333333 11.137319445833334
10.49358333 11.138333335
10.459624996666667 11.139347224166666
10.425666663333333 11.140361113333334
10.39170833 11.1413750025
10.357749996666668 11.142388891666666
10.323791663333333 11.143402780833334
10.28983333 11.14441667
10.266229163333334 11.1421944475
10.242624996666667 11.139972225
10.21902083 11.137750002499999
10.195416663333333 11.13552778
10.171812496666666 11.1333055575
10.14820833 11.131083335
10.124604163333334 11.1288611125
10.100999996666667 11.126638889999999
10.07739583 11.1244166675
10.053791663333334 11.122194445
10.030187496666667 11.1199722225
10.00658333 11.11775
10.014819441666667 11.1135972225
10.023055553333332 11.109444445
10.031291665 11.1052916675
10.039527776666667 11.10113889
10.047763888333334 11.0969861125
10.056000000000001 11.092833335
10.064236111666666 11.0886805575
10.072472223333333 11.08452778
10.080708335 11.0803750025
10.088944446666666 11.076222225
10.097180558333333 11.0720694475
10.10541667 11.06791667
10.16347917 11.063638891666667
10.22154167 11.059361113333335
10.27960417 11.055083335
10.33766667 11.050805556666667
10.395729170000001 11.046527778333333
10.45379167 11.04225
10.51185417 11.037972221666667
10.56991667 11.033694443333333
10.62797917 11.029416665
10.68604167 11.025138886666667
10.74410417 11.020861108333333
10.80216667 11.01658333
10.84647917 11.0155555525
10.89079167 11.014527775
10.93510417 11.0134999975
10.97941667 11.01247222
11.023729170000001 11.0114444425
11.06804167 11.010416665000001
11.11235417 11.0093888875
11.15666667 11.008361110000001
11.20097917 11.0073333325
11.24529167 11.006305555
11.28960417 11.0052777775
11.33391667 11.00425
11.353465280833333 11.007486110833334
11.373013891666668 11.010722221666667
11.3925625025 11.013958332500001
11.412111113333333 11.017194443333334
11.431659724166668 11.020430554166667
11.451208335 11.023666665
11.470756945833333 11.026902775833333
11.490305556666668 11.030138886666666
11.5098541675 11.033374997500001
11.529402778333333 11.036611108333334
11.548951389166668 11.039847219166667
11.5685 11.04308333
11.574020833333334 11.04852083
11.579541666666668 11.05395833
11.5850625 11.05939583
11.590583333333333 11.06483333
11.596104166666667 11.07027083
11.601625 11.075708330000001
11.607145833333334 11.08114583
11.612666666666668 11.08658333
11.618187500000001 11.092020830000001
11.623708333333333 11.09745833
11.629229166666667 11.102895830000001
11.63475 11.10833333
11.6356875 11.114076385833334
11.636625 11.119819441666667
11.637562500000001 11.1255624975
11.6385 11.131305553333334
11.6394375 11.137048609166667
11.640375 11.142791665
11.641312500000002 11.148534720833334
11.64225 11.154277776666667
11.6431875 11.1600208325
11.644125 11.165763888333334
11.645062500000002 11.171506944166667
11.646 11.17725
11.6431875 11.182416666666667
11.640375 11.187583333333334
11.637562500000001 11.19275
11.63475 11.197916666666668
11.6319375 11.203083333333334
11.629125 11.208250000000001
11.626312500000001 11.213416666666667
11.6235 11.218583333333333
11.620687499999999 11.22375
11.617875 11.228916666666667
11.6150625 11.234083333333334
11.61225 11.23925
11.599888889166666 11.243479166666667
11.587527778333333 11.247708333333334
11.5751666675 11.2519375
11.562805556666666 11.256166666666667
11.550444445833334 11.260395833333334
11.538083335 11.264625
11.525722224166666 11.268854166666666
11.513361113333334 11.273083333333332
11.5010000025 11.277312499999999
11.488638891666666 11.281541666666666
11.476277780833334 11.285770833333332
11.46391667 11.29
11.466708336666667 11.293027777499999
11.469500003333334 11.296055554999999
11.47229167 11.2990833325
11.475083336666666 11.30211111
11.477875003333333 11.3051388875
11.48066667 11.308166665
11.483458336666667 11.3111944425
11.486250003333334 11.31422222
11.489041669999999 11.3172499975
11.491833336666666 11.320277775000001
11.494625003333333 11.3233055525
11.49741667 11.32633333
11.524868058333332 11.328465275000001
11.552319446666667 11.330597220000001
11.579770835 11.332729165
11.607222223333332 11.33486111
11.634673611666667 11.336993055
11.662125 11.339125
11.689576388333332 11.341256945
11.717027776666667 11.34338889
11.744479165 11.345520835
11.771930553333332 11.34765278
11.799381941666667 11.349784725
11.82683333 11.35191667
11.846124996666667 11.3549444475
11.865416663333333 11.357972225
11.884708329999999 11.361000002499999
11.903999996666666 11.364027779999999
11.923291663333334 11.367055557499999
11.94258333 11.370083335
11.961874996666666 11.3731111125
11.981166663333333 11.37613889
12.00045833 11.3791666675
12.019749996666667 11.382194445
12.039041663333332 11.3852222225
12.05833333 11.38825
12.056624996666667 11.392645833333333
12.054916663333334 11.397041666666667
12.05320833 11.4014375
12.051499996666667 11.405833333333334
12.049791663333334 11.410229166666667
12.048083329999999 11.414625000000001
12.046374996666666 11.419020833333333
12.044666663333333 11.423416666666666
12.04295833 11.4278125
12.041249996666666 11.432208333333334
12.039541663333333 11.436604166666667
12.03783333 11.441
12.012701385833333 11.445569444166667
11.987569441666666 11.450138888333335
11.9624374975 11.454708332500001
11.937305553333333 11.459277776666667
11.912173609166667 11.463847220833333
11.887041665 11.468416665
11.861909720833333 11.472986109166667
11.836777776666667 11.477555553333334
11.8116458325 11.4821249975
11.786513888333333 11.486694441666668
11.761381944166667 11.491263885833334
11.73625 11.49583333
11.685368055833333 11.498861108333333
11.634486111666666 11.501888886666666
11.583604167499999 11.504916665
11.532722223333334 11.507944443333333
11.481840279166667 11.510972221666666
11.430958335 11.514
11.380076390833333 11.517027778333334
11.329194446666666 11.520055556666668
11.2783125025 11.523083335
11.227430558333333 11.526111113333334
11.176548614166666 11.529138891666667
11.12566667 11.53216667
11.070118058333332 11.531861114166666
11.014569446666666 11.531555558333334
10.959020835 11.5312500025
10.903472223333333 11.530944446666666
10.847923611666666 11.530638890833334
10.792375 11.530333335
10.736826388333334 11.530027779166666
10.681277776666667 11.529722223333334
10.625729165 11.5294166675
10.570180553333334 11.529111111666666
10.514631941666668 11.528805555833333
10.45908333 11.5285
10.420361108083334 11.524111110833333
10.381638886166666 11.519722221666665
10.34291666425 11.5153333325
10.304194442333333 11.510944443333333
10.265472220416667 11.506555554166667
10.2267499985 11.502166664999999
10.188027776583333 11.497777775833333
10.149305554666666 11.493388886666667
10.11058333275 11.4889999975
10.071861110833332 11.484611108333333
10.033138888916666 11.480222219166667
9.994416667 11.47583333
9.996354167249999 11.468347219166667
9.9982916675 11.460861108333333
10.00022916775 11.4533749975
10.002166668 11.445888886666667
10.00410416825 11.438402775833334
10.0060416685 11.430916665
10.00797916875 11.423430554166666
10.009916669 11.415944443333332
10.01185416925 11.4084583325
10.0137916695 11.400972221666667
10.015729169750001 11.393486110833333
10.01766667 11.386
10.063541670000001 11.378062499999999
10.10941667 11.370125
10.15529167 11.3621875
10.201166670000001 11.354249999999999
10.24704167 11.3463125
10.29291667 11.338375
10.33879167 11.330437499999999
10.38466667 11.3225
10.43054167 11.3145625
10.47641667 11.306624999999999
10.52229167 11.2986875
10.56816667 11.29075
10.595750003333333 11.286034722499998
10.623333336666667 11.281319445
10.65091667 11.2766041675
10.678500003333333 11.27188889
10.706083336666666 11.267173612499999
10.73366667 11.262458335
10.761250003333334 11.2577430575
10.788833336666666 11.25302778
10.816416669999999 11.2483125025
10.844000003333333 11.243597225
10.871583336666667 11.238881947500001
10.89916667 11.23416667
10.904201391666666 11.233000003333334
10.909236113333332 11.231833336666668
10.914270835 11.23066667
10.919305556666666 11.229500003333333
10.924340278333332 11.228333336666667
10.929375 11.227166669999999
10.934409721666666 11.226000003333333
10.939444443333333 11.224833336666666
10.944479164999999 11.22366667
10.949513886666665 11.222500003333334
10.954548608333333 11.221333336666666
10.95958333 11.22016667
10.942701385833333 11.220798614166666
10.925819441666667 11.221430558333333
10.908937497499998 11.2220625025
10.892055553333332 11.222694446666667
10.875173609166666 11.223326390833334
10.858291665 11.223958334999999
10.841409720833333 11.224590279166666
10.824527776666667 11.225222223333333
10.8076458325 11.2258541675
10.790763888333332 11.226486111666667
10.773881944166666 11.227118055833333
10.757 11.22775
10.750444444166666 11.227819444166666
10.743888888333332 11.227888888333334
10.7373333325 11.2279583325
10.730777776666667 11.228027776666666
10.724222220833333 11.228097220833334
10.717666665 11.228166665
10.711111109166666 11.228236109166666
10.704555553333332 11.228305553333334
10.697999997499998 11.2283749975
10.691444441666667 11.228444441666666
10.684888885833333 11.228513885833333
10.67833333 11.22858333
10.641979163333332 11.227784719166666
10.605624996666666 11.226986108333332
10.569270829999999 11.2261874975
10.532916663333333 11.225388886666666
10.496562496666666 11.224590275833332
10.46020833 11.223791665
10.423854163333333 11.222993054166666
10.387499996666666 11.222194443333333
10.35114583 11.221395832499999
10.314791663333333 11.220597221666665
10.278437496666667 11.219798610833333
10.24208333 11.219
10.193256941416667 11.2165902775
10.144430552833333 11.214180554999999
10.09560416425 11.2117708325
10.046777775666667 11.20936111
9.997951387083333 11.2069513875
9.9491249985 11.204541665
9.900298609916668 11.2021319425
9.851472221333333 11.19972222
9.80264583275 11.1973124975
9.753819444166668 11.194902775
9.704993055583333 11.1924930525
9.656166667 11.19008333
9.646618055833335 11.184652775
9.637069444666668 11.17922222
9.6275208335 11.173791665
9.617972222333334 11.16836111
9.608423611166668 11.162930554999999
9.598875 11.157499999999999
9.589326388833333 11.152069445
9.579777777666667 11.14663889
9.5702291665 11.141208335
9.560680555333334 11.13577778
9.551131944166666 11.130347225
9.541583333 11.12491667
9.61771527775 11.117770836666667
9.6938472225 11.110625003333332
9.76997916725 11.10347917
9.846111112 11.096333336666666
9.92224305675 11.089187503333333
9.998375001500001 11.08204167
10.07450694625 11.074895836666666
10.150638891 11.067750003333334
10.226770835750001 11.06060417
10.3029027805 11.053458336666667
10.379034725250001 11.046312503333333
10.45516667 11.03916667
10.501638891666667 11.03554167
10.548111113333334 11.031916670000001
10.594583335 11.02829167
10.641055556666666 11.02466667
10.687527778333333 11.02104167
10.734 11.01741667
10.780472221666667 11.01379167
10.826944443333334 11.01016667
10.873416665 11.00654167
10.919888886666666 11.002916670000001
10.966361108333333 10.99929167
11.01283333 10.99566667
11.019715275 10.997409725
11.02659722 10.99915278
11.033479165 11.000895835
11.04036111 11.00263889
11.047243055 11.004381945
11.054124999999999 11.006125
11.061006945 11.007868055
11.06788889 11.00961111
11.074770835 11.011354165
11.08165278 11.013097219999999
11.088534725 11.014840275
11.09541667 11.01658333
11.065486114166667 11.02033333
11.035555558333334 11.02408333
11.0056250025 11.02783333
10.975694446666667 11.03158333
10.945763890833334 11.03533333
10.915833335 11.039083329999999
10.885902779166667 11.042833329999999
10.855972223333334 11.046583329999999
10.8260416675 11.050333329999999
10.796111111666667 11.05408333
10.766180555833333 11.05783333
10.73625 11.06158333
10.703201389166667 11.063937496666666
10.670152778333334 11.066291663333333
10.6371041675 11.06864583
10.604055556666667 11.070999996666666
10.571006945833334 11.073354163333333
10.537958334999999 11.07570833
10.504909724166666 11.078062496666666
10.471861113333333 11.080416663333333
10.4388125025 11.08277083
10.405763891666666 11.085124996666666
10.372715280833333 11.087479163333333
10.33966667 11.08983333
10.3170694475 11.089374996666667
10.294472225 11.088916663333332
10.2718750025 11.08845833
10.24927778 11.087999996666666
10.2266805575 11.087541663333333
10.204083335 11.087083329999999
10.1814861125 11.086624996666666
10.15888889 11.086166663333334
10.1362916675 11.08570833
10.113694445 11.085249996666667
10.0910972225 11.084791663333332
10.0685 11.08433333
10.065805555833334 11.081499996666667
10.063111111666666 11.078666663333333
10.0604166675 11.07583333
10.057722223333334 11.072999996666667
10.055027779166666 11.070166663333334
10.052333335 11.06733333
10.049638890833334 11.064499996666667
10.046944446666666 11.061666663333334
10.0442500025 11.05883333
10.041555558333334 11.055999996666667
10.038861114166666 11.053166663333334
10.03616667 11.05033333
10.044215280833333 11.046826385833334
10.052263891666666 11.043319441666668
10.0603125025 11.039812497500002
10.068361113333333 11.036305553333333
10.076409724166666 11.032798609166667
10.084458335 11.029291665
10.092506945833334 11.025784720833334
10.100555556666666 11.022277776666668
10.1086041675 11.0187708325
10.116652778333332 11.015263888333333
10.124701389166667 11.011756944166667
10.13275 11.00825
10.2008125 11.005243055833333
10.268875 11.002236111666667
10.3369375 10.999229167500001
10.405 10.996222223333334
10.4730625 10.993215279166666
10.541125000000001 10.990208335
10.6091875 10.987201390833334
10.67725 10.984194446666667
10.7453125 10.9811875025
10.813375 10.978180558333333
10.8814375 10.975173614166668
10.9495 10.97216667
10.980548610833333 10.9726319475
11.011597221666667 10.973097225
11.0426458325 10.9735625025
11.073694443333334 10.97402778
11.104743054166667 10.9744930575
11.135791665 10.974958335
11.166840275833334 10.9754236125
11.197888886666666 10.97588889
11.2289374975 10.9763541675
11.259986108333333 10.976819445
11.291034719166667 10.9772847225
11.32208333 10.97775
11.306722219166666 10.9819722225
11.291361108333334 10.986194445
11.2759999975 10.9904166675
11.260638886666667 10.994638890000001
11.245277775833333 10.9988611125
11.229916665000001 11.003083335
11.214555554166667 11.0073055575
11.199194443333333 11.01152778
11.1838333325 11.0157500025
11.168472221666667 11.019972225
11.153111110833335 11.024194447500001
11.13775 11.02841667
11.083826389166667 11.032868058333333
11.029902778333334 11.037319446666666
10.9759791675 11.041770835000001
10.922055556666667 11.046222223333334
10.868131945833333 11.050673611666667
10.814208335 11.055125
10.760284724166667 11.059576388333333
10.706361113333333 11.064027776666666
10.6524375025 11.068479165
10.598513891666666 11.072930553333334
10.544590280833333 11.077381941666667
10.49066667 11.08183333
10.441708336416667 11.0829305525
10.392750002833333 11.084027775000001
10.343791669249999 11.0851249975
10.294833335666667 11.08622222
10.245875002083334 11.0873194425
10.1969166685 11.088416665
10.147958334916666 11.0895138875
10.099000001333334 11.090611110000001
10.050041667750001 11.091708332500001
10.001083334166667 11.092805555
9.952125000583333 11.0939027775
9.903166667 11.095
9.858618055833334 11.091805555833334
9.814069444666668 11.088611111666667
9.7695208335 11.0854166675
9.724972222333333 11.082222223333334
9.680423611166667 11.079027779166667
9.635875 11.075833335
9.591326388833334 11.072638890833334
9.546777777666668 11.069444446666667
9.502229166500001 11.0662500025
9.457680555333333 11.063055558333334
9.413131944166667 11.059861114166667
9.368583333 11.05666667
9.334583333 11.05004167
9.300583333 11.043416670000001
9.266583333 11.03679167
9.232583333000001 11.03016667
9.198583333 11.02354167
9.164583333 11.01691667
9.130583333 11.01029167
9.096583333 11.003666670000001
9.062583333000001 10.99704167
9.028583333 10.99041667
8.994583333000001 10.98379167
8.960583333 10.97716667
8.980020833000001 10.968368058333335
8.999458333 10.959569446666666
9.018895833 10.950770835
9.038333333 10.941972223333334
9.057770833000001 10.933173611666668
9.077208333000002 10.924375000000001
9.096645833 10.915576388333333
9.116083333 10.906777776666667
9.135520833000001 10.897979165
9.154958333 10.889180553333333
9.174395833 10.880381941666666
9.193833333 10.87158333
9.26596527775 10.863326385833334
9.3380972225 10.855069441666666
9.41022916725 10.8468124975
9.482361112 10.838555553333334
9.55449305675 10.830298609166666
9.626625001499999 10.822041665
9.69875694625 10.813784720833334
9.770888891 10.805527776666667
9.84302083575 10.7972708325
9.9151527805 10.789013888333335
9.98728472525 10.780756944166667
10.05941667 10.7725
10.103159725 10.769138889166667
10.14690278 10.765777778333334
10.190645835 10.7624166675
10.23438889 10.759055556666667
10.278131945 10.755694445833333
10.321874999999999 10.752333335
10.365618054999999 10.748972224166668
10.409361109999999 10.745611113333334
10.453104165 10.7422500025
10.49684722 10.738888891666667
10.540590275 10.735527780833333
10.58433333 10.73216667
10.5961805525 10.733847225
10.608027775 10.73552778
10.6198749975 10.737208335
10.63172222 10.73888889
10.6435694425 10.740569445
10.655416665 10.74225
10.667263887499999 10.743930555
10.67911111 10.74561111
10.6909583325 10.747291665
10.702805555 10.74897222
10.7146527775 10.750652775
10.7265 10.75233333
10.7312847225 10.756097219166668
10.736069445 10.759861108333334
10.7408541675 10.763624997500001
10.74563889 10.767388886666668
10.7504236125 10.771152775833334
10.755208334999999 10.774916665
10.7599930575 10.778680554166666
10.76477778 10.782444443333333
10.7695625025 10.7862083325
10.774347225 10.789972221666666
10.7791319475 10.793736110833333
10.78391667 10.7975
10.783680558333334 10.801388889166667
10.783444446666666 10.805277778333332
10.783208335 10.8091666675
10.782972223333333 10.813055556666667
10.782736111666667 10.816944445833332
10.782499999999999 10.820833335
10.782263888333333 10.824722224166667
10.782027776666666 10.828611113333332
10.781791665 10.8325000025
10.781555553333334 10.836388891666667
10.781319441666666 10.840277780833333
10.78108333 10.84416667
10.777569441666666 10.847562503333334
10.774055553333334 10.850958336666666
10.770541665 10.85435417
10.767027776666666 10.857750003333333
10.763513888333334 10.861145836666667
10.76 10.864541670000001
10.756486111666666 10.867937503333334
10.752972223333334 10.871333336666668
10.749458335 10.87472917
10.745944446666666 10.878125003333334
10.742430558333334 10.881520836666667
10.73891667 10.88491667
10.733159725 10.887486114166668
10.72740278 10.890055558333334
10.721645835 10.8926250025
10.71588889 10.895194446666666
10.710131945 10.897763890833334
10.704374999999999 10.900333335
10.698618054999999 10.902902779166666
10.692861109999999 10.905472223333334
10.687104165 10.9080416675
10.68134722 10.910611111666666
10.675590275 10.913180555833332
10.66983333 10.91575
10.682770829999999 10.917451389166667
10.69570833 10.919152778333332
10.70864583 10.9208541675
10.72158333 10.922555556666666
10.73452083 10.924256945833333
10.74745833 10.925958335
10.76039583 10.927659724166666
10.77333333 10.929361113333334
10.78627083 10.9310625025
10.799208329999999 10.932763891666667
10.81214583 10.934465280833333
10.82508333 10.93616667
10.868423608333334 10.937770836666667
10.911763886666666 10.939375003333334
10.955104165 10.94097917
10.998444443333334 10.942583336666667
11.041784721666666 10.944187503333334
11.085125 10.94579167
11.128465278333334 10.947395836666667
11.171805556666666 10.949000003333333
11.215145835 10.95060417
11.258486113333333 10.952208336666667
11.301826391666665 10.953812503333333
11.34516667 10.95541667
11.363388891666666 10.9588819475
11.381611113333333 10.962347225
11.399833335 10.9658125025
11.418055556666665 10.96927778
11.436277778333332 10.9727430575
11.4545 10.976208334999999
11.472722221666666 10.9796736125
11.490944443333333 10.98313889
11.509166664999999 10.9866041675
11.527388886666666 10.990069445
11.545611108333333 10.9935347225
11.56383333 10.997
11.537597219166667 11.0023472225
11.511361108333332 11.007694445
11.4851249975 11.0130416675
11.458888886666667 11.01838889
11.432652775833333 11.0237361125
11.406416665 11.029083335
11.380180554166667 11.0344305575
11.353944443333333 11.03977778
11.3277083325 11.0451250025
11.301472221666668 11.050472225
11.275236110833333 11.055819447500001
11.249 11.06116667
11.19025 11.065659725
11.1315 11.07015278
11.072750000000001 11.074645835
11.014000000000001 11.07913889
10.955250000000001 11.083631945
10.896500000000001 11.088125
10.83775 11.092618054999999
10.779 11.09711111
10.72025 11.101604165
10.6615 11.106097219999999
10.60275 11.110590275
10.544 11.11508333
10.5183402775 11.115624996666666
10.492680555 11.116166663333333
10.467020832500001 11.11670833
10.44136111 11.117249996666667
10.4157013875 11.117791663333334
10.390041665 11.118333329999999
10.3643819425 11.118874996666666
10.33872222 11.119416663333332
10.313062497499999 11.11995833
10.287402775 11.120499996666666
10.2617430525 11.121041663333333
10.23608333 11.12158333
10.230152775 11.118659719166667
10.22422222 11.115736108333333
10.218291664999999 11.1128124975
10.21236111 11.109888886666667
10.206430555 11.106965275833334
10.2005 11.104041665
10.194569444999999 11.101118054166665
10.18863889 11.098194443333332
10.182708335000001 11.095270832499999
10.17677778 11.092347221666666
10.170847225 11.089423610833332
10.16491667 11.0865
10.16741667 11.082541666666666
10.16991667 11.078583333333333
10.17241667 11.074625
10.17491667 11.070666666666666
10.17741667 11.066708333333333
10.17991667 11.06275
10.18241667 11.058791666666666
10.18491667 11.054833333333333
10.18741667 11.050875
10.189916669999999 11.046916666666666
10.19241667 11.042958333333333
10.19491667 11.039
10.217173614166667 11.035506944166666
10.239430558333332 11.032013888333333
10.2616875025 11.0285208325
10.283944446666666 11.025027776666667
10.306201390833333 11.021534720833333
10.328458335 11.018041665
10.350715279166666 11.014548609166667
10.372972223333333 11.011055553333334
10.3952291675 11.0075624975
10.417486111666665 11.004069441666667
10.439743055833333 11.000576385833334
10.462 10.99708333
10.517805555833332 10.994979163333333
10.573611111666667 10.992874996666668
10.6294166675 10.99077083
10.685222223333334 10.988666663333333
10.741027779166666 10.986562496666668
10.796833335 10.98445833
10.852638890833333 10.982354163333333
10.908444446666666 10.980249996666668
10.9642500025 10.97814583
11.020055558333333 10.976041663333334
11.075861114166667 10.973937496666668
11.13166667 10.97183333
11.155666669999999 10.973194441666667
11.17966667 10.974555553333333
11.20366667 10.975916665
11.22766667 10.977277776666668
11.251666669999999 10.978638888333334
11.27566667 10.98
11.29966667 10.981361111666667
11.32366667 10.982722223333333
11.347666669999999 10.984083335000001
11.37166667 10.985444446666667
11.39566667 10.986805558333334
11.41966667 10.98816667
11.395472224999999 10.992534725
11.37127778 10.99690278
11.347083335 11.001270835
11.32288889 11.00563889
11.298694444999999 11.010006945
11.2745 11.014375000000001
11.250305555 11.018743055
11.22611111 11.02311111
11.201916664999999 11.027479165
11.17772222 11.03184722
11.153527775 11.036215275
11.12933333 11.04058333
11.073451385833334 11.044576385833334
11.017569441666666 11.048569441666666
10.9616874975 11.0525624975
10.905805553333334 11.056555553333334
10.849923609166666 11.060548609166666
10.794041665 11.064541665
10.738159720833334 11.068534720833334
10.682277776666666 11.072527776666666
10.6263958325 11.0765208325
10.570513888333334 11.080513888333334
10.514631944166666 11.084506944166666
10.45875 11.0885
10.411916666666666 11.0888402775
10.365083333333335 11.089180555
10.31825 11.0895208325
10.271416666666667 11.08986111
10.224583333333333 11.0902013875
10.17775 11.090541665
10.130916666666668 11.0908819425
10.084083333333334 11.09122222
10.03725 11.0915624975
9.990416666666668 11.091902775
9.943583333333335 11.0922430525
9.89675 11.09258333
9.854361111083334 11.088819441666667
9.811972222166668 11.085055553333333
9.76958333325 11.081291665
9.727194444333334 11.077527776666667
9.684805555416668 11.073763888333334
9.6424166665 11.07
9.600027777583334 11.066236111666667
9.557638888666668 11.062472223333334
9.51524999975 11.058708335
9.472861110833334 11.054944446666667
9.430472221916668 11.051180558333334
9.388083333 11.04741667
9.349249999666668 11.040548614166667
9.310416666333333 11.033680558333334
9.271583333 11.0268125025
9.232749999666668 11.019944446666667
9.193916666333333 11.013076390833334
9.155083333 11.006208335
9.116249999666667 10.999340279166667
9.077416666333333 10.992472223333333
9.038583333 10.9856041675
8.999749999666667 10.978736111666667
8.960916666333333 10.971868055833333
8.922083333 10.965
8.9249652775 10.955861110833332
8.927847222 10.946722221666667
8.9307291665 10.937583332500001
8.933611111 10.928444443333333
8.9364930555 10.919305554166666
8.939375 10.910166665
8.9422569445 10.901027775833334
8.945138889 10.891888886666667
8.9480208335 10.8827499975
8.950902778 10.873611108333334
8.9537847225 10.864472219166668
8.956666667 10.85533333
9.027215278083334 10.845916663333334
9.097763889166668 10.836499996666667
9.16831250025 10.82708333
9.238861111333334 10.817666663333334
9.309409722416667 10.808249996666667
9.3799583335 10.79883333
9.450506944583333 10.789416663333332
9.521055555666667 10.779999996666666
9.59160416675 10.77058333
9.662152777833334 10.761166663333332
9.732701388916666 10.751749996666666
9.80325 10.74233333
9.837479166666666 10.737256941666667
9.871708333333334 10.732180553333333
9.9059375 10.727104165
9.940166666666666 10.722027776666666
9.974395833333334 10.716951388333333
10.008625 10.711875
10.042854166666666 10.706798611666667
10.077083333333334 10.701722223333334
10.1113125 10.696645835
10.145541666666666 10.691569446666668
10.179770833333334 10.686493058333333
10.214 10.68141667
10.222069444166667 10.681048614166667
10.230138888333334 10.680680558333334
10.238208332500001 10.680312502500001
10.246277776666666 10.679944446666667
10.254347220833333 10.679576390833333
10.262416665 10.679208335
10.270486109166667 10.678840279166668
10.278555553333334 10.678472223333333
10.286624997499999 10.678104167499999
10.294694441666666 10.677736111666666
10.302763885833333 10.677368055833334
10.31083333 10.677
10.283965274749999 10.678687499999999
10.2570972195 10.680375
10.23022916425 10.6820625
10.203361109 10.68375
10.176493053749999 10.685437499999999
10.149624998499998 10.687125
10.12275694325 10.6888125
10.095888888 10.6905
10.069020832749999 10.6921875
10.0421527775 10.693875
10.01528472225 10.695562500000001
9.988416667 10.69725
9.940333333666667 10.698104166666667
9.892250000333332 10.698958333333334
9.844166667 10.6998125
9.796083333666665 10.700666666666667
9.748000000333333 10.701520833333333
9.699916667 10.702375
9.651833333666666 10.703229166666667
9.603750000333333 10.704083333333333
9.555666666999999 10.7049375
9.507583333666666 10.705791666666666
9.459500000333332 10.706645833333333
9.411416667 10.7075
9.393423611416665 10.7051527775
9.375430555833333 10.702805555
9.357437500249999 10.7004583325
9.339444444666666 10.69811111
9.321451389083332 10.6957638875
9.3034583335 10.693416665
9.285465277916666 10.6910694425
9.267472222333332 10.68872222
9.24947916675 10.6863749975
9.231486111166666 10.684027775
9.213493055583333 10.6816805525
9.1955 10.67933333
9.199520833333333 10.674555552500001
9.203541666666666 10.669777775
9.2075625 10.6649999975
9.211583333333333 10.66022222
9.215604166666667 10.6554444425
9.219625 10.650666665
9.223645833333332 10.6458888875
9.227666666666666 10.64111111
9.2316875 10.6363333325
9.235708333333333 10.631555555
9.239729166666667 10.6267777775
9.24375 10.622
9.27252777775 10.617111110833333
9.3013055555 10.612222221666666
9.33008333325 10.6073333325
9.358861111 10.602444443333333
9.38763888875 10.597555554166666
9.4164166665 10.592666665
9.44519444425 10.587777775833334
9.473972222 10.582888886666668
9.50274999975 10.577999997500001
9.5315277775 10.573111108333334
9.56030555525 10.568222219166667
9.589083333 10.56333333
9.646624999416666 10.560229163333334
9.704166665833332 10.557124996666667
9.761708332249999 10.55402083
9.819249998666667 10.550916663333334
9.876791665083333 10.547812496666667
9.9343333315 10.54470833
9.991874997916666 10.541604163333334
10.049416664333332 10.538499996666667
10.10695833075 10.53539583
10.164499997166667 10.532291663333334
10.222041663583333 10.529187496666667
10.27958333 10.52608333
10.302895829999999 10.526798608333333
10.32620833 10.527513886666668
10.34952083 10.528229165
10.372833329999999 10.528944443333334
10.39614583 10.529659721666667
10.41945833 10.530375
10.442770829999999 10.531090278333334
10.46608333 10.531805556666667
10.48939583 10.532520835
10.512708329999999 10.533236113333334
10.53602083 10.533951391666667
10.55933333 10.53466667
10.561999996666666 10.53841667
10.564666663333332 10.54216667
10.56733333 10.54591667
10.569999996666667 10.54966667
10.572666663333333 10.55341667
10.57533333 10.557166669999999
10.577999996666666 10.56091667
10.580666663333332 10.56466667
10.583333329999999 10.56841667
10.585999996666667 10.57216667
10.588666663333333 10.57591667
10.59133333 10.57966667
10.5690555525 10.583965280833333
10.546777774999999 10.588263891666667
10.5244999975 10.5925625025
10.50222222 10.596861113333333
10.479944442499999 10.601159724166667
10.457666665 10.605458335
10.4353888875 10.609756945833333
10.41311111 10.614055556666667
10.3908333325 10.6183541675
10.368555555 10.622652778333332
10.3462777775 10.626951389166667
10.324 10.63125
10.2974027775 10.634166666666665
10.270805555 10.637083333333333
10.2442083325 10.64
10.21761111 10.642916666666666
10.1910138875 10.645833333333332
10.164416665000001 10.64875
10.1378194425 10.651666666666667
10.11122222 10.654583333333333
10.0846249975 10.657499999999999
10.058027775 10.660416666666666
10.0314305525 10.663333333333334
10.00483333 10.66625
9.986756941416667 10.666638889166666
9.968680552833334 10.667027778333333
9.95060416425 10.6674166675
9.932527775666667 10.667805556666666
9.914451387083334 10.668194445833333
9.8963749985 10.668583335000001
9.878298609916666 10.668972224166668
9.860222221333332 10.669361113333334
9.842145832749999 10.6697500025
9.824069444166666 10.670138891666667
9.805993055583333 10.670527780833334
9.787916667 10.67091667
9.7579722225 10.6693819475
9.728027778 10.667847225000001
9.6980833335 10.6663125025
9.668138889 10.66477778
9.6381944445 10.6632430575
9.60825 10.661708335
9.5783055555 10.6601736125
9.548361111 10.65863889
9.5184166665 10.6571041675
9.488472222 10.655569445
9.4585277775 10.6540347225
9.428583333 10.6525
9.416124999666668 10.649236110833334
9.403666666333335 10.645972221666666
9.391208333000002 10.6427083325
9.378749999666667 10.639444443333334
9.366291666333334 10.636180554166666
9.353833333 10.632916665
9.341374999666668 10.629652775833334
9.328916666333335 10.626388886666666
9.316458333 10.6231249975
9.303999999666667 10.619861108333334
9.291541666333334 10.616597219166666
9.279083333 10.61333333
9.335902777500001 10.608638885833333
9.392722222 10.603944441666666
9.4495416665 10.5992499975
9.506361111 10.594555553333333
9.5631805555 10.589861109166666
9.620000000000001 10.585166665
9.6768194445 10.580472220833334
9.733638889 10.575777776666667
9.7904583335 10.5710833325
9.847277777999999 10.566388888333334
9.904097222499999 10.561694444166667
9.960916667 10.557
9.981111111416666 10.5548402775
10.001305555833333 10.552680555
10.021500000249999 10.5505208325
10.041694444666666 10.54836111
10.061888889083333 10.5462013875
10.0820833335 10.544041665
10.102277777916667 10.5418819425
10.122472222333334 10.53972222
10.14266666675 10.5375624975
10.162861111166666 10.535402775
10.183055555583334 10.5332430525
10.20325 10.53108333
10.176055555583334 10.532131941666666
10.148861111166667 10.533180553333333
10.12166666675 10.534229165
10.094472222333334 10.535277776666666
10.067277777916667 10.536326388333332
10.0400833335 10.537375
10.012888889083333 10.538423611666667
9.985694444666667 10.539472223333334
9.95850000025 10.540520835
9.931305555833333 10.541569446666667
9.904111111416666 10.542618058333334
9.876916667 10.54366667
9.844333333666667 10.544472225
9.811750000333333 10.54527778
9.779166667 10.546083335
9.746583333666667 10.54688889
9.714000000333334 10.547694445
9.681416667 10.5485
9.648833333666666 10.549305555
9.616250000333332 10.55011111
9.583666667 10.550916664999999
9.551083333666666 10.551722219999998
9.518500000333333 10.552527775
9.485916667 10.55333333
9.458465278083333 10.551680552499999
9.431013889166666 10.550027774999998
9.40356250025 10.5483749975
9.376111111333334 10.54672222
9.348659722416667 10.5450694425
9.3212083335 10.543416664999999
9.293756944583333 10.5417638875
9.266305555666666 10.54011111
9.238854166749999 10.5384583325
9.211402777833333 10.536805555
9.183951388916666 10.5351527775
9.1565 10.5335
9.1181875 10.529673610833333
9.079875 10.525847221666666
9.0415625 10.5220208325
9.00325 10.518194443333334
8.9649375 10.514368054166667
8.926625 10.510541665
8.8883125 10.506715275833333
8.85 10.502888886666666
8.8116875 10.499062497499999
8.773375 10.495236108333334
8.7350625 10.491409719166667
8.69675 10.48758333
8.65840277775 10.481604163333333
8.6200555555 10.475624996666667
8.581708333249999 10.46964583
8.543361111 10.463666663333333
8.50501388875 10.457687496666667
8.4666666665 10.451708329999999
8.42831944425 10.445729163333333
8.389972222 10.439749996666666
8.351624999750001 10.43377083
8.3132777775 10.427791663333334
8.27493055525 10.421812496666666
8.236583333 10.41583333
8.242201388583334 10.407659719166666
8.247819444166668 10.399486108333333
8.25343749975 10.3913124975
8.259055555333333 10.383138886666666
8.264673610916667 10.374965275833333
8.2702916665 10.366791665000001
8.275909722083334 10.358618054166667
8.281527777666668 10.350444443333334
8.287145833250001 10.3422708325
8.292763888833333 10.334097221666667
8.298381944416667 10.325923610833334
8.304 10.31775
8.363104166666666 10.309256944166666
8.422208333333334 10.300763888333334
8.4813125 10.2922708325
8.540416666666667 10.283777776666668
8.599520833333333 10.275284720833334
8.658625 10.266791665
8.717729166666667 10.258298609166667
8.776833333333332 10.249805553333333
8.8359375 10.241312497500001
8.895041666666666 10.232819441666667
8.954145833333333 10.224326385833335
9.01325 10.21583333
9.058381944416666 10.211145830000001
9.103513888833334 10.20645833
9.148645833249999 10.201770830000001
9.193777777666666 10.19708333
9.238909722083333 10.19239583
9.284041666499999 10.187708330000001
9.329173610916666 10.18302083
9.374305555333333 10.178333330000001
9.41943749975 10.17364583
9.464569444166667 10.16895833
9.509701388583332 10.16427083
9.554833333 10.15958333
9.56418055525 10.159590275
9.573527777499999 10.15959722
9.58287499975 10.159604165000001
9.592222222 10.15961111
9.60156944425 10.159618055
9.6109166665 10.159625
9.62026388875 10.159631945000001
9.629611111 10.15963889
9.638958333249999 10.159645835
9.6483055555 10.15965278
9.65765277775 10.159659725000001
9.667 10.15966667
9.66378472225 10.1619444475
9.6605694445 10.164222225
9.65735416675 10.1665000025
9.654138889 10.16877778
9.65092361125 10.171055557499999
9.647708333499999 10.173333334999999
9.644493055749999 10.1756111125
9.641277778 10.17788889
9.63806250025 10.1801666675
9.6348472225 10.182444445
9.63163194475 10.1847222225
9.628416667 10.187
9.621291667 10.1891597225
9.614166667 10.191319445
9.607041667 10.1934791675
9.599916667 10.19563889
9.592791667 10.1977986125
9.585666667 10.199958335
9.578541667 10.2021180575
9.571416667 10.20427778
9.564291666999999 10.2064375025
9.557166667 10.208597225
9.550041667 10.2107569475
9.542916667 10.21291667
9.541979167000001 10.214236114166667
9.541041667 10.215555558333334
9.540104166999999 10.2168750025
9.539166667 10.218194446666667
9.538229167 10.219513890833333
9.537291667 10.220833335
9.536354166999999 10.222152779166667
9.535416667 10.223472223333333
9.534479167 10.2247916675
9.533541667 10.226111111666667
9.532604166999999 10.227430555833333
9.531666667 10.22875
9.538763889166667 10.2293402775
9.545861111333334 10.229930555
9.5529583335 10.2305208325
9.560055555666667 10.23111111
9.567152777833334 10.2317013875
9.57425 10.232291665
9.581347222166666 10.2328819425
9.588444444333334 10.23347222
9.5955416665 10.2340624975
9.602638888666668 10.234652775
9.609736110833333 10.2352430525
9.616833333 10.23583333
9.632208333000001 10.236416663333333
9.647583333 10.236999996666666
9.662958333 10.23758333
9.678333333000001 10.238166663333333
9.693708333 10.238749996666666
9.709083333 10.239333330000001
9.724458333000001 10.239916663333334
9.739833333 10.240499996666667
9.755208333 10.24108333
9.770583333000001 10.241666663333334
9.785958333 10.242249996666667
9.801333333 10.24283333
9.83483333275 10.24408333
9.8683333325 10.24533333
9.90183333225 10.24658333
9.935333332 10.24783333
9.96883333175 10.24908333
10.002333331500001 10.25033333
10.03583333125 10.25158333
10.069333331 10.25283333
10.10283333075 10.25408333
10.1363333305 10.255333330000001
10.16983333025 10.25658333
10.20333333 10.25783333
10.243416663333333 10.2606805525
10.283499996666666 10.263527775
10.32358333 10.2663749975
10.363666663333333 10.26922222
10.403749996666667 10.2720694425
10.44383333 10.274916665
10.483916663333332 10.2777638875
10.523999996666666 10.28061111
10.564083329999999 10.2834583325
10.604166663333332 10.286305555
10.644249996666666 10.2891527775
10.68433333 10.292
10.694229163333333 10.29725
10.704124996666666 10.3025
10.714020829999999 10.30775
10.723916663333332 10.313
10.733812496666665 10.31825
10.74370833 10.3235
10.753604163333334 10.32875
10.763499996666667 10.334
10.77339583 10.33925
10.783291663333333 10.3445
10.793187496666667 10.34975
10.80308333 10.355
10.792937496666667 10.3614027775
10.782791663333333 10.367805555
10.77264583 10.3742083325
10.762499996666666 10.38061111
10.752354163333333 10.3870138875
10.74220833 10.393416665
10.732062496666666 10.3998194425
10.721916663333333 10.40622222
10.711770829999999 10.4126249975
10.701624996666666 10.419027775
10.691479163333332 10.4254305525
10.68133333 10.43183333
10.674319441666666 10.437340275
10.667305553333334 10.44284722
10.660291664999999 10.448354165
10.653277776666666 10.45386111
10.646263888333333 10.459368055
10.63925 10.464875
10.632236111666666 10.470381945
10.625222223333333 10.47588889
10.618208335 10.481395835
10.611194446666666 10.486902780000001
10.604180558333333 10.492409725
10.59716667 10.49791667
10.598972225 10.501868058333333
10.60077778 10.505819446666667
10.602583335 10.509770835000001
10.60438889 10.513722223333334
10.606194445 10.517673611666666
10.608 10.521625
10.609805555 10.525576388333334
10.61161111 10.529527776666667
10.613416664999999 10.533479165
10.61522222 10.537430553333333
10.617027774999999 10.541381941666668
10.61883333 10.54533333
10.621791663333333 10.54839583
10.624749996666665 10.551458329999999
10.627708329999999 10.55452083
10.630666663333333 10.55758333
10.633624996666667 10.56064583
10.63658333 10.56370833
10.639541663333333 10.56677083
10.642499996666666 10.56983333
10.64545833 10.57289583
10.648416663333332 10.575958329999999
10.651374996666666 10.57902083
10.65433333 10.58208333
10.660888885833334 10.584819441666667
10.667444441666667 10.587555553333333
10.673999997500001 10.590291664999999
10.680555553333333 10.593027776666666
10.687111109166667 10.595763888333334
10.693666665 10.5985
10.700222220833334 10.601236111666665
10.706777776666668 10.603972223333333
10.713333332500001 10.606708335
10.719888888333333 10.609444446666666
10.726444444166667 10.612180558333334
10.733 10.61491667
10.760423610833334 10.617534724999999
10.787847221666667 10.62015278
10.8152708325 10.622770834999999
10.842694443333334 10.62538889
10.870118054166667 10.628006945
10.897541665 10.630624999999998
10.924965275833333 10.633243055
10.952388886666666 10.635861109999999
10.9798124975 10.638479165
11.007236108333334 10.641097219999999
11.034659719166667 10.643715275
11.06208333 10.64633333
11.08577083 10.649986108333332
11.10945833 10.653638886666666
11.13314583 10.657291664999999
11.15683333 10.660944443333333
11.18052083 10.664597221666666
11.20420833 10.66825
11.22789583 10.671902778333333
11.25158333 10.675555556666666
11.27527083 10.679208335
11.29895833 10.682861113333333
11.32264583 10.686513891666667
11.34633333 10.69016667
11.345513885833334 10.695250003333333
11.344694441666666 10.700333336666667
11.3438749975 10.70541667
11.343055553333333 10.710500003333333
11.342236109166667 10.715583336666667
11.341416665 10.72066667
11.340597220833333 10.725750003333333
11.339777776666667 10.730833336666667
11.338958332499999 10.73591667
11.338138888333333 10.741000003333333
11.337319444166665 10.746083336666667
11.3365 10.75116667
11.333430555833333 10.756472225
11.330361111666665 10.76177778
11.327291667499999 10.767083335
11.324222223333333 10.77238889
11.321152779166667 10.777694445
11.318083335 10.783000000000001
11.315013890833333 10.788305555
11.311944446666667 10.79361111
11.3088750025 10.798916665
11.305805558333333 10.80422222
11.302736114166667 10.809527775000001
11.29966667 10.81483333
11.29860417 10.8193680525
11.297541670000001 10.823902775
11.296479170000001 10.828437497500001
11.29541667 10.83297222
11.29435417 10.8375069425
11.29329167 10.842041665
11.29222917 10.8465763875
11.29116667 10.85111111
11.29010417 10.855645832499999
11.28904167 10.860180555
11.28797917 10.8647152775
11.28691667 10.86925
11.285250003333333 10.872937499999999
11.283583336666666 10.876624999999999
11.281916670000001 10.880312499999999
11.280250003333334 10.884
11.278583336666667 10.8876875
11.27691667 10.891375
11.275250003333333 10.8950625
11.273583336666666 10.89875
11.27191667 10.902437500000001
11.270250003333334 10.906125000000001
11.268583336666667 10.909812500000001
11.26691667 10.9135
11.264520836666668 10.916569444166667
11.262125003333335 10.919638888333335
11.25972917 10.922708332500001
11.257333336666667 10.925777776666667
11.254937503333334 10.928847220833333
11.252541670000001 10.931916665
11.250145836666666 10.934986109166667
11.247750003333334 10.938055553333333
11.24535417 10.9411249975
11.242958336666668 10.944194441666667
11.240562503333333 10.947263885833333
11.23816667 10.95033333
11.246118058333334 10.952881941666666
11.254069446666666 10.955430553333333
11.262020835 10.957979165
11.269972223333333 10.960527776666666
11.277923611666667 10.963076388333333
11.285875 10.965625
11.293826388333333 10.968173611666666
11.301777776666666 10.970722223333333
11.309729165 10.973270835
11.317680553333332 10.975819446666666
11.325631941666666 10.978368058333333
11.33358333 10.98091667
11.352604163333334 10.982473614166667
11.371624996666666 10.984030558333332
11.39064583 10.9855875025
11.409666663333333 10.987144446666665
11.428687496666667 10.988701390833333
11.447708330000001 10.990258335
11.466729163333333 10.991815279166666
11.485749996666668 10.993372223333333
11.50477083 10.994929167499999
11.523791663333334 10.996486111666666
11.542812496666667 10.998043055833332
11.56183333 10.9996
