8180.862979527
8073.094296501
7965.325613475
7857.556930449
7749.788247423
7642.019564397
7534.250881371
7426.482198345
7318.713515319
7210.944832293
7103.176149267
6995.407466241
6887.638783215
6779.870100189
6672.101417163
6564.332734137
6456.564051111
6348.795368085
6241.026685059
6133.258002033
6025.489319007
5917.720635981
5809.951952955
5702.183269929
5594.414586903
5486.645903877
5378.877220851
5271.108537825
5163.339854799
5055.571171773
4947.802488747
4840.033805721
4732.265122695
4624.496439669
4516.727756643
4408.959073617
4301.190390591
4193.421707565
4085.653024539
3977.884341513
