0 15.116
900 15.116
1800 15.054
2700 15.033
3600 15.03
4500 15.037
5400 15.057
6300 15.081
7200 15.105
8100 15.124
9000 15.14
9900 15.149
10800 15.154
11700 15.16
12600 15.166
13500 15.176
14400 15.311
15300 15.388
16200 15.446
17100 15.458
18000 15.39
18900 15.305
19800 15.24
20700 15.179
21600 15.121
22500 15.064
23400 15.009
24300 14.958
25200 14.907
26100 14.856
27000 14.812
27900 14.77
28800 14.728
29700 14.688
30600 14.647
31500 14.605
32400 14.56
33300 14.514
34200 14.456
35100 14.4
36000 14.336
36900 14.297
37800 14.234
38700 14.177
39600 14.125
40500 14.083
41400 14.023
42300 13.972
43200 13.927
44100 13.903
45000 13.841
45900 13.816
46800 13.763
47700 13.732
48600 13.678
49500 13.613
50400 13.578
51300 13.527
52200 13.475
53100 13.434
54000 13.389
54900 13.353
55800 13.312
56700 13.252
57600 13.228
58500 13.181
59400 13.151
60300 13.121
61200 13.082
62100 13.051
63000 13.041
63900 13.01
64800 12.978
65700 12.965
66600 12.947
67500 12.922
68400 12.924
69300 12.904
70200 12.912
71100 12.916
72000 12.921
72900 12.912
73800 12.901
74700 12.904
75600 12.897
76500 12.888
77400 12.903
78300 12.909
79200 12.906
80100 12.945
81000 12.971
81900 12.99
82800 13.01
83700 13.035
84600 13.055
85500 13.073
86400 13.085
87300 13.093
88200 13.121
89100 13.135
90000 13.145
90900 13.183
91800 13.198
92700 13.21
93600 13.227
94500 13.225
95400 13.225
96300 13.204
97200 13.228
98100 13.233
99000 13.245
99900 13.269
100800 13.254
101700 13.255
102600 13.254
103500 13.254
104400 13.242
105300 13.233
106200 13.224
107100 13.197
108000 13.191
108900 13.188
109800 13.178
110700 13.165
111600 13.163
112500 13.139
113400 13.13
114300 13.111
115200 13.087
116100 13.076
117000 13.034
117900 13.007
118800 12.983
119700 12.956
120600 12.924
121500 12.894
122400 12.864
123300 12.838
124200 12.809
125100 12.754
126000 12.749
126900 12.717
127800 12.692
128700 12.663
129600 12.634
130500 12.604
131400 12.582
132300 12.553
133200 12.523
134100 12.496
135000 12.467
135900 12.437
136800 12.405
137700 12.366
138600 12.36
139500 12.314
140400 12.283
141300 12.252
142200 12.224
143100 12.186
144000 12.171
144900 12.137
145800 12.133
146700 12.11
147600 12.098
148500 12.087
149400 12.072
150300 12.056
151200 12.048
152100 12.043
153000 12.043
153900 12.046
154800 12.04
155700 12.037
156600 12.048
157500 12.062
158400 12.077
159300 12.087
160200 12.102
161100 12.116
162000 12.131
162900 12.134
163800 12.127
164700 12.139
165600 12.155
166500 12.177
167400 12.204
168300 12.233
169200 12.264
170100 12.298
171000 12.316
171900 12.343
172800 12.375
173700 12.412
174600 12.452
175500 12.49
176400 12.53
177300 12.564
178200 12.618
179100 12.645
180000 12.686
180900 12.716
181800 12.743
182700 12.773
183600 12.808
184500 12.844
185400 12.873
186300 12.909
187200 12.935
188100 12.966
189000 12.984
189900 13.001
190800 13.011
191700 13.017
192600 13.022
193500 13.019
194400 13.019
195300 13.014
196200 13.005
197100 12.998
198000 12.99
198900 12.981
199800 12.968
200700 12.957
201600 12.935
202500 12.918
203400 12.901
204300 12.876
205200 12.85
206100 12.826
207000 12.796
207900 12.764
208800 12.734
209700 12.702
210600 12.665
211500 12.627
212400 12.588
213300 12.547
214200 12.511
215100 12.465
216000 12.429
216900 12.387
217800 12.344
218700 12.305
219600 12.264
220500 12.222
221400 12.183
222300 12.139
223200 12.098
224100 12.057
225000 12.021
225900 11.978
226800 11.94
227700 11.91
228600 11.881
229500 11.851
230400 11.828
231300 11.81
232200 11.795
233100 11.792
234000 11.79
234900 11.795
235800 11.806
236700 11.822
237600 11.845
238500 11.869
239400 11.897
240300 11.925
241200 11.956
242100 11.992
243000 12.022
243900 12.056
244800 12.084
245700 12.113
246600 12.133
247500 12.151
248400 12.174
249300 12.199
250200 12.225
251100 12.246
252000 12.267
252900 12.29
253800 12.32
254700 12.355
255600 12.394
256500 12.438
257400 12.487
258300 12.539
259200 12.591
260100 12.639
261000 12.683
261900 12.736
262800 12.797
263700 12.864
264600 12.93
265500 12.995
266400 13.06
267300 13.126
268200 13.191
269100 13.258
270000 13.321
270900 13.382
271800 13.44
272700 13.487
273600 13.53
274500 13.569
275400 13.605
276300 13.637
277200 13.661
278100 13.682
279000 13.694
279900 13.705
280800 13.711
281700 13.711
282600 13.703
283500 13.694
284400 13.679
285300 13.655
286200 13.631
287100 13.607
288000 13.58
288900 13.548
289800 13.518
290700 13.485
291600 13.449
292500 13.416
293400 13.38
294300 13.341
295200 13.303
296100 13.263
297000 13.222
297900 13.181
298800 13.141
299700 13.1
300600 13.058
301500 13.014
302400 12.975
303300 12.935
304200 12.895
305100 12.855
306000 12.815
306900 12.776
307800 12.734
308700 12.696
309600 12.663
310500 12.625
311400 12.586
312300 12.554
313200 12.518
314100 12.491
315000 12.458
315900 12.443
316800 12.422
317700 12.408
318600 12.402
319500 12.4
320400 12.406
321300 12.42
322200 12.435
323100 12.453
324000 12.477
324900 12.5
325800 12.532
326700 12.562
327600 12.598
328500 12.637
329400 12.671
330300 12.705
331200 12.748
332100 12.788
333000 12.828
333900 12.868
334800 12.91
335700 12.953
336600 12.992
337500 13.034
338400 13.072
339300 13.105
340200 13.127
341100 13.151
342000 13.175
342900 13.206
343800 13.237
344700 13.273
345600 13.312
346500 13.359
347400 13.415
348300 13.484
349200 13.545
350100 13.607
351000 13.66
351900 13.723
352800 13.789
353700 13.853
354600 13.927
355500 13.99
356400 14.053
357300 14.099
358200 14.144
359100 14.186
360000 14.222
360900 14.258
361800 14.288
362700 14.324
363600 14.355
364500 14.382
365400 14.409
366300 14.429
367200 14.45
368100 14.46
369000 14.468
369900 14.472
370800 14.472
371700 14.462
372600 14.451
373500 14.444
374400 14.427
375300 14.417
376200 14.4
377100 14.381
378000 14.367
378900 14.346
379800 14.322
380700 14.3
381600 14.277
382500 14.252
383400 14.225
384300 14.197
385200 14.167
386100 14.135
387000 14.105
387900 14.075
388800 14.047
389700 14.015
390600 13.985
391500 13.957
392400 13.928
393300 13.898
394200 13.862
395100 13.832
396000 13.805
396900 13.774
397800 13.75
398700 13.727
399600 13.706
400500 13.681
401400 13.666
402300 13.649
403200 13.64
404100 13.628
