         -99         -99         -99           2
         -99         -99           1           3
         -99         -99           2           4
         -99         -99           3           5
         -99         -99           4           6
         -99         -99           5           7
         -99         -99           6           8
         -99         -99           7           9
         -99         -99           8          10
         -99         -99           9          11
         -99         -99          10          12
         -99         -99          11          13
         -99         -99          12          14
         -99         -99          13          15
         -99         -99          14          16
         -99         -99          15          17
         -99         -99          16          18
         -99         -99          17          19
         -99         -99          18          20
         -99         -99          19          21
         -99         -99          20          22
         -99         -99          21          23
         -99         -99          22          24
         -99         -99          23          25
         -99         -99          24          26
         -99         -99          25          27
         -99         -99          26          28
         -99         -99          27          29
         -99         -99          28          30
         -99         -99          29          31
         -99         -99          30          32
         -99         -99          31          33
         -99         -99          32          34
         -99         -99          33          35
         -99         -99          34          36
         -99         -99          35          37
         -99         -99          36          38
         -99         -99          37          39
         -99         -99          38          40
         -99         -99          39          41
         -99         -99          40          42
         -99         -99          41          43
         -99         -99          42          44
         -99         -99          43          45
         -99         -99          44          46
         -99         -99          45          47
         -99         -99          46          48
         -99         -99          47          49
         -99         -99          48          50
         -99         -99          49          51
         -99         -99          50          52
         -99         -99          51          53
         -99         -99          52          54
         -99         -99          53          55
         -99         -99          54          56
         -99         -99          55          57
         -99         -99          56          58
         -99         -99          57          59
         -99         -99          58          60
         -99         -99          59          61
         -99         -99          60          62
         -99         -99          61          63
         -99         -99          62          64
         -99         -99          63          65
         -99         -99          64          66
         -99         -99          65          67
         -99         -99          66          68
         -99         -99          67          69
         -99         -99          68          70
         -99         -99          69          71
         -99         -99          70          72
         -99         -99          71          73
         -99         -99          72          74
         -99         -99          73          75
         -99         -99          74          76
         -99         -99          75          77
         -99         -99          76          78
         -99         -99          77          79
         -99         -99          78          80
         -99         -99          79          81
         -99         -99          80          82
         -99         -99          81          83
         -99         -99          82          84
         -99         -99          83          85
         -99         -99          84          86
         -99         -99          85          87
         -99         -99          86          88
         -99         -99          87          89
         -99         -99          88          90
         -99         -99          89          91
         -99         -99          90          92
         -99         -99          91          93
         -99         -99          92          94
         -99         -99          93          95
         -99         -99          94          96
         -99         -99          95          97
         -99         -99          96          98
         -99         -99          97          99
         -99         -99          98         100
         -99         -99          99         101
         -99         -99         100         102
         -99         -99         101         103
         -99         -99         102         104
         -99         -99         103         105
         -99         -99         104         106
         -99         -99         105         107
         -99         -99         106         108
         -99         -99         107         109
         -99         -99         108         110
         -99         -99         109         111
         -99         -99         110         112
         -99         -99         111         113
         -99         -99         112         114
         -99         -99         113         115
         -99         -99         114         116
         -99         -99         115         117
         -99         -99         116         118
         -99         -99         117         119
         -99         -99         118         120
         -99         -99         119         121
         -99         -99         120         122
         -99         -99         121         123
         -99         -99         122         124
         -99         -99         123         125
         -99         -99         124         126
         -99         -99         125         127
         -99         -99         126         128
         -99         -99         127         129
         -99         -99         128         130
         -99         -99         129         131
         -99         -99         130         132
         -99         -99         131         133
         -99         -99         132         134
         -99         -99         133         135
         -99         -99         134         136
         -99         -99         135         137
         -99         -99         136         138
         -99         -99         137         139
         -99         -99         138         140
         -99         -99         139         141
         -99         -99         140         142
         -99         -99         141         143
         -99         -99         142         144
         -99         -99         143         145
         -99         -99         144         146
         -99         -99         145         147
         -99         -99         146         148
         -99         -99         147         149
         -99         -99         148         150
         -99         -99         149         151
         -99         -99         150         152
         -99         -99         151         153
         -99         -99         152         154
         -99         -99         153         155
         -99         -99         154         156
         -99         -99         155         157
         -99         -99         156         158
         -99         -99         157         159
         -99         -99         158         160
         -99         -99         159         161
         -99         -99         160         162
         -99         -99         161         163
         -99         -99         162         164
         -99         -99         163         165
         -99         -99         164         166
         -99         -99         165         167
         -99         -99         166         168
         -99         -99         167         169
         -99         -99         168         170
         -99         -99         169         171
         -99         -99         170         172
         -99         -99         171         173
         -99         -99         172         174
         -99         -99         173         175
         -99         -99         174         176
         -99         -99         175         177
         -99         -99         176         178
         -99         -99         177         179
         -99         -99         178         180
         -99         -99         179         181
         -99         -99         180         182
         -99         -99         181         183
         -99         -99         182         184
         -99         -99         183         185
         -99         -99         184         186
         -99         -99         185         187
         -99         -99         186         188
         -99         -99         187         189
         -99         -99         188         190
         -99         -99         189         191
         -99         -99         190         192
         -99         -99         191         193
         -99         -99         192         194
         -99         -99         193         195
         -99         -99         194         196
         -99         -99         195         197
         -99         -99         196         198
         -99         -99         197         199
         -99         -99         198         200
         -99         -99         199         201
         -99         -99         200         202
         -99         -99         201         203
         -99         -99         202         204
         -99         -99         203         205
         -99         -99         204         206
         -99         -99         205         207
         -99         -99         206         208
         -99         -99         207         209
         -99         -99         208         210
         -99         -99         209         211
         -99         -99         210         212
         -99         -99         211         213
         -99         -99         212         214
         -99         -99         213         215
         -99         -99         214         216
         -99         -99         215         217
         -99         -99         216         218
         -99         -99         217         219
         -99         -99         218         220
         -99         -99         219         221
         -99         -99         220         222
         -99         -99         221         223
         -99         -99         222         224
         -99         -99         223         225
         -99         -99         224         226
         -99         -99         225         227
         -99         -99         226         228
         -99         -99         227         229
         -99         -99         228         230
         -99         -99         229         231
         -99         -99         230         232
         -99         -99         231         233
         -99         -99         232         234
         -99         -99         233         235
         -99         -99         234         236
         -99         -99         235         237
         -99         -99         236         238
         -99         -99         237         239
         -99         -99         238         240
         -99         -99         239         241
         -99         -99         240         242
         -99         -99         241         243
         -99         -99         242         244
         -99         -99         243         245
         -99         -99         244         246
         -99         -99         245         247
         -99         -99         246         248
         -99         -99         247         249
         -99         -99         248         250
         -99         -99         249         251
         -99         -99         250         252
         -99         -99         251         253
         -99         -99         252         254
         -99         -99         253         255
         -99         -99         254         256
         -99         -99         255         257
         -99         -99         256         258
         -99         -99         257         259
         -99         -99         258         260
         -99         -99         259         261
         -99         -99         260         262
         -99         -99         261         263
         -99         -99         262         264
         -99         -99         263         265
         -99         -99         264         266
         -99         -99         265         267
         -99         -99         266         268
         -99         -99         267         269
         -99         -99         268         270
         -99         -99         269         271
         -99         -99         270         272
         -99         -99         271         273
         -99         -99         272         274
         -99         -99         273         275
         -99         -99         274         276
         -99         -99         275         277
         -99         -99         276         278
         -99         -99         277         279
         -99         -99         278         280
         -99         -99         279         281
         -99         -99         280         282
         -99         -99         281         283
         -99         -99         282         284
         -99         -99         283         285
         -99         -99         284         286
         -99         -99         285         287
         -99         -99         286         288
         -99         -99         287         289
         -99         -99         288         290
         -99         -99         289         291
         -99         -99         290         292
         -99         -99         291         293
         -99         -99         292         294
         -99         -99         293         295
         -99         -99         294         296
         -99         -99         295         297
         -99         -99         296         298
         -99         -99         297         299
         -99         -99         298         300
         -99         -99         299         301
         -99         -99         300         302
         -99         -99         301         303
         -99         -99         302         304
         -99         -99         303         305
         -99         -99         304         306
         -99         -99         305         307
         -99         -99         306         308
         -99         -99         307         309
         -99         -99         308         310
         -99         -99         309         311
         -99         -99         310         312
         -99         -99         311         313
         -99         -99         312         314
         -99         -99         313         315
         -99         -99         314         316
         -99         -99         315         317
         -99         -99         316         318
         -99         -99         317         319
         -99         -99         318         320
         -99         -99         319         321
         -99         -99         320         322
         -99         -99         321         323
         -99         -99         322         324
         -99         -99         323         325
         -99         -99         324         326
         -99         -99         325         327
         -99         -99         326         328
         -99         -99         327         329
         -99         -99         328         330
         -99         -99         329         331
         -99         -99         330         332
         -99         -99         331         333
         -99         -99         332         334
         -99         -99         333         335
         -99         -99         334         336
         -99         -99         335         337
         -99         -99         336         338
         -99         -99         337         339
         -99         -99         338         340
         -99         -99         339         341
         -99         -99         340         342
         -99         -99         341         343
         -99         -99         342         344
         -99         -99         343         345
         -99         -99         344         346
         -99         -99         345         347
         -99         -99         346         348
         -99         -99         347         349
         -99         -99         348         350
         -99         -99         349         351
         -99         -99         350         352
         -99         -99         351         353
         -99         -99         352         354
         -99         -99         353         355
         -99         -99         354         356
         -99         -99         355         357
         -99         -99         356         358
         -99         -99         357         359
         -99         -99         358         360
         -99         -99         359         361
         -99         -99         360         362
         -99         -99         361         363
         -99         -99         362         364
         -99         -99         363         365
         -99         -99         364         366
         -99         -99         365         367
         -99         -99         366         368
         -99         -99         367         369
         -99         -99         368         370
         -99         -99         369         371
         -99         -99         370         372
         -99         -99         371         373
         -99         -99         372         374
         -99         -99         373         375
         -99         -99         374         376
         -99         -99         375         377
         -99         -99         376         378
         -99         -99         377         379
         -99         -99         378         380
         -99         -99         379         381
         -99         -99         380         382
         -99         -99         381         383
         -99         -99         382         384
         -99         -99         383         385
         -99         -99         384         386
         -99         -99         385         387
         -99         -99         386         388
         -99         -99         387         389
         -99         -99         388         390
         -99         -99         389         391
         -99         -99         390         392
         -99         -99         391         393
         -99         -99         392         394
         -99         -99         393         395
         -99         -99         394         396
         -99         -99         395         397
         -99         -99         396         398
         -99         -99         397         399
         -99         -99         398         400
         -99         -99         399         401
         -99         -99         400         402
         -99         -99         401         403
         -99         -99         402         404
         -99         -99         403         405
         -99         -99         404         406
         -99         -99         405         407
         -99         -99         406         408
         -99         -99         407         409
         -99         -99         408         410
         -99         -99         409         411
         -99         -99         410         412
         -99         -99         411         413
         -99         -99         412         414
         -99         -99         413         415
         -99         -99         414         416
         -99         -99         415         417
         -99         -99         416         418
         -99         -99         417         419
         -99         -99         418         420
         -99         -99         419         421
         -99         -99         420         422
         -99         -99         421         423
         -99         -99         422         424
         -99         -99         423         425
         -99         -99         424         426
         -99         -99         425         427
         -99         -99         426         428
         -99         -99         427         429
         -99         -99         428         430
         -99         -99         429         431
         -99         -99         430         432
         -99         -99         431         433
         -99         -99         432         434
         -99         -99         433         435
         -99         -99         434         436
         -99         -99         435         437
         -99         -99         436         438
         -99         -99         437         439
         -99         -99         438         440
         -99         -99         439         441
         -99         -99         440         442
         -99         -99         441         443
         -99         -99         442         444
         -99         -99         443         445
         -99         -99         444         446
         -99         -99         445         447
         -99         -99         446         448
         -99         -99         447         449
         -99         -99         448         450
         -99         -99         449         451
         -99         -99         450         452
         -99         -99         451         453
         -99         -99         452         454
         -99         -99         453         455
         -99         -99         454         456
         -99         -99         455         457
         -99         -99         456         458
         -99         -99         457         459
         -99         -99         458         460
         -99         -99         459         461
         -99         -99         460         462
         -99         -99         461         463
         -99         -99         462         464
         -99         -99         463         465
         -99         -99         464         466
         -99         -99         465         467
         -99         -99         466         468
         -99         -99         467         469
         -99         -99         468         470
         -99         -99         469         471
         -99         -99         470         472
         -99         -99         471         473
         -99         -99         472         474
         -99         -99         473         475
         -99         -99         474         476
         -99         -99         475         477
         -99         -99         476         478
         -99         -99         477         479
         -99         -99         478         480
         -99         -99         479         481
         -99         -99         480         482
         -99         -99         481         483
         -99         -99         482         484
         -99         -99         483         485
         -99         -99         484         486
         -99         -99         485         487
         -99         -99         486         488
         -99         -99         487         489
         -99         -99         488         490
         -99         -99         489         491
         -99         -99         490         492
         -99         -99         491         493
         -99         -99         492         494
         -99         -99         493         495
         -99         -99         494         496
         -99         -99         495         497
         -99         -99         496         498
         -99         -99         497         499
         -99         -99         498         500
         -99         -99         499         501
         -99         -99         500         502
         -99         -99         501         503
         -99         -99         502         504
         -99         -99         503         505
         -99         -99         504         506
         -99         -99         505         507
         -99         -99         506         508
         -99         -99         507         509
         -99         -99         508         510
         -99         -99         509         511
         -99         -99         510         512
         -99         -99         511         513
         -99         -99         512         514
         -99         -99         513         515
         -99         -99         514         516
         -99         -99         515         517
         -99         -99         516         518
         -99         -99         517         519
         -99         -99         518         520
         -99         -99         519         521
         -99         -99         520         522
         -99         -99         521         523
         -99         -99         522         524
         -99         -99         523         525
         -99         -99         524         526
         -99         -99         525         527
         -99         -99         526         528
         -99         -99         527         529
         -99         -99         528         530
         -99         -99         529         531
         -99         -99         530         532
         -99         -99         531         533
         -99         -99         532         534
         -99         -99         533         535
         -99         -99         534         536
         -99         -99         535         537
         -99         -99         536         538
         -99         -99         537         539
         -99         -99         538         540
         -99         -99         539         541
         -99         -99         540         542
         -99         -99         541         543
         -99         -99         542         544
         -99         -99         543         545
         -99         -99         544         546
         -99         -99         545         547
         -99         -99         546         548
         -99         -99         547         549
         -99         -99         548         550
         -99         -99         549         551
         -99         -99         550         552
         -99         -99         551         553
         -99         -99         552         554
         -99         -99         553         555
         -99         -99         554         556
         -99         -99         555         557
         -99         -99         556         558
         -99         -99         557         559
         -99         -99         558         560
         -99         -99         559         561
         -99         -99         560         562
         -99         -99         561         563
         -99         -99         562         564
         -99         -99         563         565
         -99         -99         564         566
         -99         -99         565         567
         -99         -99         566         568
         -99         -99         567         569
         -99         -99         568         570
         -99         -99         569         571
         -99         -99         570         572
         -99         -99         571         573
         -99         -99         572         574
         -99         -99         573         575
         -99         -99         574         576
         -99         -99         575         577
         -99         -99         576         578
         -99         -99         577         579
         -99         -99         578         580
         -99         -99         579         581
         -99         -99         580         582
         -99         -99         581         583
         -99         -99         582         584
         -99         -99         583         585
         -99         -99         584         586
         -99         -99         585         587
         -99         -99         586         588
         -99         -99         587         589
         -99         -99         588         590
         -99         -99         589         591
         -99         -99         590         592
         -99         -99         591         593
         -99         -99         592         594
         -99         -99         593         595
         -99         -99         594         596
         -99         -99         595         597
         -99         -99         596         598
         -99         -99         597         599
         -99         -99         598         600
         -99         -99         599         601
         -99         -99         600         602
         -99         -99         601         603
         -99         -99         602         604
         -99         -99         603         605
         -99         -99         604         606
         -99         -99         605         607
         -99         -99         606         608
         -99         -99         607         609
         -99         -99         608         610
         -99         -99         609         611
         -99         -99         610         612
         -99         -99         611         613
         -99         -99         612         614
         -99         -99         613         615
         -99         -99         614         616
         -99         -99         615         617
         -99         -99         616         618
         -99         -99         617         619
         -99         -99         618         620
         -99         -99         619         621
         -99         -99         620         622
         -99         -99         621         623
         -99         -99         622         624
         -99         -99         623         625
         -99         -99         624         626
         -99         -99         625         627
         -99         -99         626         628
         -99         -99         627         629
         -99         -99         628         630
         -99         -99         629         631
         -99         -99         630         632
         -99         -99         631         633
         -99         -99         632         634
         -99         -99         633         635
         -99         -99         634         636
         -99         -99         635         637
         -99         -99         636         638
         -99         -99         637         639
         -99         -99         638         640
         -99         -99         639         641
         -99         -99         640         642
         -99         -99         641         643
         -99         -99         642         644
         -99         -99         643         645
         -99         -99         644         646
         -99         -99         645         647
         -99         -99         646         648
         -99         -99         647         649
         -99         -99         648         650
         -99         -99         649         651
         -99         -99         650         652
         -99         -99         651         653
         -99         -99         652         654
         -99         -99         653         655
         -99         -99         654         656
         -99         -99         655         657
         -99         -99         656         658
         -99         -99         657         659
         -99         -99         658         660
         -99         -99         659         661
         -99         -99         660         662
         -99         -99         661         663
         -99         -99         662         664
         -99         -99         663         665
         -99         -99         664         666
         -99         -99         665         667
         -99         -99         666         668
         -99         -99         667         669
         -99         -99         668         670
         -99         -99         669         671
         -99         -99         670         672
         -99         -99         671         673
         -99         -99         672         674
         -99         -99         673         675
         -99         -99         674         676
         -99         -99         675         677
         -99         -99         676         678
         -99         -99         677         679
         -99         -99         678         680
         -99         -99         679         681
         -99         -99         680         682
         -99         -99         681         683
         -99         -99         682         684
         -99         -99         683         685
         -99         -99         684         686
         -99         -99         685         687
         -99         -99         686         688
         -99         -99         687         689
         -99         -99         688         690
         -99         -99         689         691
         -99         -99         690         692
         -99         -99         691         693
         -99         -99         692         694
         -99         -99         693         695
         -99         -99         694         696
         -99         -99         695         697
         -99         -99         696         698
         -99         -99         697         699
         -99         -99         698         700
         -99         -99         699         701
         -99         -99         700         702
         -99         -99         701         703
         -99         -99         702         704
         -99         -99         703         705
         -99         -99         704         706
         -99         -99         705         707
         -99         -99         706         708
         -99         -99         707         709
         -99         -99         708         710
         -99         -99         709         711
         -99         -99         710         712
         -99         -99         711         713
         -99         -99         712         714
         -99         -99         713         715
         -99         -99         714         716
         -99         -99         715         717
         -99         -99         716         718
         -99         -99         717         719
         -99         -99         718         720
         -99         -99         719         721
         -99         -99         720         722
         -99         -99         721         723
         -99         -99         722         724
         -99         -99         723         725
         -99         -99         724         726
         -99         -99         725         727
         -99         -99         726         728
         -99         -99         727         729
         -99         -99         728         730
         -99         -99         729         731
         -99         -99         730         732
         -99         -99         731         733
         -99         -99         732         734
         -99         -99         733         735
         -99         -99         734         736
         -99         -99         735         737
         -99         -99         736         738
         -99         -99         737         739
         -99         -99         738         740
         -99         -99         739         741
         -99         -99         740         742
         -99         -99         741         743
         -99         -99         742         744
         -99         -99         743         745
         -99         -99         744         746
         -99         -99         745         747
         -99         -99         746         748
         -99         -99         747         749
         -99         -99         748         750
         -99         -99         749         751
         -99         -99         750         752
         -99         -99         751         753
         -99         -99         752         754
         -99         -99         753         755
         -99         -99         754         756
         -99         -99         755         757
         -99         -99         756         758
         -99         -99         757         759
         -99         -99         758         760
         -99         -99         759         761
         -99         -99         760         762
         -99         -99         761         763
         -99         -99         762         764
         -99         -99         763         765
         -99         -99         764         766
         -99         -99         765         767
         -99         -99         766         768
         -99         -99         767         769
         -99         -99         768         770
         -99         -99         769         771
         -99         -99         770         772
         -99         -99         771         773
         -99         -99         772         774
         -99         -99         773         775
         -99         -99         774         776
         -99         -99         775         777
         -99         -99         776         778
         -99         -99         777         779
         -99         -99         778         780
         -99         -99         779         781
         -99         -99         780         782
         -99         -99         781         783
         -99         -99         782         784
         -99         -99         783         785
         -99         -99         784         786
         -99         -99         785         787
         -99         -99         786         788
         -99         -99         787         789
         -99         -99         788         790
         -99         -99         789         791
         -99         -99         790         792
         -99         -99         791         793
         -99         -99         792         794
         -99         -99         793         795
         -99         -99         794         796
         -99         -99         795         797
         -99         -99         796         798
         -99         -99         797         799
         -99         -99         798         800
         -99         -99         799         801
         -99         -99         800         802
         -99         -99         801         803
         -99         -99         802         804
         -99         -99         803         805
         -99         -99         804         806
         -99         -99         805         807
         -99         -99         806         808
         -99         -99         807         809
         -99         -99         808         810
         -99         -99         809         811
         -99         -99         810         812
         -99         -99         811         813
         -99         -99         812         814
         -99         -99         813         815
         -99         -99         814         816
         -99         -99         815         817
         -99         -99         816         818
         -99         -99         817         819
         -99         -99         818         820
         -99         -99         819         821
         -99         -99         820         822
         -99         -99         821         823
         -99         -99         822         824
         -99         -99         823         825
         -99         -99         824         826
         -99         -99         825         827
         -99         -99         826         828
         -99         -99         827         829
         -99         -99         828         830
         -99         -99         829         831
         -99         -99         830         832
         -99         -99         831         833
         -99         -99         832         834
         -99         -99         833         835
         -99         -99         834         836
         -99         -99         835         837
         -99         -99         836         838
         -99         -99         837         839
         -99         -99         838         840
         -99         -99         839         841
         -99         -99         840         842
         -99         -99         841         843
         -99         -99         842         844
         -99         -99         843         845
         -99         -99         844         846
         -99         -99         845         847
         -99         -99         846         848
         -99         -99         847         849
         -99         -99         848         850
         -99         -99         849         851
         -99         -99         850         852
         -99         -99         851         853
         -99         -99         852         854
         -99         -99         853         855
         -99         -99         854         856
         -99         -99         855         857
         -99         -99         856         858
         -99         -99         857         859
         -99         -99         858         860
         -99         -99         859         861
         -99         -99         860         862
         -99         -99         861         863
         -99         -99         862         864
         -99         -99         863         865
         -99         -99         864         866
         -99         -99         865         867
         -99         -99         866         868
         -99         -99         867         869
         -99         -99         868         870
         -99         -99         869         871
         -99         -99         870         872
         -99         -99         871         873
         -99         -99         872         874
         -99         -99         873         875
         -99         -99         874         876
         -99         -99         875         877
         -99         -99         876         878
         -99         -99         877         879
         -99         -99         878         880
         -99         -99         879         881
         -99         -99         880         882
         -99         -99         881         883
         -99         -99         882         884
         -99         -99         883         885
         -99         -99         884         886
         -99         -99         885         887
         -99         -99         886         888
         -99         -99         887         889
         -99         -99         888         890
         -99         -99         889         891
         -99         -99         890         892
         -99         -99         891         893
         -99         -99         892         894
         -99         -99         893         895
         -99         -99         894         896
         -99         -99         895         897
         -99         -99         896         898
         -99         -99         897         899
         -99         -99         898         900
         -99         -99         899         901
         -99         -99         900         902
         -99         -99         901         903
         -99         -99         902         904
         -99         -99         903         905
         -99         -99         904         906
         -99         -99         905         907
         -99         -99         906         908
         -99         -99         907         909
         -99         -99         908         910
         -99         -99         909         911
         -99         -99         910         912
         -99         -99         911         913
         -99         -99         912         914
         -99         -99         913         915
         -99         -99         914         916
         -99         -99         915         917
         -99         -99         916         918
         -99         -99         917         919
         -99         -99         918         920
         -99         -99         919         921
         -99         -99         920         922
         -99         -99         921         923
         -99         -99         922         924
         -99         -99         923         925
         -99         -99         924         926
         -99         -99         925         927
         -99         -99         926         928
         -99         -99         927         929
         -99         -99         928         930
         -99         -99         929         931
         -99         -99         930         932
         -99         -99         931         933
         -99         -99         932         934
         -99         -99         933         935
         -99         -99         934         936
         -99         -99         935         937
         -99         -99         936         938
         -99         -99         937         939
         -99         -99         938         940
         -99         -99         939         941
         -99         -99         940         942
         -99         -99         941         943
         -99         -99         942         944
         -99         -99         943         945
         -99         -99         944         946
         -99         -99         945         947
         -99         -99         946         948
         -99         -99         947         949
         -99         -99         948         950
         -99         -99         949         951
         -99         -99         950         952
         -99         -99         951         953
         -99         -99         952         954
         -99         -99         953         955
         -99         -99         954         956
         -99         -99         955         957
         -99         -99         956         958
         -99         -99         957         959
         -99         -99         958         960
         -99         -99         959         961
         -99         -99         960         962
         -99         -99         961         963
         -99         -99         962         964
         -99         -99         963         965
         -99         -99         964         966
         -99         -99         965         967
         -99         -99         966         968
         -99         -99         967         969
         -99         -99         968         970
         -99         -99         969         971
         -99         -99         970         972
         -99         -99         971         973
         -99         -99         972         974
         -99         -99         973         975
         -99         -99         974         976
         -99         -99         975         977
         -99         -99         976         978
         -99         -99         977         979
         -99         -99         978         980
         -99         -99         979         981
         -99         -99         980         982
         -99         -99         981         983
         -99         -99         982         984
         -99         -99         983         985
         -99         -99         984         986
         -99         -99         985         987
         -99         -99         986         988
         -99         -99         987         989
         -99         -99         988         990
         -99         -99         989         991
         -99         -99         990         992
         -99         -99         991         993
         -99         -99         992         994
         -99         -99         993         995
         -99         -99         994         996
         -99         -99         995         997
         -99         -99         996         998
         -99         -99         997         999
         -99         -99         998        1000
         -99         -99         999        1001
         -99         -99        1000        1002
         -99         -99        1001        1003
         -99         -99        1002        1004
         -99         -99        1003        1005
         -99         -99        1004        1006
         -99         -99        1005        1007
         -99         -99        1006        1008
         -99         -99        1007        1009
         -99         -99        1008        1010
         -99         -99        1009        1011
         -99         -99        1010        1012
         -99         -99        1011        1013
         -99         -99        1012        1014
         -99         -99        1013        1015
         -99         -99        1014        1016
         -99         -99        1015        1017
         -99         -99        1016        1018
         -99         -99        1017        1019
         -99         -99        1018        1020
         -99         -99        1019        1021
         -99         -99        1020        1022
         -99         -99        1021        1023
         -99         -99        1022        1024
         -99         -99        1023        1025
         -99         -99        1024        1026
         -99         -99        1025        1027
         -99         -99        1026        1028
         -99         -99        1027        1029
         -99         -99        1028        1030
         -99         -99        1029        1031
         -99         -99        1030        1032
         -99         -99        1031        1033
         -99         -99        1032        1034
         -99         -99        1033        1035
         -99         -99        1034        1036
         -99         -99        1035        1037
         -99         -99        1036        1038
         -99         -99        1037        1039
         -99         -99        1038        1040
         -99         -99        1039        1041
         -99         -99        1040        1042
         -99         -99        1041        1043
         -99         -99        1042        1044
         -99         -99        1043        1045
         -99         -99        1044        1046
         -99         -99        1045        1047
         -99         -99        1046        1048
         -99         -99        1047        1049
         -99         -99        1048        1050
         -99         -99        1049        1051
         -99         -99        1050        1052
         -99         -99        1051        1053
         -99         -99        1052        1054
         -99         -99        1053        1055
         -99         -99        1054        1056
         -99         -99        1055        1057
         -99         -99        1056        1058
         -99         -99        1057        1059
         -99         -99        1058        1060
         -99         -99        1059        1061
         -99         -99        1060        1062
         -99         -99        1061        1063
         -99         -99        1062        1064
         -99         -99        1063        1065
         -99         -99        1064        1066
         -99         -99        1065        1067
         -99         -99        1066        1068
         -99         -99        1067        1069
         -99         -99        1068        1070
         -99         -99        1069        1071
         -99         -99        1070        1072
         -99         -99        1071        1073
         -99         -99        1072        1074
         -99         -99        1073        1075
         -99         -99        1074        1076
         -99         -99        1075        1077
         -99         -99        1076        1078
         -99         -99        1077        1079
         -99         -99        1078        1080
         -99         -99        1079        1081
         -99         -99        1080        1082
         -99         -99        1081        1083
         -99         -99        1082        1084
         -99         -99        1083        1085
         -99         -99        1084        1086
         -99         -99        1085        1087
         -99         -99        1086        1088
         -99         -99        1087        1089
         -99         -99        1088        1090
         -99         -99        1089        1091
         -99         -99        1090        1092
         -99         -99        1091        1093
         -99         -99        1092        1094
         -99         -99        1093        1095
         -99         -99        1094        1096
         -99         -99        1095        1097
         -99         -99        1096        1098
         -99         -99        1097        1099
         -99         -99        1098        1100
         -99         -99        1099        1101
         -99         -99        1100        1102
         -99         -99        1101        1103
         -99         -99        1102        1104
         -99         -99        1103        1105
         -99         -99        1104        1106
         -99         -99        1105        1107
         -99         -99        1106        1108
         -99         -99        1107        1109
         -99         -99        1108        1110
         -99         -99        1109        1111
         -99         -99        1110        1112
         -99         -99        1111        1113
         -99         -99        1112        1114
         -99         -99        1113        1115
         -99         -99        1114        1116
         -99         -99        1115        1117
         -99         -99        1116        1118
         -99         -99        1117        1119
         -99         -99        1118        1120
         -99         -99        1119        1121
         -99         -99        1120        1122
         -99         -99        1121        1123
         -99         -99        1122        1124
         -99         -99        1123        1125
         -99         -99        1124        1126
         -99         -99        1125        1127
         -99         -99        1126        1128
         -99         -99        1127        1129
         -99         -99        1128        1130
         -99         -99        1129        1131
         -99         -99        1130        1132
         -99         -99        1131        1133
         -99         -99        1132        1134
         -99         -99        1133        1135
         -99         -99        1134        1136
         -99         -99        1135        1137
         -99         -99        1136        1138
         -99         -99        1137        1139
         -99         -99        1138        1140
         -99         -99        1139        1141
         -99         -99        1140        1142
         -99         -99        1141        1143
         -99         -99        1142        1144
         -99         -99        1143        1145
         -99         -99        1144        1146
         -99         -99        1145        1147
         -99         -99        1146        1148
         -99         -99        1147        1149
         -99         -99        1148        1150
         -99         -99        1149        1151
         -99         -99        1150        1152
         -99         -99        1151        1153
         -99         -99        1152        1154
         -99         -99        1153        1155
         -99         -99        1154        1156
         -99         -99        1155        1157
         -99         -99        1156        1158
         -99         -99        1157        1159
         -99         -99        1158        1160
         -99         -99        1159        1161
         -99         -99        1160        1162
         -99         -99        1161        1163
         -99         -99        1162        1164
         -99         -99        1163        1165
         -99         -99        1164        1166
         -99         -99        1165        1167
         -99         -99        1166        1168
         -99         -99        1167        1169
         -99         -99        1168        1170
         -99         -99        1169        1171
         -99         -99        1170        1172
         -99         -99        1171        1173
         -99         -99        1172        1174
         -99         -99        1173        1175
         -99         -99        1174        1176
         -99         -99        1175        1177
         -99         -99        1176        1178
         -99         -99        1177        1179
         -99         -99        1178        1180
         -99         -99        1179        1181
         -99         -99        1180        1182
         -99         -99        1181        1183
         -99         -99        1182        1184
         -99         -99        1183        1185
         -99         -99        1184        1186
         -99         -99        1185        1187
         -99         -99        1186        1188
         -99         -99        1187        1189
         -99         -99        1188        1190
         -99         -99        1189        1191
         -99         -99        1190        1192
         -99         -99        1191        1193
         -99         -99        1192        1194
         -99         -99        1193        1195
         -99         -99        1194        1196
         -99         -99        1195        1197
         -99         -99        1196        1198
         -99         -99        1197        1199
         -99         -99        1198        1200
         -99         -99        1199        1201
         -99         -99        1200        1202
         -99         -99        1201        1203
         -99         -99        1202        1204
         -99         -99        1203        1205
         -99         -99        1204        1206
         -99         -99        1205        1207
         -99         -99        1206        1208
         -99         -99        1207        1209
         -99         -99        1208        1210
         -99         -99        1209        1211
         -99         -99        1210        1212
         -99         -99        1211        1213
         -99         -99        1212        1214
         -99         -99        1213        1215
         -99         -99        1214        1216
         -99         -99        1215        1217
         -99         -99        1216        1218
         -99         -99        1217        1219
         -99         -99        1218        1220
         -99         -99        1219        1221
         -99         -99        1220        1222
         -99         -99        1221        1223
         -99         -99        1222        1224
         -99         -99        1223        1225
         -99         -99        1224        1226
         -99         -99        1225        1227
         -99         -99        1226        1228
         -99         -99        1227        1229
         -99         -99        1228        1230
         -99         -99        1229        1231
         -99         -99        1230        1232
         -99         -99        1231        1233
         -99         -99        1232        1234
         -99         -99        1233        1235
         -99         -99        1234        1236
         -99         -99        1235        1237
         -99         -99        1236        1238
         -99         -99        1237        1239
         -99         -99        1238        1240
         -99         -99        1239        1241
         -99         -99        1240        1242
         -99         -99        1241        1243
         -99         -99        1242        1244
         -99         -99        1243        1245
         -99         -99        1244        1246
         -99         -99        1245        1247
         -99         -99        1246        1248
         -99         -99        1247        1249
         -99         -99        1248        1250
         -99         -99        1249        1251
         -99         -99        1250        1252
         -99         -99        1251        1253
         -99         -99        1252        1254
         -99         -99        1253        1255
         -99         -99        1254        1256
         -99         -99        1255        1257
         -99         -99        1256        1258
         -99         -99        1257        1259
         -99         -99        1258        1260
         -99         -99        1259        1261
         -99         -99        1260        1262
         -99         -99        1261        1263
         -99         -99        1262        1264
         -99         -99        1263        1265
         -99         -99        1264        1266
         -99         -99        1265        1267
         -99         -99        1266        1268
         -99         -99        1267        1269
         -99         -99        1268        1270
         -99         -99        1269        1271
         -99         -99        1270        1272
         -99         -99        1271        1273
         -99         -99        1272        1274
         -99         -99        1273        1275
         -99         -99        1274        1276
         -99         -99        1275        1277
         -99         -99        1276        1278
         -99         -99        1277        1279
         -99         -99        1278        1280
         -99         -99        1279        1281
         -99         -99        1280        1282
         -99         -99        1281        1283
         -99         -99        1282        1284
         -99         -99        1283        1285
         -99         -99        1284        1286
         -99         -99        1285        1287
         -99         -99        1286        1288
         -99         -99        1287        1289
         -99         -99        1288        1290
         -99         -99        1289        1291
         -99         -99        1290        1292
         -99         -99        1291        1293
         -99         -99        1292        1294
         -99         -99        1293        1295
         -99         -99        1294        1296
         -99         -99        1295        1297
         -99         -99        1296        1298
         -99         -99        1297        1299
         -99         -99        1298        1300
         -99         -99        1299        1301
         -99         -99        1300        1302
         -99         -99        1301        1303
         -99         -99        1302        1304
         -99         -99        1303        1305
         -99         -99        1304        1306
         -99         -99        1305        1307
         -99         -99        1306        1308
         -99         -99        1307        1309
         -99         -99        1308        1310
         -99         -99        1309        1311
         -99         -99        1310        1312
         -99         -99        1311        1313
         -99         -99        1312        1314
         -99         -99        1313        1315
         -99         -99        1314        1316
         -99         -99        1315        1317
         -99         -99        1316        1318
         -99         -99        1317        1319
         -99         -99        1318        1320
         -99         -99        1319        1321
         -99         -99        1320        1322
         -99         -99        1321        1323
         -99         -99        1322        1324
         -99         -99        1323        1325
         -99         -99        1324        1326
         -99         -99        1325        1327
         -99         -99        1326        1328
         -99         -99        1327        1329
         -99         -99        1328        1330
         -99         -99        1329        1331
         -99         -99        1330        1332
         -99         -99        1331        1333
         -99         -99        1332        1334
         -99         -99        1333        1335
         -99         -99        1334        1336
         -99         -99        1335        1337
         -99         -99        1336        1338
         -99         -99        1337        1339
         -99         -99        1338        1340
         -99         -99        1339        1341
         -99         -99        1340        1342
         -99         -99        1341        1343
         -99         -99        1342        1344
         -99         -99        1343        1345
         -99         -99        1344        1346
         -99         -99        1345        1347
         -99         -99        1346        1348
         -99         -99        1347        1349
         -99         -99        1348        1350
         -99         -99        1349        1351
         -99         -99        1350        1352
         -99         -99        1351        1353
         -99         -99        1352        1354
         -99         -99        1353        1355
         -99         -99        1354        1356
         -99         -99        1355        1357
         -99         -99        1356        1358
         -99         -99        1357        1359
         -99         -99        1358        1360
         -99         -99        1359        1361
         -99         -99        1360        1362
         -99         -99        1361        1363
         -99         -99        1362        1364
         -99         -99        1363        1365
         -99         -99        1364        1366
         -99         -99        1365        1367
         -99         -99        1366        1368
         -99         -99        1367        1369
         -99         -99        1368        1370
         -99         -99        1369        1371
         -99         -99        1370        1372
         -99         -99        1371        1373
         -99         -99        1372        1374
         -99         -99        1373        1375
         -99         -99        1374        1376
         -99         -99        1375        1377
         -99         -99        1376        1378
         -99         -99        1377        1379
         -99         -99        1378        1380
         -99         -99        1379        1381
         -99         -99        1380        1382
         -99         -99        1381        1383
         -99         -99        1382        1384
         -99         -99        1383        1385
         -99         -99        1384        1386
         -99         -99        1385        1387
         -99         -99        1386        1388
         -99         -99        1387        1389
         -99         -99        1388        1390
         -99         -99        1389        1391
         -99         -99        1390        1392
         -99         -99        1391        1393
         -99         -99        1392        1394
         -99         -99        1393        1395
         -99         -99        1394        1396
         -99         -99        1395        1397
         -99         -99        1396        1398
         -99         -99        1397        1399
         -99         -99        1398        1400
         -99         -99        1399        1401
         -99         -99        1400        1402
         -99         -99        1401        1403
         -99         -99        1402        1404
         -99         -99        1403        1405
         -99         -99        1404        1406
         -99         -99        1405        1407
         -99         -99        1406        1408
         -99         -99        1407        1409
         -99         -99        1408        1410
         -99         -99        1409        1411
         -99         -99        1410        1412
         -99         -99        1411        1413
         -99         -99        1412        1414
         -99         -99        1413        1415
         -99         -99        1414        1416
         -99         -99        1415        1417
         -99         -99        1416        1418
         -99         -99        1417        1419
         -99         -99        1418        1420
         -99         -99        1419        1421
         -99         -99        1420        1422
         -99         -99        1421        1423
         -99         -99        1422        1424
         -99         -99        1423        1425
         -99         -99        1424        1426
         -99         -99        1425        1427
         -99         -99        1426        1428
         -99         -99        1427        1429
         -99         -99        1428        1430
         -99         -99        1429        1431
         -99         -99        1430        1432
         -99         -99        1431        1433
         -99         -99        1432        1434
         -99         -99        1433        1435
         -99         -99        1434        1436
         -99         -99        1435        1437
         -99         -99        1436        1438
         -99         -99        1437        1439
         -99         -99        1438        1440
         -99         -99        1439        1441
         -99         -99        1440        1442
         -99         -99        1441        1443
         -99         -99        1442        1444
         -99         -99        1443        1445
         -99         -99        1444        1446
         -99         -99        1445        1447
         -99         -99        1446        1448
         -99         -99        1447        1449
         -99         -99        1448        1450
         -99         -99        1449        1451
         -99         -99        1450        1452
         -99         -99        1451        1453
         -99         -99        1452        1454
         -99         -99        1453        1455
         -99         -99        1454        1456
         -99         -99        1455        1457
         -99         -99        1456        1458
         -99         -99        1457        1459
         -99         -99        1458        1460
         -99         -99        1459        1461
         -99         -99        1460        1462
         -99         -99        1461        1463
         -99         -99        1462        1464
         -99         -99        1463        1465
         -99         -99        1464        1466
         -99         -99        1465        1467
         -99         -99        1466        1468
         -99         -99        1467        1469
         -99         -99        1468        1470
         -99         -99        1469        1471
         -99         -99        1470        1472
         -99         -99        1471        1473
         -99         -99        1472        1474
         -99         -99        1473        1475
         -99         -99        1474        1476
         -99         -99        1475        1477
         -99         -99        1476        1478
         -99         -99        1477        1479
         -99         -99        1478        1480
         -99         -99        1479        1481
         -99         -99        1480        1482
         -99         -99        1481        1483
         -99         -99        1482        1484
         -99         -99        1483        1485
         -99         -99        1484        1486
         -99         -99        1485        1487
         -99         -99        1486        1488
         -99         -99        1487        1489
         -99         -99        1488        1490
         -99         -99        1489        1491
         -99         -99        1490        1492
         -99         -99        1491        1493
         -99         -99        1492        1494
         -99         -99        1493        1495
         -99         -99        1494        1496
         -99         -99        1495        1497
         -99         -99        1496        1498
         -99         -99        1497        1499
         -99         -99        1498        1500
         -99         -99        1499        1501
         -99         -99        1500        1502
         -99         -99        1501        1503
         -99         -99        1502        1504
         -99         -99        1503        1505
         -99         -99        1504        1506
         -99         -99        1505        1507
         -99         -99        1506        1508
         -99         -99        1507        1509
         -99         -99        1508        1510
         -99         -99        1509        1511
         -99         -99        1510        1512
         -99         -99        1511        1513
         -99         -99        1512        1514
         -99         -99        1513        1515
         -99         -99        1514        1516
         -99         -99        1515        1517
         -99         -99        1516        1518
         -99         -99        1517        1519
         -99         -99        1518        1520
         -99         -99        1519        1521
         -99         -99        1520        1522
         -99         -99        1521        1523
         -99         -99        1522        1524
         -99         -99        1523        1525
         -99         -99        1524        1526
         -99         -99        1525        1527
         -99         -99        1526        1528
         -99         -99        1527        1529
         -99         -99        1528        1530
         -99         -99        1529        1531
         -99         -99        1530        1532
         -99         -99        1531        1533
         -99         -99        1532        1534
         -99         -99        1533        1535
         -99         -99        1534        1536
         -99         -99        1535        1537
         -99         -99        1536        1538
         -99         -99        1537        1539
         -99         -99        1538        1540
         -99         -99        1539        1541
         -99         -99        1540        1542
         -99         -99        1541        1543
         -99         -99        1542        1544
         -99         -99        1543        1545
         -99         -99        1544        1546
         -99         -99        1545        1547
         -99         -99        1546        1548
         -99         -99        1547        1549
         -99         -99        1548        1550
         -99         -99        1549        1551
         -99         -99        1550        1552
         -99         -99        1551        1553
         -99         -99        1552        1554
         -99         -99        1553        1555
         -99         -99        1554        1556
         -99         -99        1555        1557
         -99         -99        1556        1558
         -99         -99        1557        1559
         -99         -99        1558        1560
         -99         -99        1559        1561
         -99         -99        1560        1562
         -99         -99        1561        1563
         -99         -99        1562        1564
         -99         -99        1563        1565
         -99         -99        1564        1566
         -99         -99        1565        1567
         -99         -99        1566        1568
         -99         -99        1567        1569
         -99         -99        1568        1570
         -99         -99        1569        1571
         -99         -99        1570        1572
         -99         -99        1571        1573
         -99         -99        1572        1574
         -99         -99        1573        1575
         -99         -99        1574        1576
         -99         -99        1575        1577
         -99         -99        1576        1578
         -99         -99        1577        1579
         -99         -99        1578        1580
         -99         -99        1579        1581
         -99         -99        1580        1582
         -99         -99        1581        1583
         -99         -99        1582        1584
         -99         -99        1583        1585
         -99         -99        1584        1586
         -99         -99        1585        1587
         -99         -99        1586        1588
         -99         -99        1587        1589
         -99         -99        1588        1590
         -99         -99        1589        1591
         -99         -99        1590        1592
         -99         -99        1591        1593
         -99         -99        1592        1594
         -99         -99        1593        1595
         -99         -99        1594        1596
         -99         -99        1595        1597
         -99         -99        1596        1598
         -99         -99        1597        1599
         -99         -99        1598        1600
         -99         -99        1599        1601
         -99         -99        1600        1602
         -99         -99        1601        1603
         -99         -99        1602        1604
         -99         -99        1603        1605
         -99         -99        1604        1606
         -99         -99        1605        1607
         -99         -99        1606        1608
         -99         -99        1607        1609
         -99         -99        1608        1610
         -99         -99        1609        1611
         -99         -99        1610        1612
         -99         -99        1611        1613
         -99         -99        1612        1614
         -99         -99        1613        1615
         -99         -99        1614        1616
         -99         -99        1615        1617
         -99         -99        1616        1618
         -99         -99        1617        1619
         -99         -99        1618        1620
         -99         -99        1619        1621
         -99         -99        1620        1622
         -99         -99        1621        1623
         -99         -99        1622        1624
         -99         -99        1623        1625
         -99         -99        1624        1626
         -99         -99        1625        1627
         -99         -99        1626        1628
         -99         -99        1627        1629
         -99         -99        1628        1630
         -99         -99        1629        1631
         -99         -99        1630        1632
         -99         -99        1631        1633
         -99         -99        1632        1634
         -99         -99        1633        1635
         -99         -99        1634        1636
         -99         -99        1635        1637
         -99         -99        1636        1638
         -99         -99        1637        1639
         -99         -99        1638        1640
         -99         -99        1639        1641
         -99         -99        1640        1642
         -99         -99        1641        1643
         -99         -99        1642        1644
         -99         -99        1643        1645
         -99         -99        1644        1646
         -99         -99        1645        1647
         -99         -99        1646        1648
         -99         -99        1647        1649
         -99         -99        1648        1650
         -99         -99        1649        1651
         -99         -99        1650        1652
         -99         -99        1651        1653
         -99         -99        1652        1654
         -99         -99        1653        1655
         -99         -99        1654        1656
         -99         -99        1655        1657
         -99         -99        1656        1658
         -99         -99        1657        1659
         -99         -99        1658        1660
         -99         -99        1659        1661
         -99         -99        1660        1662
         -99         -99        1661        1663
         -99         -99        1662        1664
         -99         -99        1663        1665
         -99         -99        1664        1666
         -99         -99        1665        1667
         -99         -99        1666        1668
         -99         -99        1667        1669
         -99         -99        1668        1670
         -99         -99        1669        1671
         -99         -99        1670        1672
         -99         -99        1671        1673
         -99         -99        1672        1674
         -99         -99        1673        1675
         -99         -99        1674        1676
         -99         -99        1675        1677
         -99         -99        1676        1678
         -99         -99        1677        1679
         -99         -99        1678        1680
         -99         -99        1679        1681
         -99         -99        1680        1682
         -99         -99        1681        1683
         -99         -99        1682        1684
         -99         -99        1683        1685
         -99         -99        1684        1686
         -99         -99        1685        1687
         -99         -99        1686        1688
         -99         -99        1687        1689
         -99         -99        1688        1690
         -99         -99        1689        1691
         -99         -99        1690        1692
         -99         -99        1691        1693
         -99         -99        1692        1694
         -99         -99        1693        1695
         -99         -99        1694        1696
         -99         -99        1695        1697
         -99         -99        1696        1698
         -99         -99        1697        1699
         -99         -99        1698        1700
         -99         -99        1699        1701
         -99         -99        1700        1702
         -99         -99        1701        1703
         -99         -99        1702        1704
         -99         -99        1703        1705
         -99         -99        1704        1706
         -99         -99        1705        1707
         -99         -99        1706        1708
         -99         -99        1707        1709
         -99         -99        1708        1710
         -99         -99        1709        1711
         -99         -99        1710        1712
         -99         -99        1711        1713
         -99         -99        1712        1714
         -99         -99        1713        1715
         -99         -99        1714        1716
         -99         -99        1715        1717
         -99         -99        1716        1718
         -99         -99        1717        1719
         -99         -99        1718        1720
         -99         -99        1719        1721
         -99         -99        1720        1722
         -99         -99        1721        1723
         -99         -99        1722        1724
         -99         -99        1723        1725
         -99         -99        1724        1726
         -99         -99        1725        1727
         -99         -99        1726        1728
         -99         -99        1727        1729
         -99         -99        1728        1730
         -99         -99        1729        1731
         -99         -99        1730        1732
         -99         -99        1731        1733
         -99         -99        1732        1734
         -99         -99        1733        1735
         -99         -99        1734        1736
         -99         -99        1735        1737
         -99         -99        1736        1738
         -99         -99        1737        1739
         -99         -99        1738        1740
         -99         -99        1739        1741
         -99         -99        1740        1742
         -99         -99        1741        1743
         -99         -99        1742        1744
         -99         -99        1743        1745
         -99         -99        1744        1746
         -99         -99        1745        1747
         -99         -99        1746        1748
         -99         -99        1747        1749
         -99         -99        1748        1750
         -99         -99        1749        1751
         -99         -99        1750        1752
         -99         -99        1751        1753
         -99         -99        1752        1754
         -99         -99        1753        1755
         -99         -99        1754        1756
         -99         -99        1755        1757
         -99         -99        1756        1758
         -99         -99        1757        1759
         -99         -99        1758        1760
         -99         -99        1759        1761
         -99         -99        1760        1762
         -99         -99        1761        1763
         -99         -99        1762        1764
         -99         -99        1763        1765
         -99         -99        1764        1766
         -99         -99        1765        1767
         -99         -99        1766        1768
         -99         -99        1767        1769
         -99         -99        1768        1770
         -99         -99        1769        1771
         -99         -99        1770        1772
         -99         -99        1771        1773
         -99         -99        1772        1774
         -99         -99        1773        1775
         -99         -99        1774        1776
         -99         -99        1775        1777
         -99         -99        1776        1778
         -99         -99        1777        1779
         -99         -99        1778        1780
         -99         -99        1779        1781
         -99         -99        1780        1782
         -99         -99        1781        1783
         -99         -99        1782        1784
         -99         -99        1783        1785
         -99         -99        1784        1786
         -99         -99        1785        1787
         -99         -99        1786        1788
         -99         -99        1787        1789
         -99         -99        1788        1790
         -99         -99        1789        1791
         -99         -99        1790        1792
         -99         -99        1791        1793
         -99         -99        1792        1794
         -99         -99        1793        1795
         -99         -99        1794        1796
         -99         -99        1795        1797
         -99         -99        1796        1798
         -99         -99        1797        1799
         -99         -99        1798        1800
         -99         -99        1799        1801
         -99         -99        1800        1802
         -99         -99        1801        1803
         -99         -99        1802        1804
         -99         -99        1803        1805
         -99         -99        1804        1806
         -99         -99        1805        1807
         -99         -99        1806        1808
         -99         -99        1807        1809
         -99         -99        1808        1810
         -99         -99        1809        1811
         -99         -99        1810        1812
         -99         -99        1811        1813
         -99         -99        1812        1814
         -99         -99        1813        1815
         -99         -99        1814        1816
         -99         -99        1815        1817
         -99         -99        1816        1818
         -99         -99        1817        1819
         -99         -99        1818        1820
         -99         -99        1819        1821
         -99         -99        1820        1822
         -99         -99        1821        1823
         -99         -99        1822        1824
         -99         -99        1823        1825
         -99         -99        1824        1826
         -99         -99        1825        1827
         -99         -99        1826        1828
         -99         -99        1827        1829
         -99         -99        1828        1830
         -99         -99        1829        1831
         -99         -99        1830        1832
         -99         -99        1831        1833
         -99         -99        1832        1834
         -99         -99        1833        1835
         -99         -99        1834        1836
         -99         -99        1835        1837
         -99         -99        1836        1838
         -99         -99        1837        1839
         -99         -99        1838        1840
         -99         -99        1839        1841
         -99         -99        1840        1842
         -99         -99        1841        1843
         -99         -99        1842        1844
         -99         -99        1843        1845
         -99         -99        1844        1846
         -99         -99        1845        1847
         -99         -99        1846        1848
         -99         -99        1847        1849
         -99         -99        1848        1850
         -99         -99        1849        1851
         -99         -99        1850        1852
         -99         -99        1851        1853
         -99         -99        1852        1854
         -99         -99        1853        1855
         -99         -99        1854        1856
         -99         -99        1855        1857
         -99         -99        1856        1858
         -99         -99        1857        1859
         -99         -99        1858        1860
         -99         -99        1859        1861
         -99         -99        1860        1862
         -99         -99        1861        1863
         -99         -99        1862        1864
         -99         -99        1863        1865
         -99         -99        1864        1866
         -99         -99        1865        1867
         -99         -99        1866        1868
         -99         -99        1867        1869
         -99         -99        1868        1870
         -99         -99        1869        1871
         -99         -99        1870        1872
         -99         -99        1871        1873
         -99         -99        1872        1874
         -99         -99        1873        1875
         -99         -99        1874        1876
         -99         -99        1875        1877
         -99         -99        1876        1878
         -99         -99        1877        1879
         -99         -99        1878        1880
         -99         -99        1879        1881
         -99         -99        1880        1882
         -99         -99        1881        1883
         -99         -99        1882        1884
         -99         -99        1883        1885
         -99         -99        1884        1886
         -99         -99        1885        1887
         -99         -99        1886        1888
         -99         -99        1887        1889
         -99         -99        1888        1890
         -99         -99        1889        1891
         -99         -99        1890        1892
         -99         -99        1891        1893
         -99         -99        1892        1894
         -99         -99        1893        1895
         -99         -99        1894        1896
         -99         -99        1895        1897
         -99         -99        1896        1898
         -99         -99        1897        1899
         -99         -99        1898        1900
         -99         -99        1899        1901
         -99         -99        1900        1902
         -99         -99        1901        1903
         -99         -99        1902        1904
         -99         -99        1903        1905
         -99         -99        1904        1906
         -99         -99        1905        1907
         -99         -99        1906        1908
         -99         -99        1907        1909
         -99         -99        1908        1910
         -99         -99        1909        1911
         -99         -99        1910        1912
         -99         -99        1911        1913
         -99         -99        1912        1914
         -99         -99        1913        1915
         -99         -99        1914        1916
         -99         -99        1915        1917
         -99         -99        1916        1918
         -99         -99        1917        1919
         -99         -99        1918        1920
         -99         -99        1919        1921
         -99         -99        1920        1922
         -99         -99        1921        1923
         -99         -99        1922        1924
         -99         -99        1923        1925
         -99         -99        1924        1926
         -99         -99        1925        1927
         -99         -99        1926        1928
         -99         -99        1927        1929
         -99         -99        1928        1930
         -99         -99        1929        1931
         -99         -99        1930        1932
         -99         -99        1931        1933
         -99         -99        1932        1934
