5.0
5.042016806722689
5.084033613445378
5.126050420168067
5.168067226890757
5.2100840336134455
5.2521008403361344
5.294117647058823
5.336134453781512
5.378151260504202
5.420168067226891
5.46218487394958
5.504201680672269
5.546218487394958
5.588235294117647
5.630252100840337
5.6722689075630255
5.714285714285714
5.756302521008403
5.798319327731092
5.840336134453782
5.882352941176471
5.92436974789916
5.966386554621849
6.008403361344538
6.050420168067227
6.092436974789916
6.1344537815126055
6.176470588235294
6.218487394957983
6.260504201680672
6.302521008403361
6.344537815126051
6.38655462184874
6.428571428571429
6.470588235294118
6.512605042016807
6.554621848739496
6.5966386554621845
6.638655462184874
6.680672268907563
6.722689075630252
6.764705882352941
6.806722689075631
6.84873949579832
6.890756302521009
6.932773109243698
6.974789915966387
7.016806722689076
7.0588235294117645
7.100840336134453
7.142857142857143
7.184873949579832
7.226890756302521
7.268907563025211
7.3109243697479
7.352941176470589
7.394957983193278
7.436974789915967
7.4789915966386555
7.5210084033613445
7.563025210084033
7.605042016806722
7.647058823529412
7.689075630252101
7.73109243697479
7.77310924369748
7.815126050420169
7.857142857142858
7.899159663865547
7.9411764705882355
7.983193277310924
8.025210084033613
8.067226890756302
8.109243697478991
8.15126050420168
8.193277310924369
8.235294117647058
8.277310924369749
8.319327731092438
8.361344537815127
8.403361344537815
8.445378151260504
8.487394957983193
8.529411764705882
8.571428571428571
8.613445378151262
8.65546218487395
8.69747899159664
8.739495798319329
8.781512605042018
8.823529411764707
8.865546218487395
8.907563025210084
8.949579831932773
8.991596638655462
9.033613445378151
9.07563025210084
9.117647058823529
9.159663865546218
9.201680672268907
9.243697478991596
9.285714285714286
9.327731092436975
9.369747899159664
9.411764705882353
9.453781512605042
9.495798319327731
9.537815126050422
9.57983193277311
9.6218487394958
9.663865546218489
9.705882352941178
9.747899159663866
9.789915966386555
9.831932773109244
9.873949579831933
9.915966386554622
9.957983193277311
10.0
