         -99         -99         -99           2
         -99         -99           1           3
         -99         -99           2           4
         -99         -99           3           5
         -99         -99           4           6
         -99         -99           5           7
         -99         -99           6           8
         -99         -99           7           9
         -99         -99           8          10
         -99         -99           9          11
         -99         -99          10          12
         -99         -99          11          13
         -99         -99          12          14
         -99         -99          13          15
         -99         -99          14          16
         -99         -99          15          17
         -99         -99          16          18
         -99         -99          17          19
         -99         -99          18          20
         -99         -99          19          21
         -99         -99          20          22
         -99         -99          21          23
         -99         -99          22          24
         -99         -99          23          25
         -99         -99          24          26
         -99         -99          25          27
         -99         -99          26          28
         -99         -99          27          29
         -99         -99          28          30
         -99         -99          29          31
         -99         -99          30          32
         -99         -99          31          33
         -99         -99          32          34
         -99         -99          33          35
         -99         -99          34          36
         -99         -99          35          37
         -99         -99          36          38
         -99         -99          37          39
         -99         -99          38          40
         -99         -99          39          41
         -99         -99          40          42
         -99         -99          41          43
         -99         -99          42          44
         -99         -99          43          45
         -99         -99          44          46
         -99         -99          45          47
         -99         -99          46          48
         -99         -99          47          49
         -99         -99          48          50
         -99         -99          49          51
         -99         -99          50          52
         -99         -99          51          53
         -99         -99          52          54
         -99         -99          53          55
         -99         -99          54          56
         -99         -99          55          57
         -99         -99          56          58
         -99         -99          57          59
         -99         -99          58          60
         -99         -99          59          61
         -99         -99          60          62
         -99         -99          61          63
         -99         -99          62          64
         -99         -99          63          65
         -99         -99          64          66
         -99         -99          65          67
         -99         -99          66          68
         -99         -99          67          69
         -99         -99          68          70
         -99         -99          69          71
         -99         -99          70          72
         -99         -99          71          73
         -99         -99          72          74
         -99         -99          73          75
         -99         -99          74          76
         -99         -99          75          77
         -99         -99          76          78
         -99         -99          77          79
         -99         -99          78          80
         -99         -99          79          81
         -99         -99          80          82
         -99         -99          81          83
         -99         -99          82          84
         -99         -99          83          85
         -99         -99          84          86
         -99         -99          85          87
         -99         -99          86          88
         -99         -99          87          89
         -99         -99          88          90
         -99         -99          89          91
         -99         -99          90          92
         -99         -99          91          93
         -99         -99          92          94
         -99         -99          93          95
         -99         -99          94          96
         -99         -99          95          97
         -99         -99          96          98
         -99         -99          97          99
         -99         -99          98         100
         -99         -99          99         101
         -99         -99         100         102
         -99         -99         101         103
         -99         -99         102         104
         -99         -99         103         105
         -99         -99         104         106
         -99         -99         105         107
         -99         -99         106         108
         -99         -99         107         109
         -99         -99         108         110
         -99         -99         109         111
         -99         -99         110         112
         -99         -99         111         113
         -99         -99         112         114
         -99         -99         113         115
         -99         -99         114         116
         -99         -99         115         117
         -99         -99         116         118
         -99         -99         117         119
         -99         -99         118         120
         -99         -99         119         121
         -99         -99         120         122
         -99         -99         121         123
         -99         -99         122         124
         -99         -99         123         125
         -99         -99         124         126
         -99         -99         125         127
         -99         -99         126         128
         -99         -99         127         129
         -99         -99         128         130
         -99         -99         129         131
         -99         -99         130         132
         -99         -99         131         133
         -99         -99         132         134
         -99         -99         133         135
         -99         -99         134         136
         -99         -99         135         137
         -99         -99         136         138
         -99         -99         137         139
         -99         -99         138         140
         -99         -99         139         141
         -99         -99         140         142
         -99         -99         141         143
         -99         -99         142         144
         -99         -99         143         145
         -99         -99         144         146
         -99         -99         145         147
         -99         -99         146         148
         -99         -99         147         149
         -99         -99         148         150
         -99         -99         149         151
         -99         -99         150         152
         -99         -99         151         153
         -99         -99         152         154
         -99         -99         153         155
         -99         -99         154         156
         -99         -99         155         157
         -99         -99         156         158
         -99         -99         157         159
         -99         -99         158         160
         -99         -99         159         161
         -99         -99         160         162
         -99         -99         161         163
         -99         -99         162         164
         -99         -99         163         165
         -99         -99         164         166
         -99         -99         165         167
         -99         -99         166         168
         -99         -99         167         169
         -99         -99         168         170
         -99         -99         169         171
         -99         -99         170         172
         -99         -99         171         173
         -99         -99         172         174
         -99         -99         173         175
         -99         -99         174         176
         -99         -99         175         177
         -99         -99         176         178
         -99         -99         177         179
         -99         -99         178         180
         -99         -99         179         181
         -99         -99         180         182
         -99         -99         181         183
         -99         -99         182         184
         -99         -99         183         185
         -99         -99         184         186
         -99         -99         185         187
         -99         -99         186         188
         -99         -99         187         189
         -99         -99         188         190
         -99         -99         189         191
         -99         -99         190         192
         -99         -99         191         193
         -99         -99         192         194
         -99         -99         193         195
         -99         -99         194         196
         -99         -99         195         197
         -99         -99         196         198
         -99         -99         197         199
         -99         -99         198         200
         -99         -99         199         201
         -99         -99         200         202
         -99         -99         201         203
         -99         -99         202         204
         -99         -99         203         205
         -99         -99         204         206
         -99         -99         205         207
         -99         -99         206         208
         -99         -99         207         209
         -99         -99         208         210
         -99         -99         209         211
         -99         -99         210         212
         -99         -99         211         213
         -99         -99         212         214
         -99         -99         213         215
         -99         -99         214         216
         -99         -99         215         217
         -99         -99         216         218
         -99         -99         217         219
         -99         -99         218         220
         -99         -99         219         221
         -99         -99         220         222
         -99         -99         221         223
         -99         -99         222         224
         -99         -99         223         225
         -99         -99         224         226
         -99         -99         225         227
         -99         -99         226         228
         -99         -99         227         229
         -99         -99         228         230
         -99         -99         229         231
         -99         -99         230         232
         -99         -99         231         233
         -99         -99         232         234
         -99         -99         233         235
         -99         -99         234         236
         -99         -99         235         237
         -99         -99         236         238
         -99         -99         237         239
         -99         -99         238         240
         -99         -99         239         241
         -99         -99         240         242
         -99         -99         241         243
         -99         -99         242         244
         -99         -99         243         245
         -99         -99         244         246
         -99         -99         245         247
         -99         -99         246         248
         -99         -99         247         249
         -99         -99         248         250
         -99         -99         249         251
         -99         -99         250         252
         -99         -99         251         253
         -99         -99         252         254
         -99         -99         253         255
         -99         -99         254         256
         -99         -99         255         257
         -99         -99         256         258
         -99         -99         257         259
         -99         -99         258         260
         -99         -99         259         261
         -99         -99         260         262
         -99         -99         261         263
         -99         -99         262         264
         -99         -99         263         265
         -99         -99         264         266
         -99         -99         265         267
         -99         -99         266         268
         -99         -99         267         269
         -99         -99         268         270
         -99         -99         269         271
         -99         -99         270         272
         -99         -99         271         273
         -99         -99         272         274
         -99         -99         273         275
         -99         -99         274         276
         -99         -99         275         277
         -99         -99         276         278
         -99         -99         277         279
         -99         -99         278         280
         -99         -99         279         281
         -99         -99         280         282
         -99         -99         281         283
         -99         -99         282         284
         -99         -99         283         285
         -99         -99         284         286
         -99         -99         285         287
         -99         -99         286         288
         -99         -99         287         289
         -99         -99         288         290
         -99         -99         289         291
         -99         -99         290         292
         -99         -99         291         293
         -99         -99         292         294
         -99         -99         293         295
         -99         -99         294         296
         -99         -99         295         297
         -99         -99         296         298
         -99         -99         297         299
         -99         -99         298         300
         -99         -99         299         301
         -99         -99         300         302
         -99         -99         301         303
         -99         -99         302         304
         -99         -99         303         305
         -99         -99         304         306
         -99         -99         305         307
         -99         -99         306         308
         -99         -99         307         309
         -99         -99         308         310
         -99         -99         309         311
         -99         -99         310         312
         -99         -99         311         313
         -99         -99         312         314
         -99         -99         313         315
         -99         -99         314         316
         -99         -99         315         317
         -99         -99         316         318
         -99         -99         317         319
         -99         -99         318         320
         -99         -99         319         321
         -99         -99         320         322
         -99         -99         321         323
         -99         -99         322         324
         -99         -99         323         325
         -99         -99         324         326
         -99         -99         325         327
         -99         -99         326         328
         -99         -99         327         329
         -99         -99         328         330
         -99         -99         329         331
         -99         -99         330         332
         -99         -99         331         333
         -99         -99         332         334
         -99         -99         333         335
         -99         -99         334         336
         -99         -99         335         337
         -99         -99         336         338
