7.842175e+01
7.837030e+01
7.832825e+01
7.829488e+01
7.826947e+01
7.825131e+01
7.823966e+01
7.823380e+01
7.823301e+01
7.823657e+01
7.824376e+01
7.825385e+01
7.826612e+01
7.827985e+01
7.829431e+01
7.830879e+01
7.832257e+01
7.833491e+01
7.834510e+01
7.835241e+01
7.835612e+01
7.835552e+01
7.834987e+01
7.833845e+01
7.832058e+01
7.829636e+01
7.826671e+01
7.823261e+01
7.819503e+01
7.815495e+01
7.811334e+01
7.807117e+01
7.802942e+01
7.798905e+01
7.795105e+01
7.791639e+01
7.788603e+01
7.786101e+01
7.784241e+01
7.783131e+01
7.782879e+01
7.783594e+01
7.785384e+01
7.788358e+01
7.792623e+01
7.798289e+01
7.805463e+01
7.814254e+01
7.823017e+01
7.830059e+01
7.836641e+01
7.842781e+01
7.848528e+01
7.853867e+01
7.858818e+01
7.863423e+01
7.867672e+01
7.871604e+01
7.875211e+01
7.878528e+01
7.881569e+01
7.884345e+01
7.886851e+01
7.889133e+01
7.891171e+01
7.893003e+01
7.894616e+01
7.896043e+01
7.897281e+01
7.898350e+01
7.899248e+01
7.899987e+01
7.900575e+01
7.901024e+01
7.901342e+01
7.901533e+01
7.901606e+01
7.901566e+01
7.901422e+01
7.901178e+01
7.900841e+01
7.900415e+01
7.899907e+01
7.899326e+01
7.898667e+01
7.897948e+01
7.897159e+01
7.896312e+01
7.895411e+01
7.894461e+01
7.893466e+01
7.892419e+01
7.891335e+01
7.890217e+01
7.889055e+01
7.887883e+01
7.887883e+01
7.887883e+01
7.887883e+01
7.887883e+01
7.887883e+01
7.887883e+01
7.887883e+01
7.887883e+01
7.887883e+01
7.887883e+01
7.887883e+01
7.887883e+01
7.887883e+01
7.887883e+01
7.887883e+01
7.887883e+01
7.887883e+01
7.887883e+01
7.887883e+01
7.887883e+01
7.887883e+01
7.887883e+01
7.887883e+01
7.887883e+01
7.887883e+01
7.887883e+01
7.887883e+01
7.887883e+01
7.887883e+01
7.887883e+01
7.887883e+01
7.887883e+01
7.887883e+01
7.887883e+01
7.887883e+01
7.887883e+01
7.887883e+01
7.887883e+01
7.887883e+01
7.887883e+01
7.887883e+01
7.887883e+01
7.887883e+01
7.887883e+01
7.887883e+01
7.887883e+01
7.887883e+01
7.887883e+01
7.887883e+01
7.887883e+01
7.887883e+01
7.887883e+01
7.887883e+01
7.887883e+01
7.887883e+01
7.887883e+01
7.887883e+01
7.887883e+01
7.887883e+01
7.887883e+01
7.887883e+01
7.887883e+01
7.887883e+01
7.887883e+01
7.887883e+01
7.887883e+01
7.887883e+01
7.887883e+01
7.887883e+01
7.887883e+01
7.887883e+01
7.887883e+01
7.887883e+01
7.887883e+01
7.887883e+01
7.887883e+01
7.887883e+01
7.887883e+01
7.887883e+01
7.887883e+01
7.887883e+01
7.887883e+01
7.887883e+01
7.887883e+01
7.887883e+01
7.887883e+01
7.887883e+01
7.887883e+01
7.887883e+01
7.887883e+01
7.887883e+01
7.887883e+01
7.887883e+01
7.887883e+01
7.887883e+01
7.887020e+01
7.887085e+01
7.887136e+01
7.887174e+01
7.887197e+01
7.887205e+01
7.887196e+01
7.887169e+01
7.887123e+01
7.887059e+01
7.886972e+01
7.886864e+01
7.886732e+01
7.886578e+01
7.886394e+01
7.886186e+01
7.885948e+01
7.885679e+01
7.885375e+01
7.885041e+01
7.884671e+01
7.884263e+01
7.883813e+01
7.883321e+01
7.882787e+01
7.882208e+01
7.881582e+01
7.880902e+01
7.880165e+01
7.879381e+01
7.878529e+01
7.877617e+01
7.876646e+01
7.875604e+01
7.874489e+01
7.873296e+01
7.872032e+01
7.870676e+01
7.869243e+01
7.867719e+01
7.866091e+01
7.864375e+01
7.862547e+01
7.860613e+01
7.858569e+01
7.856398e+01
7.854108e+01
7.851681e+01
7.849126e+01
7.846423e+01
7.843567e+01
7.840567e+01
7.837402e+01
7.834050e+01
7.830536e+01
7.826820e+01
7.822315e+01
7.818577e+01
7.816532e+01
7.815965e+01
7.816657e+01
7.818391e+01
7.820950e+01
7.824117e+01
7.827673e+01
7.831403e+01
7.835089e+01
7.838513e+01
7.841465e+01
7.843863e+01
7.845752e+01
7.847179e+01
7.848193e+01
7.848841e+01
7.849173e+01
7.849236e+01
7.849079e+01
7.848750e+01
7.848296e+01
7.847767e+01
7.847209e+01
7.846639e+01
7.846046e+01
7.845418e+01
7.844744e+01
7.844010e+01
7.843205e+01
7.842318e+01
7.841335e+01
7.840245e+01
7.839035e+01
7.837694e+01
7.836209e+01
7.834569e+01
7.832762e+01
7.830774e+01
7.828595e+01
7.826212e+01
7.823612e+01
7.820785e+01
7.817718e+01
7.814398e+01
7.810815e+01
7.806955e+01
