7.888558e+01
7.888583e+01
7.888733e+01
7.888733e+01
7.888733e+01
7.888583e+01
7.888642e+01
7.888758e+01
7.888442e+01
7.888558e+01
7.888500e+01
7.888608e+01
7.888683e+01
7.888825e+01
7.888825e+01
7.888608e+01
7.888550e+01
7.888525e+01
7.888525e+01
7.888525e+01
7.888525e+01
7.888550e+01
7.888667e+01
7.888525e+01
7.888350e+01
7.888642e+01
7.888467e+01
7.888525e+01
7.888758e+01
7.888400e+01
7.888492e+01
7.888317e+01
7.888317e+01
7.888317e+01
7.888142e+01
7.888317e+01
7.888433e+01
7.888192e+01
7.887983e+01
7.888100e+01
7.888175e+01
7.887875e+01
7.887925e+01
7.887700e+01
7.887675e+01
7.887550e+01
7.887325e+01
7.887325e+01
7.886850e+01
7.887000e+01
7.886700e+01
7.887025e+01
7.887025e+01
7.886875e+01
7.886992e+01
7.887292e+01
7.887242e+01
7.886942e+01
7.886992e+01
7.887117e+01
7.887292e+01
7.887058e+01
7.887058e+01
7.886942e+01
7.886708e+01
7.886767e+01
7.886708e+01
7.886733e+01
7.886908e+01
7.886733e+01
7.886558e+01
7.886558e+01
7.886783e+01
7.886908e+01
7.886800e+01
7.886850e+01
7.887025e+01
7.886850e+01
7.887025e+01
7.887200e+01
7.886850e+01
7.887200e+01
7.887250e+01
7.887250e+01
7.887200e+01
7.887075e+01
7.887200e+01
7.887025e+01
7.887075e+01
7.887200e+01
7.887100e+01
7.887100e+01
7.887050e+01
7.887100e+01
7.887217e+01
7.887217e+01
7.887042e+01
7.886975e+01
7.886925e+01
7.887167e+01
7.887167e+01
7.887217e+01
7.887042e+01
7.886917e+01
7.887217e+01
7.887342e+01
7.887267e+01
7.887267e+01
7.887567e+01
7.887392e+01
7.887042e+01
7.887267e+01
7.887217e+01
7.887342e+01
7.887392e+01
7.887217e+01
7.887383e+01
7.887092e+01
7.887158e+01
7.887217e+01
7.887158e+01
7.887392e+01
7.887217e+01
7.887508e+01
7.887183e+01
7.887333e+01
7.887358e+01
7.887358e+01
7.887233e+01
7.887650e+01
7.887175e+01
7.887358e+01
7.887525e+01
7.887125e+01
7.887008e+01
7.887175e+01
7.886975e+01
7.886925e+01
7.886450e+01
7.885925e+01
7.886050e+01
7.885583e+01
7.885525e+01
7.885758e+01
7.885525e+01
7.885475e+01
7.885175e+01
7.885533e+01
7.885650e+01
7.885458e+01
7.885533e+01
7.885408e+01
7.885358e+01
7.885533e+01
7.885525e+01
7.885533e+01
7.885408e+01
7.885583e+01
7.885408e+01
7.885700e+01
7.885533e+01
7.885458e+01
7.885233e+01
7.885408e+01
7.885508e+01
7.885558e+01
7.885508e+01
7.885683e+01
7.885808e+01
7.885583e+01
7.885908e+01
7.886083e+01
7.886375e+01
7.886275e+01
7.886433e+01
7.886433e+01
7.886608e+01
7.886433e+01
7.886900e+01
7.886783e+01
7.886725e+01
7.886775e+01
7.886775e+01
7.886625e+01
7.886775e+01
7.886950e+01
7.886775e+01
7.886725e+01
7.886900e+01
7.886900e+01
7.886950e+01
7.887125e+01
7.887075e+01
7.886950e+01
7.886800e+01
7.887008e+01
7.886775e+01
7.886900e+01
7.886825e+01
7.886883e+01
7.886658e+01
7.886833e+01
7.887025e+01
7.886683e+01
7.886908e+01
7.886683e+01
7.886900e+01
7.886883e+01
7.886883e+01
7.886833e+01
7.886658e+01
7.886833e+01
7.886883e+01
7.886658e+01
7.886883e+01
7.886658e+01
7.886708e+01
7.887008e+01
7.886833e+01
7.886542e+01
7.886717e+01
7.886833e+01
7.886833e+01
7.886708e+01
7.886592e+01
7.886767e+01
7.886717e+01
7.886667e+01
7.886358e+01
7.886533e+01
7.886533e+01
7.886608e+01
7.886417e+01
7.886308e+01
7.886483e+01
7.886158e+01
7.886258e+01
7.886308e+01
7.886308e+01
7.886258e+01
7.886333e+01
7.886483e+01
7.886133e+01
7.886600e+01
7.886433e+01
7.886483e+01
7.886492e+01
7.886717e+01
7.886783e+01
7.887133e+01
7.886783e+01
7.886542e+01
7.886642e+01
7.886542e+01
7.886658e+01
7.886958e+01
7.887108e+01
7.887108e+01
7.887042e+01
7.887283e+01
7.887158e+01
7.887167e+01
7.887042e+01
7.887158e+01
7.887633e+01
7.887042e+01
7.887342e+01
7.887408e+01
7.887633e+01
7.887508e+01
7.887508e+01
7.887683e+01
7.887683e+01
7.887808e+01
7.887508e+01
7.887458e+01
7.887808e+01
7.887333e+01
7.887683e+01
7.887683e+01
7.887683e+01
7.887983e+01
7.888033e+01
7.887858e+01
7.887683e+01
7.887633e+01
7.887858e+01
7.887983e+01
7.888033e+01
7.887858e+01
7.887808e+01
7.887633e+01
7.887683e+01
7.887933e+01
7.887742e+01
7.887742e+01
7.887917e+01
7.887692e+01
7.887867e+01
7.887842e+01
7.888133e+01
7.888067e+01
7.888067e+01
7.888067e+01
7.888017e+01
7.888242e+01
7.888067e+01
7.888242e+01
7.888242e+01
7.888117e+01
7.888242e+01
7.888242e+01
7.888017e+01
7.888192e+01
7.888367e+01
7.888542e+01
7.888483e+01
7.888583e+01
7.888542e+01
7.888417e+01
7.888183e+01
7.888267e+01
7.888267e+01
7.888708e+01
7.888708e+01
7.888533e+01
7.888233e+01
7.888258e+01
7.888508e+01
7.888508e+01
7.888383e+01
7.888558e+01
7.888333e+01
7.888383e+01
7.888383e+01
7.888333e+01
7.887983e+01
7.888208e+01
7.888033e+01
7.888033e+01
7.888208e+01
7.887983e+01
7.888333e+01
7.888158e+01
7.888042e+01
7.887867e+01
7.888033e+01
7.887992e+01
7.888033e+01
7.888133e+01
7.888033e+01
7.888008e+01
7.887842e+01
7.888308e+01
7.887842e+01
7.887842e+01
7.888067e+01
7.888417e+01
7.888417e+01
7.888192e+01
7.888542e+01
7.888717e+01
7.888417e+01
7.888708e+01
7.888883e+01
7.888883e+01
7.889058e+01
7.889067e+01
7.889058e+01
7.889067e+01
7.889058e+01
7.888942e+01
7.889292e+01
7.888942e+01
7.889167e+01
7.889358e+01
7.889117e+01
7.889117e+01
7.889317e+01
7.889383e+01
7.889267e+01
7.889317e+01
7.889142e+01
7.888967e+01
7.889208e+01
7.889492e+01
7.888967e+01
7.889267e+01
7.889442e+01
7.889267e+01
7.889267e+01
7.889317e+01
7.889617e+01
7.889200e+01
7.889492e+01
7.889200e+01
7.889475e+01
7.889175e+01
7.889183e+01
7.889000e+01
7.889058e+01
7.889233e+01
7.889233e+01
7.889058e+01
7.889175e+01
7.889175e+01
7.889300e+01
7.889000e+01
7.889175e+01
7.889183e+01
7.889008e+01
7.889183e+01
7.889058e+01
7.889283e+01
7.888883e+01
7.889233e+01
7.889183e+01
7.888883e+01
7.889183e+01
7.889233e+01
7.889183e+01
7.889233e+01
7.889300e+01
7.888942e+01
7.889108e+01
7.888883e+01
7.889125e+01
7.888825e+01
7.889000e+01
7.888825e+01
7.888508e+01
7.888458e+01
7.888158e+01
7.888158e+01
7.887983e+01
7.888158e+01
7.888042e+01
7.888158e+01
7.888233e+01
7.887983e+01
7.887633e+01
7.887967e+01
7.888017e+01
7.887967e+01
7.887792e+01
7.887667e+01
7.887967e+01
7.887850e+01
7.887967e+01
7.887792e+01
7.887900e+01
7.887842e+01
7.887792e+01
7.888142e+01
7.888192e+01
7.888017e+01
7.888017e+01
7.888142e+01
7.888017e+01
7.888542e+01
7.888492e+01
7.888067e+01
7.888367e+01
7.888275e+01
7.888567e+01
7.888517e+01
7.888400e+01
7.888867e+01
7.888492e+01
7.888567e+01
7.888567e+01
7.888692e+01
7.888567e+01
7.888692e+01
7.888742e+01
7.888450e+01
7.888742e+01
7.888400e+01
7.888517e+01
7.888867e+01
7.888750e+01
7.888925e+01
7.888450e+01
7.888867e+01
7.888567e+01
7.888750e+01
7.888792e+01
7.888925e+01
7.888917e+01
7.888742e+01
7.888925e+01
7.888450e+01
7.888625e+01
7.888275e+01
7.888783e+01
7.888775e+01
7.888658e+01
7.888483e+01
7.888783e+01
7.888833e+01
7.888658e+01
7.888833e+01
7.888658e+01
7.888433e+01
7.888483e+01
7.888483e+01
7.888308e+01
7.888483e+01
7.888358e+01
7.888483e+01
7.888308e+01
7.888400e+01
7.888158e+01
7.888383e+01
7.888158e+01
7.888325e+01
7.888500e+01
7.888275e+01
7.888392e+01
7.888217e+01
7.887925e+01
7.888100e+01
7.888275e+01
7.888050e+01
7.887775e+01
7.887600e+01
7.887550e+01
7.887550e+01
7.887717e+01
7.887600e+01
7.887375e+01
7.887425e+01
7.887200e+01
7.887258e+01
7.887208e+01
7.887108e+01
7.886908e+01
7.887225e+01
7.887033e+01
7.887058e+01
7.887058e+01
7.886883e+01
7.887058e+01
7.887058e+01
7.887133e+01
7.886883e+01
7.887008e+01
7.887058e+01
7.886883e+01
7.886892e+01
7.886717e+01
7.886483e+01
7.886717e+01
7.886883e+01
7.886833e+01
7.886683e+01
7.887008e+01
7.886658e+01
7.886533e+01
7.886658e+01
7.886708e+01
7.886833e+01
7.886708e+01
7.886883e+01
7.886908e+01
7.886858e+01
7.886858e+01
7.886883e+01
7.886883e+01
7.887008e+01
7.887008e+01
7.887033e+01
7.887175e+01
7.887150e+01
7.886975e+01
7.887058e+01
7.886883e+01
7.887058e+01
7.887058e+01
7.887225e+01
7.886833e+01
7.886883e+01
7.887233e+01
7.887108e+01
7.887233e+01
7.887183e+01
7.886883e+01
7.887292e+01
7.887292e+01
7.887117e+01
7.887267e+01
7.887092e+01
7.887092e+01
7.886917e+01
7.887242e+01
7.886892e+01
7.886917e+01
7.886892e+01
7.886792e+01
7.886867e+01
7.886917e+01
7.886742e+01
7.886800e+01
7.886800e+01
7.886750e+01
7.886692e+01
7.886742e+01
7.886542e+01
7.886717e+01
7.886567e+01
7.886625e+01
7.886717e+01
7.886567e+01
7.886625e+01
7.886567e+01
7.886792e+01
7.886567e+01
7.886567e+01
7.886567e+01
7.886567e+01
7.886450e+01
7.886450e+01
7.886567e+01
7.886575e+01
7.886275e+01
7.886250e+01
7.886225e+01
7.886342e+01
7.886450e+01
7.886575e+01
7.886750e+01
7.886575e+01
7.886225e+01
7.886575e+01
7.886633e+01
7.886750e+01
7.886550e+01
7.886433e+01
7.886550e+01
7.886433e+01
7.886608e+01
7.886608e+01
7.886492e+01
7.886433e+01
7.886258e+01
7.886308e+01
7.886258e+01
7.886433e+01
7.886433e+01
7.886408e+01
7.886308e+01
7.886583e+01
7.886525e+01
7.886458e+01
7.886550e+01
7.886458e+01
7.886400e+01
7.886283e+01
7.886400e+01
7.886400e+01
7.886408e+01
7.886108e+01
7.886275e+01
7.886400e+01
7.886433e+01
7.886433e+01
7.886433e+01
7.886608e+01
7.886433e+01
7.886608e+01
7.886608e+01
7.886258e+01
7.886433e+01
7.886258e+01
7.886258e+01
7.886433e+01
7.886083e+01
7.886408e+01
7.886083e+01
7.886258e+01
7.886083e+01
7.886083e+01
7.886258e+01
7.886258e+01
7.886433e+01
7.886317e+01
7.886608e+01
7.886492e+01
7.886317e+01
7.886317e+01
7.886317e+01
7.886258e+01
7.886317e+01
7.885967e+01
7.886258e+01
7.886492e+01
7.886317e+01
7.886142e+01
7.886433e+01
7.886433e+01
7.886492e+01
7.886317e+01
7.886258e+01
7.886608e+01
7.886317e+01
7.886433e+01
7.886608e+01
7.886608e+01
7.886608e+01
7.886433e+01
7.886608e+01
7.886375e+01
7.886433e+01
7.886258e+01
7.886550e+01
7.886375e+01
7.886433e+01
7.886283e+01
7.886433e+01
7.886308e+01
7.886408e+01
7.886258e+01
7.886525e+01
7.886258e+01
7.886433e+01
7.886258e+01
7.886433e+01
7.886433e+01
7.886433e+01
7.886433e+01
7.886492e+01
7.886083e+01
7.886258e+01
7.886608e+01
7.886317e+01
7.886142e+01
7.886167e+01
7.886142e+01
7.886292e+01
7.886267e+01
7.886442e+01
7.886117e+01
7.886267e+01
7.886117e+01
7.886117e+01
7.885992e+01
7.886292e+01
7.886117e+01
7.886142e+01
7.886117e+01
7.886117e+01
7.886117e+01
7.886117e+01
7.885942e+01
7.886175e+01
7.886350e+01
7.886300e+01
7.886350e+01
7.886292e+01
7.886117e+01
7.886067e+01
7.886000e+01
7.886175e+01
7.886000e+01
7.886175e+01
7.886175e+01
7.886175e+01
7.886350e+01
7.886592e+01
7.886292e+01
7.886350e+01
7.886350e+01
7.886500e+01
7.886533e+01
7.886325e+01
7.886325e+01
7.886325e+01
7.886325e+01
7.886558e+01
7.886383e+01
7.886742e+01
7.886417e+01
7.886533e+01
7.886417e+01
7.886242e+01
7.886592e+01
7.886883e+01
7.886592e+01
7.886533e+01
7.886533e+01
7.886417e+01
7.886592e+01
7.886592e+01
7.886767e+01
7.886417e+01
7.886592e+01
7.886767e+01
7.886592e+01
7.886442e+01
7.886883e+01
7.886767e+01
7.886592e+01
7.886592e+01
7.886592e+01
7.886767e+01
7.887058e+01
7.887117e+01
7.886942e+01
7.886708e+01
7.886592e+01
7.886592e+01
7.886767e+01
7.886592e+01
7.886417e+01
7.886417e+01
7.886533e+01
7.886583e+01
7.886592e+01
7.886592e+01
7.886592e+01
7.886542e+01
7.886417e+01
7.886125e+01
7.886717e+01
7.886300e+01
7.886417e+01
7.886450e+01
7.886450e+01
7.886275e+01
7.886275e+01
7.886275e+01
7.885983e+01
7.886100e+01
7.886283e+01
7.886333e+01
7.886125e+01
7.886300e+01
7.886333e+01
7.886450e+01
7.886275e+01
7.886450e+01
7.886450e+01
7.886458e+01
7.886158e+01
7.886508e+01
7.886483e+01
7.886333e+01
7.886042e+01
7.886358e+01
7.886333e+01
7.886342e+01
7.886458e+01
7.886308e+01
7.886367e+01
7.886192e+01
7.886192e+01
7.886308e+01
7.886367e+01
7.886192e+01
7.886683e+01
7.886192e+01
7.886192e+01
7.886425e+01
7.886542e+01
7.886367e+01
7.886425e+01
7.886692e+01
7.886575e+01
7.886400e+01
7.886575e+01
7.886575e+01
7.886575e+01
7.886750e+01
7.886458e+01
7.886425e+01
7.886783e+01
7.886433e+01
7.886492e+01
7.886492e+01
7.886842e+01
7.886817e+01
7.886817e+01
7.886525e+01
7.886642e+01
7.886525e+01
7.886850e+01
7.886850e+01
7.886558e+01
7.886733e+01
7.886558e+01
7.886642e+01
7.886883e+01
7.886792e+01
7.886767e+01
7.886792e+01
7.886675e+01
7.886825e+01
7.887292e+01
7.886858e+01
7.886650e+01
7.886650e+01
7.886975e+01
7.886858e+01
7.886800e+01
7.886708e+01
7.886533e+01
7.886683e+01
7.886542e+01
7.886717e+01
7.886892e+01
7.886367e+01
7.886542e+01
7.886892e+01
7.886600e+01
7.886717e+01
7.886867e+01
7.886575e+01
7.886925e+01
7.886750e+01
7.886983e+01
7.886517e+01
7.886575e+01
7.886608e+01
7.886667e+01
7.886783e+01
7.886667e+01
7.886783e+01
7.887075e+01
7.886842e+01
7.887133e+01
7.886983e+01
7.887158e+01
7.887450e+01
7.887308e+01
7.886925e+01
7.887100e+01
7.886750e+01
7.886925e+01
7.886775e+01
7.886892e+01
7.886950e+01
7.886542e+01
7.886742e+01
7.887033e+01
7.886858e+01
7.887033e+01
7.886858e+01
7.886858e+01
7.887008e+01
7.887150e+01
7.887150e+01
7.887000e+01
7.887117e+01
7.886942e+01
7.886942e+01
7.886825e+01
7.887117e+01
7.887142e+01
7.886817e+01
7.886817e+01
7.887092e+01
7.886817e+01
7.886908e+01
7.886758e+01
7.886875e+01
7.886725e+01
7.886900e+01
7.886725e+01
7.886550e+01
7.886725e+01
7.886550e+01
7.886375e+01
7.886725e+01
7.886375e+01
7.886375e+01
7.886642e+01
7.886642e+01
7.886525e+01
7.886575e+01
7.886692e+01
7.886692e+01
7.886842e+01
7.886517e+01
7.886492e+01
7.886633e+01
7.886633e+01
7.886483e+01
7.886483e+01
7.886658e+01
7.886542e+01
7.886308e+01
7.886458e+01
7.886425e+01
7.886450e+01
7.886450e+01
7.886250e+01
7.886275e+01
7.886100e+01
7.886392e+01
7.886392e+01
7.886125e+01
7.886242e+01
7.885892e+01
7.885542e+01
7.885542e+01
7.885692e+01
7.885808e+01
7.885392e+01
7.885692e+01
7.885683e+01
7.885392e+01
7.885692e+01
7.885042e+01
7.885633e+01
7.885517e+01
7.885333e+01
7.885308e+01
7.885508e+01
7.885283e+01
7.885158e+01
7.885283e+01
7.885042e+01
7.885308e+01
7.885425e+01
7.885250e+01
7.885133e+01
7.884900e+01
7.885308e+01
7.885250e+01
7.885392e+01
7.885125e+01
7.885450e+01
7.885267e+01
7.885092e+01
7.885092e+01
7.885017e+01
7.885383e+01
7.885408e+01
7.885233e+01
7.885475e+01
7.885583e+01
7.885400e+01
7.885875e+01
7.885525e+01
7.885875e+01
7.885700e+01
7.885792e+01
7.885700e+01
7.885525e+01
7.885667e+01
7.885692e+01
7.886017e+01
7.885867e+01
7.886075e+01
7.885842e+01
7.886192e+01
7.886017e+01
7.886017e+01
7.885867e+01
7.885867e+01
7.885842e+01
7.885842e+01
7.885900e+01
7.885900e+01
7.885867e+01
7.885750e+01
7.885575e+01
7.885975e+01
7.885925e+01
7.885750e+01
7.885750e+01
7.885875e+01
7.885575e+01
7.885925e+01
7.885925e+01
7.885633e+01
7.885750e+01
7.885808e+01
7.885808e+01
7.885833e+01
7.885750e+01
7.885925e+01
7.885458e+01
7.885658e+01
7.885458e+01
7.885750e+01
7.885633e+01
7.885800e+01
7.885750e+01
7.885575e+01
7.885875e+01
7.885750e+01
7.885925e+01
7.885625e+01
7.885250e+01
7.885250e+01
7.885375e+01
7.885200e+01
7.884850e+01
7.885025e+01
7.885025e+01
7.884700e+01
7.884350e+01
7.884475e+01
7.884675e+01
7.884300e+01
7.884208e+01
7.884150e+01
7.884150e+01
7.884158e+01
7.884383e+01
7.884333e+01
7.884392e+01
7.884192e+01
7.883892e+01
7.884017e+01
7.884017e+01
7.884250e+01
7.884250e+01
7.884075e+01
7.884250e+01
7.884225e+01
7.884400e+01
7.884225e+01
7.884108e+01
7.884225e+01
7.884050e+01
7.884458e+01
7.884633e+01
7.884633e+01
7.884575e+01
7.884833e+01
7.884833e+01
7.885008e+01
7.884783e+01
7.885008e+01
7.885183e+01
7.884950e+01
7.884842e+01
7.884842e+01
7.884983e+01
7.884983e+01
7.885042e+01
7.884867e+01
7.884867e+01
7.885308e+01
7.884983e+01
7.885042e+01
7.884917e+01
7.885333e+01
7.885242e+01
7.885242e+01
7.885417e+01
7.885417e+01
7.885217e+01
7.885567e+01
7.885567e+01
7.885450e+01
7.885592e+01
7.885542e+01
7.885775e+01
7.885742e+01
7.885775e+01
7.885775e+01
7.885775e+01
7.885425e+01
7.885717e+01
7.885600e+01
7.885775e+01
7.885775e+01
7.885600e+01
7.885575e+01
7.885725e+01
7.885775e+01
7.885958e+01
7.885458e+01
7.885633e+01
7.885633e+01
7.885808e+01
7.885633e+01
7.885483e+01
7.885808e+01
7.885658e+01
7.885633e+01
7.885633e+01
7.885575e+01
7.885808e+01
7.885800e+01
7.885425e+01
7.885425e+01
7.885625e+01
7.885375e+01
7.885483e+01
7.885133e+01
7.884900e+01
7.885133e+01
7.885050e+01
7.884900e+01
7.884883e+01
7.884875e+01
7.884875e+01
7.884550e+01
7.884825e+01
7.884550e+01
7.884608e+01
7.884267e+01
7.884675e+01
7.884733e+01
7.884383e+01
7.884733e+01
7.884267e+01
7.884617e+01
7.884617e+01
7.884467e+01
7.884592e+01
7.884567e+01
7.884417e+01
7.884267e+01
7.884417e+01
7.884592e+01
7.884592e+01
7.884417e+01
7.884592e+01
7.884300e+01
7.884592e+01
7.884592e+01
7.884767e+01
7.884792e+01
7.884767e+01
7.884708e+01
7.884592e+01
7.884708e+01
7.884475e+01
7.884742e+01
7.884800e+01
7.884450e+01
7.884500e+01
7.884800e+01
7.884625e+01
7.884683e+01
7.884858e+01
7.885033e+01
7.884800e+01
7.884475e+01
7.884508e+01
7.884392e+01
7.884392e+01
7.884367e+01
7.884483e+01
7.884367e+01
7.884658e+01
7.884542e+01
7.884367e+01
7.884483e+01
7.884367e+01
7.884542e+01
7.884542e+01
7.884367e+01
7.884400e+01
7.884575e+01
7.884108e+01
7.884458e+01
7.884633e+01
7.884608e+01
7.884608e+01
7.884492e+01
7.884608e+01
7.884433e+01
7.884667e+01
7.884317e+01
7.884550e+01
7.884667e+01
7.884525e+01
7.884700e+01
7.884700e+01
7.884700e+01
7.884525e+01
7.884525e+01
7.884733e+01
7.884558e+01
7.884558e+01
7.884617e+01
7.884767e+01
7.884767e+01
7.884592e+01
7.884500e+01
7.884650e+01
7.884650e+01
7.884800e+01
7.884508e+01
7.884858e+01
7.884392e+01
7.884333e+01
7.884692e+01
7.884425e+01
7.884600e+01
7.884425e+01
7.884575e+01
7.884633e+01
7.884433e+01
7.884783e+01
7.884492e+01
7.884842e+01
7.885167e+01
7.884992e+01
7.885258e+01
7.885200e+01
7.884967e+01
7.884933e+01
7.885283e+01
7.885608e+01
7.886075e+01
7.886283e+01
7.886458e+01
7.886692e+01
7.886892e+01
7.886917e+01
7.887417e+01
7.887592e+01
7.887450e+01
7.888092e+01
7.890450e+01
7.891067e+01
7.890600e+01
7.890542e+01
7.890100e+01
7.890717e+01
7.890600e+01
7.890483e+01
7.890250e+01
7.889667e+01
7.889633e+01
7.889783e+01
7.890308e+01
7.890775e+01
7.891092e+01
7.891475e+01
7.891650e+01
7.891942e+01
7.891442e+01
7.891883e+01
7.891417e+01
7.891767e+01
7.892142e+01
7.892083e+01
7.892408e+01
7.891967e+01
7.892117e+01
7.892117e+01
7.891442e+01
7.891475e+01
7.891475e+01
7.891300e+01
7.891300e+01
7.891300e+01
7.891125e+01
7.891125e+01
7.891300e+01
7.891008e+01
7.890775e+01
7.890775e+01
7.890542e+01
7.890425e+01
7.890133e+01
7.890158e+01
7.890133e+01
7.890308e+01
7.890483e+01
7.890483e+01
7.890133e+01
7.890517e+01
7.890075e+01
7.890192e+01
7.889842e+01
7.890050e+01
7.889875e+01
7.889875e+01
7.890225e+01
7.890225e+01
7.890050e+01
7.890225e+01
7.889933e+01
7.890108e+01
7.889908e+01
7.889967e+01
7.889967e+01
7.889942e+01
7.890117e+01
7.889942e+01
7.890117e+01
7.890117e+01
7.890525e+01
7.890467e+01
7.890642e+01
7.890992e+01
7.890642e+01
7.890817e+01
7.890642e+01
7.890958e+01
7.891833e+01
7.892450e+01
7.892650e+01
7.892883e+01
7.892558e+01
7.892908e+01
7.892733e+01
7.892675e+01
7.892000e+01
7.892000e+01
7.892000e+01
7.892083e+01
7.892608e+01
7.893250e+01
7.894208e+01
7.895525e+01
7.897358e+01
7.899283e+01
7.900417e+01
7.901792e+01
7.903100e+01
7.904558e+01
7.905025e+01
7.905492e+01
7.906192e+01
7.906658e+01
7.906975e+01
7.906825e+01
7.906683e+01
7.907000e+01
7.906825e+01
7.906825e+01
7.906650e+01
7.906650e+01
7.906125e+01
7.905808e+01
7.905633e+01
7.905283e+01
7.905308e+01
7.904433e+01
7.904608e+01
7.904433e+01
7.904108e+01
7.903642e+01
7.903992e+01
7.903817e+01
7.903492e+01
7.903092e+01
7.902917e+01
7.902767e+01
7.902592e+01
7.902242e+01
7.902208e+01
7.901650e+01
7.901567e+01
7.901625e+01
7.901367e+01
7.900925e+01
7.900750e+01
7.900750e+01
7.900400e+01
7.900425e+01
7.900050e+01
7.900075e+01
7.899725e+01
7.899725e+01
7.899525e+01
7.899700e+01
7.899200e+01
7.899200e+01
7.899050e+01
7.898875e+01
7.898700e+01
7.898700e+01
7.898175e+01
7.898150e+01
7.898175e+01
7.898150e+01
7.897850e+01
7.897675e+01
7.897500e+01
7.897675e+01
7.897825e+01
7.897475e+01
7.897450e+01
7.897300e+01
7.897300e+01
7.896858e+01
7.896658e+01
7.896775e+01
7.896367e+01
7.896392e+01
7.896133e+01
7.896483e+01
7.896367e+01
7.896400e+01
7.896400e+01
7.896200e+01
7.896575e+01
7.896783e+01
7.896758e+01
7.896608e+01
7.896608e+01
7.896933e+01
7.897308e+01
7.896992e+01
7.897142e+01
7.897167e+01
7.897458e+01
7.897167e+01
7.897633e+01
7.897492e+01
7.897667e+01
7.897783e+01
7.898133e+01
7.898308e+01
7.898425e+01
7.899150e+01
7.900083e+01
7.900608e+01
7.902683e+01
7.904050e+01
7.906967e+01
7.909533e+01
7.913267e+01
7.918050e+01
7.920850e+01
7.924200e+01
7.927292e+01
7.932425e+01
7.938200e+01
7.942308e+01
7.948083e+01
7.951725e+01
7.953708e+01
7.954500e+01
7.954642e+01
7.954992e+01
7.954817e+01
7.954292e+01
7.953350e+01
7.953000e+01
7.951950e+01
7.951950e+01
7.950283e+01
7.949617e+01
7.949117e+01
7.948100e+01
7.947600e+01
7.946933e+01
7.946758e+01
7.944825e+01
7.944275e+01
7.943808e+01
7.942583e+01
7.942433e+01
7.941125e+01
7.939958e+01
7.940158e+01
7.939108e+01
7.937817e+01
7.937792e+01
7.937150e+01
7.935950e+01
7.935925e+01
7.935108e+01
7.934617e+01
7.934142e+01
7.933267e+01
7.932250e+01
7.931725e+01
7.931425e+01
7.930083e+01
7.929583e+01
7.929383e+01
7.928242e+01
7.927750e+01
7.926900e+01
7.926608e+01
7.925708e+01
7.925092e+01
7.924592e+01
7.924017e+01
7.922675e+01
7.922550e+01
7.921908e+01
7.921358e+01
7.920542e+01
7.920017e+01
7.919500e+01
7.918675e+01
7.918558e+01
7.917858e+01
7.917683e+01
7.917042e+01
7.916867e+01
7.916400e+01
7.916050e+01
7.915533e+01
7.915583e+01
7.914883e+01
7.914533e+01
7.914592e+01
7.913717e+01
7.913600e+01
7.913425e+01
7.912900e+01
7.912608e+01
7.912783e+01
7.912433e+01
7.912258e+01
7.912317e+01
7.911792e+01
7.911442e+01
7.911617e+01
7.911617e+01
7.910942e+01
7.910825e+01
7.910658e+01
7.910600e+01
7.910358e+01
7.910183e+01
7.910475e+01
7.910183e+01
7.909692e+01
7.909342e+01
7.909517e+01
7.908875e+01
7.909225e+01
7.908583e+01
7.908208e+01
7.907917e+01
7.908267e+01
7.907892e+01
7.907625e+01
7.907742e+01
7.907125e+01
7.907508e+01
7.907300e+01
7.906958e+01
7.906842e+01
7.906967e+01
7.906342e+01
7.906400e+01
7.906500e+01
7.906200e+01
7.906058e+01
7.905917e+01
7.905917e+01
7.905600e+01
7.905450e+01
7.905458e+01
7.905458e+01
7.905483e+01
7.905017e+01
7.905142e+01
7.905192e+01
7.904700e+01
7.904875e+01
7.904733e+01
7.904733e+01
7.904583e+01
7.904558e+01
7.904733e+01
7.904292e+01
7.904117e+01
7.904442e+01
7.904442e+01
7.904567e+01
7.904325e+01
7.904100e+01
7.903658e+01
7.903658e+01
7.903342e+01
7.903308e+01
7.902850e+01
7.903167e+01
7.903050e+01
7.902675e+01
7.902558e+01
7.902383e+01
7.902533e+01
7.902008e+01
7.902067e+01
7.902067e+01
7.901717e+01
7.901925e+01
7.901750e+01
7.901458e+01
7.901458e+01
7.901783e+01
7.901608e+01
7.900967e+01
7.901225e+01
7.901117e+01
7.901117e+01
7.901025e+01
7.900850e+01
7.900650e+01
7.900708e+01
7.900850e+01
7.900742e+01
7.900742e+01
7.900767e+01
7.900917e+01
7.900800e+01
7.900717e+01
7.900450e+01
7.900775e+01
7.900567e+01
7.900950e+01
7.900600e+01
7.900483e+01
7.900600e+01
7.900658e+01
7.900658e+01
7.900658e+01
7.900308e+01
7.900133e+01
7.900192e+01
7.899817e+01
7.899817e+01
7.899467e+01
7.899642e+01
7.899817e+01
7.899350e+01
7.899175e+01
7.899175e+01
7.899000e+01
7.898825e+01
7.899025e+01
7.898650e+01
7.898675e+01
7.899000e+01
7.899000e+01
7.898883e+01
7.898825e+01
7.898708e+01
7.898708e+01
7.898708e+01
7.898883e+01
7.898708e+01
7.898708e+01
7.898742e+01
7.898592e+01
7.899092e+01
7.898625e+01
7.898800e+01
7.898600e+01
7.898775e+01
7.898625e+01
7.898775e+01
7.898658e+01
7.898367e+01
7.898658e+01
7.898308e+01
7.898483e+01
7.898367e+01
7.898367e+01
7.898192e+01
7.898692e+01
7.898342e+01
7.898192e+01
7.898692e+01
7.898517e+01
7.898367e+01
7.898225e+01
7.898575e+01
7.898400e+01
7.898225e+01
7.898575e+01
7.898400e+01
7.898400e+01
7.898517e+01
7.898692e+01
7.898342e+01
7.898867e+01
7.899217e+01
7.898867e+01
7.899333e+01
7.899358e+01
7.899975e+01
7.899858e+01
7.899392e+01
7.899567e+01
7.899858e+01
7.900208e+01
7.900208e+01
7.900675e+01
7.900850e+01
7.901142e+01
7.901342e+01
7.901633e+01
7.901925e+01
7.903092e+01
7.903408e+01
7.904225e+01
7.904925e+01
7.905742e+01
7.906733e+01
7.908542e+01
7.910492e+01
7.912650e+01
7.914083e+01
7.914575e+01
7.915742e+01
7.916733e+01
7.917550e+01
7.918392e+01
7.920175e+01
7.922125e+01
7.923467e+01
7.924750e+01
7.925625e+01
7.926758e+01
7.927225e+01
7.927458e+01
7.927867e+01
7.927600e+01
7.927542e+01
7.927542e+01
7.927367e+01
7.927367e+01
7.926842e+01
7.926200e+01
7.926050e+01
7.925350e+01
7.925000e+01
7.924533e+01
7.924033e+01
7.923508e+01
7.922958e+01
7.922633e+01
7.922342e+01
7.921492e+01
7.921175e+01
7.921000e+01
7.920475e+01
7.920358e+01
7.919542e+01
7.919658e+01
7.919483e+01
7.919042e+01
7.918717e+01
7.918517e+01
7.918108e+01
7.917617e+01
7.917617e+01
7.917025e+01
7.916675e+01
7.916650e+01
7.916558e+01
7.916158e+01
7.915717e+01
7.915367e+01
7.915192e+01
7.915074e+01
7.914723e+01
7.914081e+01
7.913438e+01
7.913087e+01
7.912911e+01
7.912385e+01
7.912093e+01
7.911917e+01
7.911566e+01
7.911098e+01
7.910748e+01
7.910222e+01
7.909754e+01
7.909403e+01
7.908936e+01
7.908935e+01
7.908934e+01
7.909575e+01
7.909749e+01
7.909923e+01
7.910739e+01
7.911554e+01
7.911203e+01
7.911727e+01
7.912193e+01
7.913709e+01
7.916041e+01
7.920649e+01
7.926598e+01
7.931380e+01
7.935521e+01
7.939662e+01
7.940828e+01
7.943802e+01
7.946426e+01
7.946425e+01
7.949749e+01
7.951207e+01
7.953014e+01
7.955055e+01
7.956337e+01
7.959020e+01
7.959835e+01
7.960651e+01
7.961000e+01
7.960649e+01
7.963682e+01
7.962514e+01
7.961463e+01
7.962629e+01
7.961812e+01
7.960644e+01
7.960468e+01
7.960000e+01
7.959825e+01
7.960290e+01
7.959123e+01
7.959472e+01
7.958304e+01
7.957312e+01
7.957311e+01
7.955852e+01
7.956142e+01
7.956141e+01
7.954974e+01
7.954856e+01
7.953339e+01
7.953338e+01
7.952870e+01
7.952169e+01
7.951177e+01
7.950359e+01
7.950358e+01
7.949366e+01
7.948723e+01
7.947906e+01
7.947205e+01
7.946737e+01
7.945920e+01
7.944402e+01
7.944051e+01
7.943409e+01
7.942416e+01
7.942240e+01
7.941073e+01
7.940780e+01
7.939787e+01
7.939262e+01
7.938444e+01
7.937918e+01
7.936634e+01
7.936283e+01
7.935815e+01
7.935464e+01
7.934472e+01
7.933771e+01
7.932662e+01
7.931786e+01
7.931493e+01
7.930676e+01
7.929683e+01
7.928866e+01
7.927698e+01
7.926997e+01
7.926530e+01
7.925887e+01
7.925011e+01
7.924544e+01
7.923551e+01
7.923375e+01
7.922733e+01
7.922907e+01
7.922206e+01
7.922555e+01
7.921912e+01
7.921736e+01
7.921910e+01
7.921910e+01
7.921909e+01
7.922199e+01
7.922549e+01
7.923539e+01
7.924355e+01
7.924996e+01
7.925345e+01
7.925344e+01
7.926335e+01
7.926976e+01
7.927500e+01
7.928140e+01
7.928956e+01
7.929655e+01
7.930763e+01
7.930995e+01
7.931986e+01
7.932918e+01
7.934434e+01
7.935425e+01
7.935949e+01
7.936415e+01
7.936764e+01
7.937405e+01
7.938570e+01
7.939736e+01
7.940202e+01
7.940843e+01
7.940900e+01
7.941541e+01
7.942357e+01
7.942181e+01
7.942997e+01
7.942879e+01
7.943345e+01
7.943169e+01
7.943518e+01
7.942992e+01
7.943341e+01
7.942699e+01
7.942698e+01
7.942172e+01
7.941704e+01
7.941528e+01
7.941702e+01
7.941176e+01
7.940709e+01
7.940358e+01
7.940357e+01
7.940006e+01
7.939539e+01
7.939363e+01
7.939070e+01
7.938719e+01
7.938368e+01
7.937551e+01
7.937725e+01
7.937724e+01
7.937198e+01
7.937022e+01
7.936205e+01
7.935912e+01
7.935911e+01
7.935560e+01
7.935559e+01
7.935558e+01
7.935733e+01
7.935382e+01
7.935381e+01
7.935030e+01
7.934912e+01
7.935203e+01
7.935202e+01
7.935376e+01
7.935725e+01
7.935374e+01
7.935549e+01
7.935198e+01
7.935197e+01
7.935371e+01
7.935078e+01
7.935544e+01
7.935543e+01
7.935717e+01
7.935541e+01
7.935365e+01
7.935365e+01
7.935889e+01
7.936004e+01
7.936179e+01
7.936353e+01
7.936177e+01
7.936701e+01
7.936700e+01
7.937166e+01
7.937165e+01
7.937689e+01
7.937513e+01
7.937512e+01
7.937336e+01
7.937160e+01
7.937509e+01
7.937509e+01
7.937683e+01
7.937682e+01
7.938147e+01
7.938147e+01
7.937679e+01
7.937678e+01
7.937502e+01
7.937326e+01
7.937150e+01
7.937325e+01
7.936857e+01
7.937323e+01
7.937147e+01
7.937671e+01
7.937962e+01
7.937844e+01
7.938135e+01
7.937959e+01
7.937841e+01
7.937840e+01
7.937315e+01
7.937314e+01
7.937313e+01
7.937137e+01
7.937311e+01
7.936843e+01
7.936784e+01
7.936667e+01
7.936491e+01
7.935965e+01
7.935672e+01
7.935671e+01
7.935670e+01
7.935145e+01
7.935144e+01
7.934851e+01
7.934675e+01
7.934616e+01
7.934615e+01
7.934322e+01
7.933855e+01
7.933854e+01
7.933503e+01
7.933152e+01
7.932976e+01
7.932859e+01
7.931983e+01
7.931865e+01
7.931864e+01
7.930872e+01
7.930871e+01
7.930520e+01
7.930169e+01
7.929877e+01
7.929351e+01
7.929175e+01
7.928882e+01
7.928648e+01
7.928530e+01
7.928179e+01
7.927712e+01
7.927828e+01
7.927360e+01
7.927184e+01
7.927183e+01
7.926716e+01
7.926365e+01
7.926539e+01
7.926538e+01
7.926712e+01
7.926361e+01
7.926010e+01
7.926184e+01
7.926009e+01
7.926183e+01
7.925365e+01
7.925014e+01
7.925188e+01
7.924837e+01
7.925536e+01
7.925827e+01
7.925710e+01
7.925184e+01
7.925008e+01
7.925182e+01
7.925181e+01
7.924830e+01
7.924538e+01
7.924187e+01
7.924186e+01
7.923543e+01
7.923659e+01
7.923191e+01
7.923016e+01
7.922840e+01
7.923189e+01
7.923188e+01
7.922837e+01
7.923186e+01
7.922835e+01
7.923359e+01
7.923533e+01
7.923532e+01
7.923707e+01
7.923822e+01
7.923530e+01
7.923354e+01
7.923528e+01
7.923644e+01
7.923643e+01
7.923817e+01
7.923699e+01
7.923990e+01
7.924164e+01
7.923813e+01
7.923812e+01
7.923987e+01
7.923986e+01
7.924160e+01
7.923984e+01
7.924275e+01
7.924157e+01
7.923981e+01
7.923980e+01
7.924329e+01
7.924328e+01
7.924328e+01
7.924152e+01
7.924617e+01
7.924616e+01
7.924266e+01
7.924440e+01
7.924264e+01
7.924613e+01
7.924612e+01
7.924611e+01
7.924435e+01
7.924609e+01
7.924783e+01
7.924666e+01
7.924665e+01
7.924664e+01
7.924663e+01
7.924312e+01
7.924136e+01
7.924310e+01
7.924310e+01
7.924134e+01
7.924483e+01
7.924482e+01
7.924598e+01
7.924480e+01
7.924479e+01
7.924595e+01
7.924477e+01
7.924476e+01
7.924592e+01
7.924475e+01
7.924474e+01
7.924473e+01
7.924764e+01
7.924588e+01
7.924470e+01
7.924761e+01
7.925110e+01
7.925226e+01
7.924933e+01
7.925107e+01
7.925106e+01
7.925105e+01
7.924930e+01
7.924929e+01
7.925219e+01
7.925277e+01
7.925393e+01
7.925567e+01
7.925624e+01
7.925740e+01
7.925564e+01
7.925621e+01
7.926087e+01
7.925736e+01
7.925735e+01
7.925443e+01
7.925559e+01
7.925558e+01
7.925382e+01
7.925089e+01
7.925088e+01
7.924912e+01
7.924912e+01
7.924736e+01
7.925201e+01
7.925259e+01
7.924908e+01
7.925199e+01
7.925198e+01
7.925255e+01
7.924904e+01
7.925195e+01
7.925253e+01
7.925252e+01
7.925076e+01
7.925192e+01
7.925249e+01
7.925715e+01
7.925714e+01
7.925713e+01
7.925712e+01
7.926061e+01
7.926060e+01
7.926234e+01
7.926408e+01
7.926524e+01
7.926698e+01
7.926522e+01
7.926347e+01
7.926521e+01
7.926695e+01
7.926694e+01
7.926693e+01
7.926867e+01
7.926691e+01
7.926574e+01
7.926514e+01
7.926338e+01
7.926396e+01
7.926687e+01
7.926394e+01
7.926685e+01
7.926684e+01
7.927033e+01
7.926565e+01
7.926565e+01
7.926855e+01
7.926679e+01
7.926504e+01
7.926678e+01
7.926677e+01
7.926501e+01
7.926383e+01
7.926499e+01
7.926381e+01
7.926381e+01
7.926380e+01
7.926495e+01
7.926378e+01
7.926377e+01
7.926201e+01
7.926200e+01
7.926199e+01
7.926198e+01
7.926197e+01
7.926197e+01
7.926021e+01
7.926195e+01
7.926369e+01
7.926368e+01
7.926192e+01
7.926016e+01
7.926015e+01
7.926014e+01
7.926188e+01
7.926188e+01
7.926362e+01
7.926011e+01
7.926010e+01
7.926184e+01
7.926475e+01
7.926182e+01
7.926181e+01
7.926180e+01
7.926004e+01
7.926004e+01
7.925653e+01
7.925652e+01
7.925359e+01
7.925475e+01
7.925357e+01
7.925181e+01
7.925006e+01
7.925005e+01
7.924654e+01
7.924478e+01
7.924185e+01
7.924126e+01
7.924008e+01
7.924008e+01
7.923482e+01
7.923364e+01
7.923363e+01
7.923187e+01
7.923186e+01
7.922661e+01
7.922660e+01
7.922484e+01
7.922308e+01
7.922015e+01
7.922014e+01
7.921838e+01
7.921838e+01
7.921662e+01
7.921836e+01
7.921835e+01
7.922184e+01
7.922008e+01
7.922124e+01
7.922006e+01
7.922005e+01
7.922004e+01
7.921479e+01
7.922003e+01
7.921185e+01
7.921009e+01
7.921300e+01
7.921299e+01
7.920831e+01
7.920481e+01
7.920655e+01
7.920479e+01
7.920011e+01
7.920302e+01
7.920009e+01
7.919659e+01
7.919833e+01
7.919657e+01
7.919656e+01
7.919363e+01
7.919304e+01
7.919011e+01
7.919127e+01
7.919010e+01
7.919009e+01
7.918716e+01
7.918832e+01
7.918189e+01
7.918188e+01
7.918013e+01
7.918012e+01
7.917544e+01
7.917543e+01
7.917309e+01
7.917191e+01
7.916666e+01
7.916840e+01
7.916839e+01
7.916371e+01
7.916545e+01
7.916311e+01
7.916368e+01
7.916193e+01
7.916367e+01
7.916366e+01
7.916365e+01
7.916014e+01
7.916013e+01
7.916012e+01
7.916011e+01
7.915835e+01
7.915659e+01
7.915542e+01
7.915366e+01
7.915365e+01
7.915189e+01
7.915188e+01
7.915012e+01
7.914836e+01
7.914836e+01
7.914660e+01
7.914192e+01
7.914191e+01
7.913840e+01
7.913664e+01
7.913547e+01
7.913488e+01
7.913195e+01
7.913019e+01
7.912668e+01
7.912842e+01
7.912550e+01
7.912491e+01
7.912198e+01
7.912197e+01
7.911846e+01
7.911845e+01
7.911669e+01
7.911493e+01
7.911026e+01
7.911317e+01
7.910966e+01
7.910673e+01
7.910847e+01
7.910671e+01
7.910787e+01
7.910786e+01
7.910494e+01
7.910493e+01
7.910784e+01
7.910666e+01
7.910490e+01
7.910781e+01
7.910663e+01
7.910487e+01
7.910487e+01
7.910486e+01
7.910135e+01
7.910134e+01
7.910016e+01
7.909665e+01
7.909489e+01
7.909489e+01
7.909313e+01
7.909312e+01
7.909019e+01
7.908960e+01
7.909017e+01
7.908666e+01
7.908491e+01
7.908490e+01
7.908489e+01
7.908138e+01
7.907962e+01
7.907961e+01
7.907844e+01
7.907551e+01
7.907317e+01
7.907316e+01
7.907373e+01
7.907314e+01
7.907138e+01
7.906846e+01
7.906553e+01
7.906319e+01
7.906201e+01
7.906200e+01
7.905849e+01
7.905498e+01
7.905848e+01
7.905847e+01
7.905554e+01
7.905670e+01
7.905494e+01
7.905376e+01
7.905376e+01
7.904850e+01
7.904849e+01
7.904848e+01
7.904730e+01
7.904846e+01
7.905020e+01
7.904844e+01
7.904668e+01
7.904667e+01
7.904667e+01
7.904549e+01
7.905015e+01
7.905014e+01
7.905188e+01
7.905187e+01
7.905361e+01
7.905302e+01
7.905009e+01
7.904833e+01
7.904658e+01
7.904482e+01
7.904481e+01
7.904363e+01
7.904362e+01
7.904186e+01
7.904185e+01
7.904126e+01
7.903834e+01
7.904008e+01
7.904007e+01
7.903656e+01
7.903947e+01
7.904004e+01
7.903945e+01
7.903652e+01
7.903651e+01
7.903767e+01
7.903650e+01
7.903649e+01
7.903589e+01
7.903472e+01
7.903588e+01
7.903587e+01
7.903586e+01
7.903760e+01
7.903817e+01
7.903992e+01
7.904282e+01
7.904106e+01
7.904455e+01
7.904980e+01
7.905095e+01
7.905444e+01
7.905619e+01
7.905734e+01
7.905908e+01
7.906083e+01
7.906257e+01
7.906431e+01
7.906780e+01
7.906721e+01
7.907070e+01
7.906894e+01
7.906893e+01
7.907067e+01
7.907416e+01
7.907474e+01
7.907589e+01
7.907763e+01
7.907879e+01
7.907937e+01
7.907936e+01
7.908226e+01
7.908401e+01
7.908691e+01
7.908924e+01
7.909040e+01
7.909214e+01
7.909388e+01
7.909445e+01
7.909561e+01
7.909735e+01
7.910201e+01
7.910200e+01
7.910082e+01
7.910198e+01
7.910372e+01
7.910721e+01
7.910895e+01
7.910544e+01
7.910835e+01
7.910718e+01
7.910892e+01
7.910891e+01
7.911065e+01
7.911356e+01
7.911705e+01
7.911879e+01
7.911878e+01
7.912052e+01
7.912051e+01
7.912167e+01
7.912691e+01
7.912865e+01
7.913156e+01
7.913155e+01
7.913388e+01
7.913678e+01
7.913852e+01
7.914143e+01
7.914667e+01
7.914666e+01
7.915015e+01
7.915131e+01
7.915305e+01
7.915479e+01
7.915479e+01
7.915653e+01
7.915827e+01
7.916001e+01
7.916117e+01
7.915999e+01
7.916290e+01
7.916114e+01
7.916113e+01
7.916112e+01
7.916111e+01
7.916285e+01
7.915993e+01
7.916108e+01
7.915991e+01
7.916107e+01
7.916281e+01
7.916630e+01
7.916629e+01
7.916453e+01
7.916744e+01
7.916626e+01
7.916742e+01
7.917091e+01
7.917090e+01
7.917089e+01
7.917263e+01
7.917438e+01
7.917728e+01
7.917902e+01
7.918077e+01
7.918251e+01
7.918366e+01
7.918599e+01
7.918598e+01
7.918947e+01
7.919238e+01
7.919412e+01
7.919411e+01
7.919410e+01
7.919701e+01
7.919583e+01
7.919757e+01
7.920223e+01
7.920222e+01
7.920046e+01
7.920220e+01
7.920570e+01
7.920394e+01
7.920684e+01
7.920742e+01
7.921033e+01
7.921032e+01
7.921206e+01
7.921030e+01
7.920562e+01
7.920853e+01
7.921202e+01
7.921201e+01
7.921200e+01
7.920908e+01
7.920732e+01
7.920906e+01
7.920905e+01
7.920904e+01
7.920553e+01
7.920377e+01
7.920727e+01
7.920376e+01
7.920550e+01
7.920549e+01
7.920723e+01
7.920722e+01
7.920254e+01
7.920370e+01
7.920544e+01
7.920718e+01
7.921184e+01
7.921008e+01
7.921182e+01
7.921182e+01
7.921181e+01
7.921355e+01
7.921704e+01
7.921353e+01
7.921352e+01
7.921876e+01
7.921875e+01
7.922049e+01
7.922048e+01
7.922048e+01
7.922047e+01
7.922337e+01
7.922336e+01
7.922044e+01
7.922335e+01
7.922159e+01
7.922158e+01
7.921982e+01
7.921689e+01
7.921514e+01
7.921688e+01
7.921512e+01
7.921219e+01
7.921335e+01
7.921159e+01
7.920808e+01
7.920691e+01
7.920340e+01
7.920339e+01
7.920338e+01
7.920337e+01
7.920161e+01
7.920335e+01
7.920159e+01
7.919983e+01
7.919982e+01
7.919982e+01
7.919806e+01
7.919805e+01
7.919804e+01
7.919978e+01
7.919977e+01
7.919976e+01
7.920150e+01
7.920324e+01
7.920498e+01
7.920673e+01
7.920788e+01
7.921137e+01
7.921312e+01
7.921136e+01
7.920960e+01
7.921484e+01
7.921133e+01
7.920957e+01
7.921131e+01
7.920955e+01
7.920954e+01
7.920953e+01
7.920953e+01
7.920777e+01
7.920951e+01
7.921300e+01
7.920949e+01
7.921123e+01
7.920947e+01
7.920946e+01
7.920945e+01
7.920944e+01
7.920944e+01
7.920943e+01
7.920767e+01
7.920941e+01
7.920648e+01
7.920647e+01
7.920646e+01
7.920296e+01
7.920295e+01
7.920294e+01
7.920118e+01
7.919942e+01
7.919824e+01
7.919823e+01
7.919648e+01
7.919647e+01
7.919471e+01
7.919295e+01
7.919469e+01
7.919643e+01
7.919467e+01
7.919583e+01
7.919815e+01
7.919581e+01
7.919580e+01
7.919638e+01
7.919928e+01
7.919811e+01
7.919810e+01
7.919926e+01
7.920275e+01
7.919924e+01
7.920098e+01
7.920272e+01
7.920271e+01
7.920095e+01
7.919978e+01
7.920094e+01
7.920093e+01
7.920442e+01
7.920091e+01
7.920440e+01
7.920264e+01
7.919913e+01
7.919912e+01
7.920086e+01
7.919910e+01
7.919910e+01
7.919734e+01
7.919791e+01
7.919440e+01
7.919089e+01
7.919088e+01
7.918912e+01
7.918912e+01
7.918269e+01
7.918443e+01
7.917917e+01
7.918091e+01
7.917740e+01
7.917564e+01
7.917447e+01
7.917563e+01
7.917212e+01
7.917094e+01
7.916568e+01
7.916567e+01
7.916917e+01
7.916741e+01
7.916565e+01
7.916739e+01
7.916563e+01
7.916562e+01
7.916386e+01
7.916385e+01
7.916559e+01
7.916733e+01
7.916733e+01
7.916615e+01
7.916556e+01
7.916555e+01
7.916554e+01
7.916553e+01
7.916377e+01
7.916551e+01
7.916550e+01
7.916433e+01
7.916432e+01
7.916431e+01
7.916080e+01
7.916079e+01
7.915787e+01
7.915902e+01
7.915610e+01
7.915434e+01
7.915258e+01
7.915082e+01
7.914906e+01
7.914905e+01
7.914729e+01
7.914437e+01
7.914436e+01
7.914260e+01
7.914084e+01
7.913733e+01
7.913791e+01
7.913440e+01
7.913089e+01
7.913263e+01
7.913087e+01
7.912969e+01
7.912910e+01
7.912793e+01
7.912617e+01
7.912791e+01
7.912615e+01
7.912439e+01
7.912438e+01
7.912262e+01
7.912436e+01
7.912260e+01
7.912260e+01
7.912259e+01
7.912258e+01
7.912432e+01
7.912431e+01
7.912255e+01
7.911963e+01
7.911962e+01
7.911961e+01
7.911901e+01
7.911609e+01
7.911433e+01
7.911607e+01
7.911606e+01
7.911080e+01
7.911254e+01
7.911079e+01
7.910903e+01
7.910610e+01
7.910609e+01
7.910258e+01
7.910082e+01
7.909790e+01
7.909556e+01
7.909380e+01
7.909262e+01
7.909086e+01
7.908619e+01
7.908734e+01
7.908383e+01
7.908266e+01
7.908265e+01
7.908089e+01
7.907738e+01
7.907387e+01
7.907386e+01
7.907094e+01
7.906918e+01
7.906567e+01
7.906391e+01
7.906565e+01
7.906389e+01
7.906388e+01
7.906213e+01
7.906037e+01
7.905861e+01
7.905743e+01
7.905567e+01
7.905683e+01
7.905507e+01
7.905390e+01
7.905739e+01
7.905563e+01
7.905562e+01
7.905619e+01
7.905735e+01
7.905268e+01
7.905383e+01
7.905732e+01
7.905381e+01
7.905556e+01
7.905380e+01
7.905379e+01
7.905378e+01
7.905260e+01
7.905551e+01
7.905550e+01
7.905258e+01
7.904907e+01
7.904906e+01
7.904730e+01
7.904612e+01
7.904728e+01
7.904727e+01
7.904260e+01
7.904434e+01
7.904550e+01
7.904374e+01
7.904606e+01
7.904722e+01
7.904546e+01
7.904253e+01
7.904369e+01
7.904193e+01
7.904076e+01
7.904075e+01
7.904074e+01
7.904248e+01
7.904247e+01
7.904596e+01
7.904712e+01
7.905061e+01
7.905235e+01
7.904884e+01
7.905350e+01
7.905057e+01
7.905698e+01
7.905406e+01
7.905346e+01
7.905520e+01
7.905753e+01
7.905869e+01
7.906043e+01
7.906217e+01
7.906333e+01
7.906332e+01
7.906389e+01
7.906213e+01
7.906329e+01
7.906036e+01
7.906036e+01
7.906501e+01
7.906559e+01
7.906675e+01
7.906732e+01
7.906848e+01
7.906672e+01
7.906671e+01
7.906378e+01
7.906027e+01
7.906318e+01
7.906201e+01
7.906200e+01
7.906024e+01
7.905673e+01
7.905847e+01
7.905846e+01
7.905845e+01
7.905494e+01
7.905318e+01
7.905493e+01
7.905200e+01
7.905024e+01
7.904673e+01
7.904672e+01
7.904496e+01
7.904320e+01
7.904320e+01
7.904319e+01
7.904668e+01
7.904025e+01
7.903966e+01
7.903965e+01
7.904139e+01
7.903672e+01
7.903787e+01
7.903670e+01
7.903844e+01
7.903668e+01
7.903842e+01
7.904133e+01
7.904015e+01
7.903664e+01
7.903664e+01
7.903954e+01
7.903662e+01
7.903544e+01
7.903485e+01
7.903309e+01
7.903016e+01
7.903016e+01
7.903015e+01
7.902489e+01
7.902838e+01
7.902662e+01
7.902544e+01
7.902368e+01
7.902134e+01
7.901842e+01
7.901841e+01
7.901665e+01
7.901839e+01
7.902013e+01
7.901662e+01
7.901545e+01
7.901369e+01
7.900843e+01
7.900550e+01
7.900491e+01
7.900373e+01
7.900489e+01
7.900197e+01
7.900371e+01
7.900195e+01
7.900019e+01
7.900018e+01
7.899842e+01
7.899550e+01
7.899549e+01
7.899198e+01
7.899489e+01
7.899371e+01
7.899370e+01
7.899369e+01
7.899135e+01
7.899192e+01
7.899191e+01
7.899541e+01
7.899481e+01
7.899655e+01
7.899830e+01
7.899829e+01
7.900119e+01
7.900294e+01
7.900526e+01
7.900525e+01
7.900641e+01
7.900640e+01
7.900814e+01
7.900813e+01
7.900812e+01
7.900811e+01
7.900810e+01
7.900810e+01
7.900809e+01
7.901158e+01
7.901157e+01
7.901156e+01
7.901155e+01
7.901096e+01
7.901153e+01
7.900977e+01
7.900976e+01
7.900801e+01
7.900800e+01
7.900624e+01
7.900506e+01
7.900505e+01
7.900271e+01
7.900445e+01
7.900153e+01
7.900152e+01
7.900267e+01
7.900442e+01
7.900324e+01
7.900323e+01
7.900555e+01
7.900788e+01
7.901079e+01
7.900961e+01
7.900960e+01
7.900959e+01
7.900958e+01
7.901424e+01
7.901598e+01
7.901597e+01
7.901596e+01
7.901596e+01
7.901420e+01
7.901302e+01
7.901943e+01
7.901650e+01
7.901766e+01
7.901940e+01
7.902056e+01
7.902055e+01
7.901762e+01
7.901587e+01
7.901586e+01
7.901760e+01
7.901759e+01
7.901758e+01
7.901582e+01
7.901465e+01
7.901405e+01
7.901579e+01
7.901462e+01
7.901228e+01
7.901402e+01
7.901109e+01
7.901225e+01
7.901049e+01
7.901048e+01
7.900931e+01
7.900580e+01
7.900579e+01
7.900403e+01
7.900402e+01
7.900226e+01
7.900108e+01
7.900399e+01
7.900748e+01
7.900747e+01
7.900572e+01
7.900571e+01
7.900745e+01
7.900919e+01
7.900918e+01
7.901034e+01
7.900566e+01
7.900565e+01
7.900739e+01
7.900563e+01
7.900563e+01
7.900912e+01
7.900852e+01
7.900735e+01
7.900734e+01
7.901025e+01
7.901024e+01
7.901023e+01
7.900905e+01
7.900904e+01
7.900729e+01
7.900903e+01
7.900902e+01
7.900726e+01
7.900550e+01
7.900724e+01
7.900723e+01
7.900722e+01
7.900371e+01
7.900545e+01
7.900195e+01
7.900369e+01
7.899901e+01
7.899900e+01
7.899549e+01
7.899373e+01
7.899256e+01
7.899488e+01
7.899487e+01
7.899195e+01
7.899194e+01
7.899193e+01
7.899367e+01
7.899366e+01
7.899657e+01
7.899539e+01
7.899538e+01
7.899538e+01
7.899362e+01
7.899652e+01
7.899535e+01
7.899884e+01
7.899708e+01
7.899824e+01
7.899706e+01
7.899880e+01
7.899879e+01
7.899704e+01
7.899703e+01
7.899818e+01
7.899876e+01
7.899467e+01
7.899874e+01
7.899698e+01
7.899697e+01
7.899988e+01
7.899695e+01
7.899870e+01
7.899694e+01
7.899868e+01
7.899517e+01
7.899633e+01
7.899398e+01
7.899164e+01
7.898988e+01
7.899337e+01
7.898986e+01
7.899336e+01
7.898985e+01
7.899217e+01
7.899158e+01
7.898982e+01
7.898689e+01
7.898630e+01
7.898688e+01
7.898395e+01
7.898161e+01
7.898335e+01
7.898159e+01
7.898158e+01
7.897982e+01
7.897865e+01
7.897689e+01
7.897863e+01
7.897862e+01
7.897861e+01
7.897977e+01
7.897859e+01
7.897392e+01
7.897624e+01
7.898148e+01
7.898322e+01
7.898030e+01
7.898320e+01
7.898203e+01
7.898144e+01
7.897968e+01
7.898142e+01
7.897849e+01
7.897673e+01
7.897672e+01
7.897672e+01
7.897962e+01
7.897961e+01
7.897844e+01
7.897960e+01
7.897492e+01
7.897141e+01
7.897199e+01
7.897314e+01
7.897138e+01
7.897313e+01
7.896787e+01
7.896844e+01
7.896785e+01
7.896492e+01
7.896783e+01
7.896316e+01
7.896665e+01
7.896255e+01
7.896254e+01
7.896137e+01
7.896311e+01
7.895960e+01
7.896134e+01
7.895667e+01
7.895782e+01
7.895782e+01
7.895664e+01
7.895780e+01
7.895662e+01
7.895661e+01
7.895602e+01
7.895251e+01
7.895425e+01
7.895658e+01
7.895248e+01
7.895481e+01
7.895305e+01
7.894954e+01
7.895420e+01
7.895302e+01
7.895476e+01
7.895592e+01
7.895300e+01
7.895299e+01
7.895239e+01
7.895122e+01
7.895121e+01
7.895295e+01
7.895119e+01
7.895118e+01
7.895001e+01
7.895116e+01
7.895232e+01
7.895290e+01
7.895172e+01
7.895113e+01
7.895170e+01
7.895228e+01
7.894993e+01
7.894934e+01
7.894933e+01
7.894932e+01
7.894990e+01
7.895106e+01
7.895105e+01
7.894929e+01
7.894811e+01
7.894927e+01
7.894751e+01
7.894634e+01
7.894458e+01
7.894457e+01
7.894281e+01
7.894455e+01
7.894629e+01
7.894453e+01
7.894627e+01
7.894626e+01
7.894917e+01
7.894625e+01
7.894799e+01
7.894739e+01
7.894972e+01
7.894913e+01
7.895145e+01
7.894911e+01
7.895260e+01
7.895434e+01
7.895608e+01
7.895607e+01
7.895723e+01
7.895722e+01
7.895896e+01
7.895895e+01
7.896069e+01
7.896244e+01
7.896418e+01
7.896417e+01
7.896766e+01
7.896765e+01
7.896822e+01
7.897055e+01
7.897287e+01
7.897403e+01
7.897227e+01
7.897051e+01
7.897400e+01
7.897399e+01
7.897398e+01
7.897398e+01
7.897397e+01
7.897746e+01
7.897745e+01
7.897569e+01
7.897393e+01
7.897392e+01
7.897391e+01
7.897390e+01
7.897564e+01
7.897214e+01
7.897388e+01
7.897037e+01
7.897036e+01
7.897035e+01
7.897326e+01
7.897383e+01
7.897499e+01
7.897381e+01
7.897264e+01
7.897205e+01
7.897379e+01
7.897553e+01
7.897377e+01
7.897376e+01
7.897725e+01
7.897724e+01
7.897723e+01
7.897839e+01
7.897546e+01
7.898012e+01
7.898011e+01
7.898302e+01
7.898243e+01
7.898359e+01
7.898358e+01
7.898357e+01
7.898064e+01
7.898180e+01
7.897887e+01
7.897887e+01
7.898002e+01
7.898001e+01
7.898059e+01
7.898000e+01
7.897882e+01
7.897881e+01
7.897705e+01
7.897704e+01
7.897703e+01
7.897761e+01
7.897527e+01
7.897059e+01
7.896825e+01
7.896707e+01
7.896590e+01
7.896356e+01
7.896296e+01
7.896237e+01
7.896236e+01
7.895885e+01
7.896059e+01
7.895883e+01
7.895883e+01
7.895765e+01
7.895589e+01
7.895355e+01
7.895412e+01
7.895528e+01
7.895235e+01
7.895235e+01
7.895059e+01
7.895233e+01
7.895232e+01
7.895173e+01
7.895055e+01
7.894879e+01
7.895053e+01
7.894877e+01
7.895051e+01
7.894876e+01
7.895050e+01
7.895224e+01
7.895048e+01
7.895047e+01
7.895163e+01
7.895045e+01
7.895044e+01
7.894868e+01
7.894692e+01
7.894517e+01
7.894516e+01
7.894515e+01
7.894397e+01
7.894338e+01
7.894045e+01
7.893869e+01
7.893635e+01
7.893693e+01
7.893517e+01
7.893341e+01
7.893515e+01
7.893164e+01
7.893105e+01
7.893162e+01
7.892811e+01
7.892694e+01
7.892635e+01
7.892517e+01
7.892516e+01
7.892515e+01
7.892339e+01
7.892163e+01
7.892046e+01
7.892162e+01
7.892044e+01
7.892160e+01
7.892159e+01
7.892333e+01
7.892157e+01
7.892156e+01
7.892330e+01
7.892329e+01
7.892329e+01
7.892153e+01
7.892152e+01
7.891859e+01
7.892033e+01
7.892149e+01
7.892148e+01
7.892147e+01
7.892496e+01
7.892495e+01
7.892495e+01
7.892494e+01
7.892318e+01
7.892492e+01
7.892491e+01
7.892840e+01
7.892606e+01
7.892838e+01
7.892954e+01
7.893011e+01
7.893127e+01
7.893126e+01
7.893125e+01
7.892833e+01
7.892657e+01
7.892189e+01
7.892305e+01
7.892013e+01
7.892187e+01
7.892302e+01
7.892010e+01
7.891834e+01
7.891658e+01
7.892007e+01
7.892006e+01
7.891830e+01
7.891829e+01
7.891829e+01
7.891536e+01
7.891302e+01
7.891301e+01
7.891650e+01
7.891649e+01
7.891531e+01
7.891297e+01
7.891530e+01
7.891179e+01
7.891353e+01
7.891294e+01
7.891468e+01
7.891525e+01
7.891466e+01
7.891640e+01
7.891814e+01
7.891638e+01
7.891987e+01
7.891986e+01
7.892102e+01
7.892451e+01
7.892450e+01
7.892625e+01
7.892449e+01
7.892448e+01
7.892447e+01
7.892446e+01
7.892270e+01
7.892269e+01
7.892443e+01
7.892442e+01
7.892616e+01
7.892616e+01
7.892615e+01
7.892439e+01
7.892729e+01
7.892729e+01
7.892553e+01
7.892785e+01
7.892784e+01
7.893075e+01
7.893424e+01
7.893540e+01
7.893772e+01
7.893538e+01
7.893712e+01
7.893770e+01
7.893710e+01
7.893534e+01
7.893709e+01
7.894058e+01
7.894407e+01
7.894173e+01
7.894872e+01
7.895687e+01
7.895861e+01
7.895919e+01
7.896676e+01
7.897084e+01
7.897375e+01
7.897665e+01
7.898189e+01
7.897897e+01
7.898538e+01
7.898187e+01
7.898536e+01
7.899352e+01
7.899351e+01
7.899525e+01
7.900049e+01
7.900165e+01
7.900164e+01
7.900513e+01
7.900629e+01
7.900803e+01
7.901618e+01
7.901793e+01
7.901967e+01
7.901966e+01
7.902140e+01
7.902489e+01
7.902488e+01
7.902312e+01
7.902136e+01
7.902310e+01
7.902309e+01
7.902309e+01
7.902483e+01
7.902307e+01
7.902131e+01
7.902130e+01
7.901954e+01
7.901778e+01
7.902594e+01
7.902593e+01
7.902592e+01
7.902591e+01
7.903115e+01
7.903114e+01
7.903580e+01
7.903754e+01
7.903637e+01
7.903928e+01
7.903927e+01
7.904276e+01
7.904275e+01
7.904624e+01
7.904273e+01
7.904272e+01
7.905263e+01
7.905612e+01
7.905903e+01
7.906077e+01
7.906076e+01
7.906250e+01
7.906249e+01
7.906598e+01
7.906247e+01
7.905896e+01
7.906071e+01
7.905953e+01
7.905894e+01
7.905951e+01
7.906067e+01
7.906241e+01
7.906182e+01
7.906239e+01
7.906705e+01
7.906704e+01
7.906528e+01
7.906411e+01
7.906060e+01
7.906234e+01
7.906175e+01
7.906407e+01
7.906523e+01
7.906405e+01
7.906229e+01
7.906520e+01
7.906578e+01
7.906402e+01
7.906576e+01
7.906517e+01
7.906574e+01
7.906398e+01
7.906397e+01
7.906221e+01
7.906512e+01
7.906569e+01
7.906569e+01
7.906684e+01
7.906858e+01
7.906858e+01
7.907032e+01
7.907031e+01
7.907321e+01
7.907554e+01
7.907553e+01
7.907669e+01
7.907551e+01
7.907667e+01
7.907666e+01
7.907548e+01
7.907664e+01
7.907722e+01
7.907546e+01
7.907370e+01
7.907194e+01
7.907368e+01
7.907367e+01
7.907366e+01
7.907190e+01
7.907014e+01
7.907189e+01
7.907129e+01
7.906895e+01
7.906894e+01
7.907010e+01
7.907184e+01
7.907008e+01
7.907357e+01
7.906890e+01
7.906539e+01
7.906538e+01
7.906187e+01
7.905894e+01
7.906010e+01
7.905718e+01
7.905892e+01
7.905891e+01
7.905248e+01
7.905364e+01
7.905188e+01
7.905187e+01
7.905011e+01
7.905069e+01
7.905068e+01
7.905009e+01
7.905066e+01
7.904715e+01
7.904889e+01
7.904888e+01
7.904712e+01
7.904537e+01
7.904536e+01
7.904535e+01
7.904534e+01
7.904358e+01
7.904182e+01
7.904006e+01
7.903889e+01
7.903713e+01
7.903887e+01
7.903711e+01
7.903535e+01
7.903651e+01
7.903183e+01
7.903007e+01
7.902715e+01
7.902831e+01
7.902480e+01
7.902362e+01
7.902186e+01
7.902010e+01
7.902009e+01
7.901483e+01
7.901483e+01
7.901132e+01
7.901364e+01
7.901013e+01
7.900954e+01
7.900836e+01
7.900660e+01
7.900485e+01
7.900367e+01
7.900133e+01
7.900132e+01
7.900014e+01
7.899838e+01
7.899838e+01
7.899662e+01
7.899836e+01
7.899660e+01
7.899834e+01
7.899833e+01
7.899949e+01
7.899948e+01
7.900005e+01
7.900004e+01
7.900470e+01
7.900644e+01
7.900935e+01
7.900642e+01
7.900992e+01
7.900991e+01
7.901340e+01
7.901106e+01
7.901280e+01
7.901454e+01
7.901453e+01
7.901277e+01
7.901276e+01
7.901100e+01
7.901274e+01
7.900923e+01
7.900806e+01
7.900805e+01
7.900804e+01
7.900978e+01
7.900977e+01
7.900860e+01
7.900975e+01
7.901149e+01
7.900799e+01
7.900914e+01
7.900622e+01
7.900971e+01
7.901145e+01
7.900969e+01
7.901143e+01
7.901317e+01
7.901316e+01
7.901315e+01
7.901315e+01
7.901139e+01
7.900963e+01
7.900670e+01
7.900494e+01
7.900493e+01
7.900668e+01
7.900667e+01
7.900957e+01
7.900781e+01
7.900839e+01
7.901130e+01
7.901012e+01
7.901186e+01
7.901360e+01
7.901826e+01
7.901942e+01
7.901649e+01
7.901765e+01
7.901822e+01
7.902113e+01
7.902112e+01
7.902286e+01
7.902286e+01
7.902460e+01
7.902634e+01
7.902458e+01
7.902632e+01
7.902806e+01
7.902630e+01
7.902804e+01
7.902803e+01
7.902919e+01
7.902918e+01
7.902626e+01
7.902916e+01
7.902741e+01
7.902740e+01
7.902914e+01
7.902913e+01
7.902912e+01
7.902736e+01
7.902560e+01
7.902559e+01
7.902558e+01
7.902382e+01
7.902557e+01
7.902556e+01
7.902380e+01
7.902204e+01
7.902203e+01
7.902202e+01
7.902201e+01
7.902025e+01
7.901908e+01
7.901907e+01
7.901906e+01
7.902080e+01
7.902021e+01
7.902020e+01
7.902019e+01
7.902251e+01
7.902250e+01
7.902541e+01
7.902715e+01
7.902714e+01
7.902889e+01
7.903354e+01
7.903353e+01
7.903352e+01
7.903235e+01
7.903351e+01
7.903233e+01
7.903349e+01
7.903348e+01
7.903172e+01
7.903346e+01
7.903170e+01
7.903228e+01
7.903227e+01
7.903168e+01
7.903342e+01
7.903341e+01
7.903048e+01
7.903222e+01
7.903338e+01
7.903046e+01
7.903220e+01
7.903044e+01
7.902751e+01
7.902867e+01
7.902516e+01
7.902690e+01
7.902339e+01
7.902047e+01
7.902337e+01
7.902220e+01
7.902219e+01
7.902393e+01
7.902392e+01
7.902391e+01
7.902332e+01
7.902039e+01
7.902214e+01
7.902038e+01
7.902037e+01
7.902211e+01
7.902327e+01
7.902092e+01
7.902091e+01
7.902324e+01
7.902381e+01
7.902730e+01
7.902846e+01
7.902729e+01
7.902728e+01
7.902668e+01
7.902726e+01
7.902725e+01
7.902666e+01
7.902723e+01
7.903014e+01
7.902721e+01
7.902721e+01
7.902836e+01
7.903010e+01
7.903184e+01
7.902834e+01
7.903008e+01
7.902832e+01
7.902831e+01
7.902655e+01
7.902479e+01
7.902303e+01
7.902011e+01
7.902185e+01
7.901717e+01
7.901658e+01
7.901599e+01
7.901481e+01
7.901480e+01
7.901304e+01
7.901303e+01
7.901128e+01
7.901127e+01
7.901009e+01
7.901125e+01
7.901124e+01
7.900948e+01
7.901122e+01
7.901296e+01
7.901120e+01
7.901294e+01
7.901469e+01
7.901118e+01
7.901292e+01
7.901291e+01
7.901290e+01
7.901639e+01
7.901463e+01
7.901637e+01
7.901636e+01
7.901927e+01
7.901810e+01
7.902100e+01
7.902099e+01
7.902157e+01
7.902273e+01
7.902272e+01
7.902271e+01
7.902153e+01
7.902269e+01
7.902268e+01
7.902442e+01
7.902266e+01
7.902440e+01
7.902439e+01
7.902614e+01
7.902438e+01
7.902612e+01
7.902611e+01
7.902785e+01
7.902784e+01
7.902958e+01
7.902782e+01
7.902665e+01
7.902780e+01
7.902780e+01
7.902954e+01
7.902953e+01
7.902602e+01
7.902776e+01
7.902600e+01
7.902774e+01
7.902773e+01
7.902947e+01
7.903121e+01
7.903121e+01
7.903295e+01
7.902944e+01
7.903468e+01
7.903409e+01
7.903408e+01
7.903640e+01
7.903931e+01
7.903930e+01
7.903929e+01
7.904103e+01
7.904277e+01
7.904451e+01
7.904626e+01
7.904741e+01
7.904740e+01
7.904740e+01
7.905264e+01
7.905379e+01
7.905262e+01
7.905436e+01
7.905610e+01
7.905901e+01
7.905725e+01
7.906074e+01
7.906248e+01
7.906072e+01
7.906188e+01
7.906362e+01
7.906069e+01
7.906244e+01
7.906184e+01
7.906008e+01
7.906066e+01
7.905890e+01
7.906181e+01
7.905713e+01
7.905712e+01
7.905886e+01
7.906177e+01
7.906176e+01
7.906175e+01
7.906174e+01
7.906174e+01
7.906173e+01
7.906172e+01
7.906346e+01
7.906170e+01
7.906169e+01
7.906168e+01
7.906167e+01
7.906166e+01
7.906165e+01
7.906515e+01
7.906689e+01
7.906979e+01
7.906979e+01
7.906978e+01
7.907327e+01
7.907326e+01
7.907617e+01
7.907674e+01
7.907848e+01
7.907672e+01
7.907671e+01
7.907845e+01
7.907845e+01
7.908135e+01
7.908134e+01
7.908133e+01
7.908308e+01
7.908307e+01
7.908481e+01
7.908480e+01
7.908479e+01
7.908711e+01
7.908652e+01
7.908651e+01
7.908650e+01
7.908533e+01
7.908649e+01
7.908531e+01
7.908647e+01
7.908529e+01
7.908645e+01
7.908644e+01
7.908818e+01
7.908642e+01
7.908641e+01
7.908640e+01
7.908523e+01
7.908697e+01
7.908521e+01
7.908637e+01
7.908519e+01
7.908693e+01
7.908518e+01
7.908692e+01
7.908807e+01
7.908981e+01
7.908981e+01
7.909155e+01
7.909154e+01
7.909153e+01
7.909152e+01
7.909501e+01
7.909500e+01
7.909674e+01
7.909790e+01
7.909672e+01
7.909847e+01
7.910137e+01
7.910136e+01
7.909786e+01
7.909960e+01
7.910134e+01
7.910133e+01
7.910249e+01
7.910598e+01
7.910655e+01
7.910304e+01
7.910303e+01
7.910127e+01
7.910127e+01
7.910067e+01
7.909775e+01
7.909599e+01
7.909598e+01
7.909597e+01
7.909304e+01
7.909070e+01
7.908953e+01
7.908777e+01
7.908426e+01
7.908250e+01
7.908249e+01
7.908073e+01
7.907897e+01
7.907780e+01
7.907604e+01
7.907778e+01
7.907427e+01
7.907776e+01
7.907775e+01
7.907249e+01
7.907248e+01
7.907364e+01
7.907363e+01
7.907246e+01
7.907245e+01
7.907419e+01
7.907535e+01
7.907592e+01
7.907591e+01
7.907707e+01
7.907881e+01
7.907880e+01
7.908054e+01
7.908228e+01
7.907877e+01
7.908110e+01
7.908051e+01
7.908225e+01
7.908224e+01
7.908223e+01
7.908222e+01
7.908221e+01
7.908220e+01
7.908219e+01
7.908393e+01
7.908218e+01
7.908217e+01
7.908041e+01
7.908215e+01
7.908214e+01
7.908038e+01
7.908095e+01
7.908036e+01
7.907919e+01
7.908034e+01
7.907742e+01
7.907741e+01
7.907565e+01
7.907389e+01
7.907388e+01
7.907387e+01
7.907386e+01
7.907094e+01
7.907385e+01
7.907092e+01
7.906916e+01
7.907090e+01
7.906914e+01
7.906855e+01
7.907088e+01
7.906912e+01
7.906911e+01
7.907085e+01
7.907084e+01
7.906908e+01
7.906907e+01
7.907081e+01
7.907255e+01
7.907080e+01
7.906904e+01
7.906903e+01
7.906902e+01
7.906726e+01
7.907075e+01
7.906724e+01
7.906898e+01
7.906722e+01
7.906546e+01
7.906546e+01
7.906428e+01
7.906369e+01
7.906018e+01
7.906075e+01
7.906074e+01
7.905723e+01
7.906014e+01
7.905838e+01
7.906012e+01
7.906012e+01
7.905369e+01
7.905193e+01
7.905017e+01
7.905016e+01
7.904549e+01
7.904373e+01
7.904022e+01
7.904313e+01
7.904137e+01
7.903669e+01
7.903377e+01
7.902851e+01
7.902675e+01
7.902382e+01
7.902323e+01
7.902147e+01
7.902030e+01
7.901854e+01
7.901853e+01
7.901502e+01
7.901151e+01
7.901325e+01
7.901207e+01
7.901148e+01
7.901322e+01
7.901321e+01
7.901146e+01
7.901145e+01
7.901027e+01
7.901026e+01
7.901025e+01
7.901141e+01
7.900673e+01
7.900673e+01
7.900497e+01
7.900379e+01
7.900495e+01
7.900494e+01
7.900026e+01
7.899676e+01
7.899675e+01
7.899674e+01
7.899673e+01
7.899205e+01
7.899379e+01
7.899028e+01
7.899028e+01
7.898677e+01
7.898501e+01
7.898500e+01
7.898207e+01
7.898148e+01
7.898205e+01
7.897738e+01
7.897562e+01
7.897386e+01
7.897385e+01
7.897209e+01
7.897208e+01
7.896916e+01
7.896390e+01
7.896856e+01
7.896388e+01
7.896212e+01
7.896270e+01
7.896385e+01
7.896035e+01
7.896500e+01
7.896558e+01
7.896557e+01
7.897023e+01
7.896847e+01
7.897196e+01
7.897370e+01
7.897369e+01
7.897660e+01
7.897367e+01
7.897483e+01
7.897482e+01
7.897540e+01
7.897364e+01
7.897363e+01
7.897537e+01
7.897711e+01
7.897885e+01
7.898176e+01
7.898175e+01
7.898174e+01
7.898348e+01
7.898347e+01
7.898171e+01
7.898462e+01
7.898461e+01
7.898169e+01
7.898459e+01
7.898633e+01
7.898166e+01
7.898340e+01
7.898339e+01
7.897872e+01
7.897987e+01
7.897636e+01
7.897810e+01
7.897635e+01
7.897634e+01
7.897341e+01
7.897457e+01
7.897164e+01
7.897280e+01
7.896988e+01
7.896928e+01
7.896927e+01
7.896926e+01
7.896634e+01
7.896633e+01
7.896457e+01
7.896165e+01
7.895989e+01
7.896629e+01
7.896337e+01
7.896161e+01
7.896160e+01
7.895984e+01
7.895983e+01
7.896332e+01
7.896448e+01
7.896331e+01
7.896096e+01
7.895804e+01
7.895978e+01
7.895977e+01
7.895801e+01
7.895800e+01
7.895799e+01
7.895623e+01
7.895622e+01
7.895622e+01
7.895271e+01
7.895445e+01
7.895619e+01
7.895443e+01
7.895267e+01
7.895266e+01
7.895149e+01
7.894973e+01
7.894797e+01
7.894621e+01
7.894620e+01
7.894619e+01
7.894443e+01
7.894151e+01
7.894150e+01
7.894149e+01
7.894265e+01
7.893972e+01
7.893971e+01
7.893795e+01
7.893794e+01
7.893618e+01
7.893793e+01
7.893967e+01
7.894141e+01
7.894140e+01
7.894431e+01
7.894430e+01
7.894487e+01
7.894603e+01
7.894485e+01
7.894776e+01
7.894950e+01
7.894774e+01
7.894773e+01
7.895122e+01
7.895238e+01
7.895237e+01
7.895295e+01
7.895411e+01
7.895410e+01
7.895584e+01
7.895758e+01
7.895815e+01
7.895814e+01
7.895755e+01
7.895929e+01
7.895812e+01
7.895752e+01
7.895402e+01
7.895401e+01
7.895575e+01
7.895399e+01
7.895398e+01
7.895397e+01
7.895396e+01
7.895220e+01
7.895278e+01
7.895102e+01
7.895218e+01
7.895392e+01
7.894924e+01
7.894923e+01
7.894922e+01
7.894746e+01
7.894745e+01
7.894920e+01
7.894394e+01
7.894859e+01
7.894684e+01
7.894391e+01
7.894215e+01
7.894564e+01
7.894447e+01
7.894562e+01
7.894678e+01
7.894911e+01
7.895201e+01
7.895375e+01
7.895375e+01
7.895374e+01
7.895723e+01
7.895897e+01
7.896071e+01
7.896362e+01
7.896361e+01
7.896360e+01
7.896592e+01
7.896533e+01
7.896707e+01
7.896706e+01
7.896705e+01
7.896529e+01
7.896704e+01
7.896761e+01
7.897052e+01
7.896876e+01
7.897050e+01
7.897049e+01
7.897223e+01
7.897222e+01
7.897046e+01
7.897220e+01
7.897336e+01
7.897510e+01
7.897393e+01
7.897509e+01
7.897391e+01
7.897740e+01
7.897564e+01
7.897505e+01
7.897562e+01
7.897561e+01
7.897736e+01
7.897735e+01
7.897850e+01
7.897733e+01
7.898024e+01
7.898373e+01
7.898372e+01
7.898371e+01
7.898720e+01
7.899011e+01
7.899185e+01
7.899242e+01
7.899241e+01
7.899532e+01
7.899531e+01
7.900055e+01
7.900171e+01
7.900520e+01
7.900811e+01
7.900693e+01
7.901043e+01
7.900983e+01
7.901216e+01
7.901215e+01
7.901506e+01
7.901330e+01
7.901329e+01
7.901678e+01
7.901794e+01
7.901793e+01
7.901967e+01
7.901966e+01
7.902315e+01
7.902314e+01
7.901963e+01
7.901962e+01
7.902137e+01
7.902427e+01
7.902426e+01
7.902425e+01
7.902425e+01
7.902307e+01
7.902423e+01
7.902130e+01
7.902421e+01
7.902420e+01
7.902419e+01
7.902593e+01
7.902417e+01
7.902591e+01
7.902416e+01
7.902590e+01
7.902589e+01
7.902880e+01
7.902879e+01
7.902586e+01
7.903227e+01
7.903226e+01
7.903108e+01
7.903282e+01
7.903632e+01
7.903631e+01
7.903921e+01
7.904387e+01
7.904736e+01
7.904794e+01
7.905201e+01
7.905259e+01
7.905549e+01
7.905548e+01
7.905898e+01
7.905897e+01
7.905896e+01
7.905895e+01
7.906069e+01
7.906243e+01
7.906067e+01
7.906358e+01
7.906240e+01
7.906064e+01
7.906239e+01
7.906354e+01
7.906528e+01
7.906236e+01
7.906352e+01
7.906701e+01
7.906525e+01
7.906524e+01
7.906523e+01
7.906580e+01
7.906696e+01
7.906695e+01
7.906694e+01
7.906869e+01
7.906693e+01
7.906867e+01
7.906866e+01
7.906748e+01
7.906747e+01
7.906863e+01
7.906571e+01
7.906745e+01
7.906744e+01
7.906393e+01
7.906742e+01
7.906858e+01
7.906740e+01
7.907206e+01
7.907030e+01
7.907204e+01
7.906912e+01
7.907086e+01
7.907376e+01
7.907376e+01
7.907200e+01
7.907374e+01
7.907198e+01
7.907022e+01
7.907021e+01
7.907195e+01
7.907078e+01
7.907368e+01
7.907192e+01
7.907367e+01
7.907366e+01
7.907190e+01
7.907364e+01
7.907363e+01
7.907362e+01
7.907478e+01
7.907360e+01
7.906951e+01
7.907008e+01
7.907008e+01
7.907007e+01
7.906831e+01
7.906480e+01
7.906304e+01
7.906128e+01
7.905952e+01
7.905835e+01
7.905950e+01
7.905658e+01
7.905482e+01
7.905598e+01
7.905305e+01
7.905304e+01
7.905187e+01
7.904836e+01
7.905010e+01
7.904951e+01
7.904950e+01
7.905124e+01
7.905006e+01
7.905180e+01
7.905296e+01
7.905003e+01
7.904828e+01
7.905002e+01
7.905176e+01
7.905117e+01
7.905291e+01
7.905290e+01
7.905289e+01
7.905171e+01
7.905287e+01
7.905286e+01
7.905460e+01
7.905459e+01
7.905283e+01
7.905458e+01
7.905282e+01
7.905456e+01
7.905163e+01
7.905279e+01
7.905161e+01
7.905277e+01
7.905160e+01
7.905334e+01
7.905158e+01
7.905274e+01
7.904981e+01
7.904980e+01
7.904863e+01
7.904803e+01
7.904802e+01
7.904510e+01
7.904334e+01
7.904333e+01
7.904682e+01
7.904798e+01
7.904447e+01
7.904154e+01
7.904037e+01
7.903978e+01
7.903802e+01
7.903801e+01
7.903975e+01
7.903799e+01
7.903856e+01
7.903797e+01
7.904030e+01
7.904029e+01
7.904145e+01
7.904027e+01
7.904143e+01
7.904317e+01
7.904491e+01
7.904315e+01
7.904489e+01
7.904313e+01
7.904312e+01
7.904603e+01
7.904311e+01
7.904135e+01
7.904309e+01
7.904308e+01
7.904482e+01
7.904481e+01
7.904422e+01
7.904771e+01
7.904653e+01
7.904302e+01
7.904418e+01
7.904476e+01
7.904416e+01
7.904415e+01
7.904298e+01
7.903947e+01
7.904121e+01
7.904412e+01
7.904061e+01
7.904060e+01
7.903943e+01
7.903475e+01
7.903416e+01
7.903415e+01
7.903589e+01
7.903588e+01
7.903412e+01
7.903586e+01
7.903410e+01
7.903409e+01
7.903409e+01
7.903408e+01
7.903407e+01
7.903581e+01
7.903405e+01
7.903579e+01
7.903578e+01
7.903752e+01
7.903751e+01
7.903925e+01
7.904216e+01
7.903574e+01
7.903923e+01
7.903922e+01
7.903921e+01
7.904095e+01
7.904561e+01
7.904735e+01
7.904559e+01
7.905083e+01
7.904907e+01
7.904906e+01
7.905080e+01
7.905196e+01
7.905195e+01
7.905194e+01
7.905368e+01
7.905543e+01
7.905367e+01
7.905424e+01
7.905715e+01
7.905714e+01
7.905538e+01
7.905420e+01
7.905711e+01
7.905710e+01
7.905709e+01
7.905709e+01
7.905708e+01
7.905707e+01
7.905414e+01
7.905588e+01
7.905587e+01
7.905586e+01
7.905411e+01
7.905526e+01
7.905409e+01
7.905583e+01
7.905349e+01
7.905581e+01
7.905580e+01
7.905579e+01
7.905578e+01
7.905694e+01
7.906218e+01
7.906042e+01
7.906333e+01
7.906391e+01
7.906390e+01
7.906564e+01
7.906680e+01
7.906854e+01
7.907028e+01
7.907202e+01
7.907376e+01
7.907667e+01
7.907724e+01
7.908015e+01
7.908189e+01
7.908363e+01
7.908187e+01
7.908186e+01
7.908185e+01
7.907834e+01
7.907834e+01
7.907658e+01
7.908065e+01
7.907831e+01
7.907830e+01
7.907654e+01
7.907828e+01
7.907652e+01
7.907476e+01
7.907534e+01
7.907475e+01
7.907357e+01
7.907298e+01
7.907005e+01
7.907004e+01
7.906945e+01
7.906944e+01
7.906477e+01
7.906651e+01
7.906475e+01
7.906124e+01
7.906123e+01
7.906122e+01
7.906296e+01
7.906295e+01
7.906294e+01
7.906294e+01
7.906118e+01
7.906642e+01
7.906466e+01
7.906465e+01
7.906639e+01
7.906521e+01
7.906637e+01
7.906986e+01
7.906927e+01
7.907276e+01
7.907450e+01
7.907449e+01
7.907623e+01
7.907798e+01
7.908147e+01
7.907971e+01
7.908145e+01
7.908319e+01
7.908318e+01
7.908142e+01
7.908258e+01
7.908490e+01
7.908431e+01
7.908255e+01
7.908254e+01
7.908312e+01
7.908136e+01
7.908252e+01
7.908251e+01
7.908308e+01
7.908307e+01
7.908131e+01
7.907955e+01
7.907955e+01
7.907954e+01
7.907953e+01
7.908127e+01
7.907951e+01
7.908125e+01
7.908299e+01
7.908123e+01
7.907947e+01
7.908005e+01
7.908004e+01
7.908120e+01
7.908119e+01
7.908293e+01
7.908117e+01
7.908466e+01
7.908465e+01
7.908464e+01
7.908580e+01
7.908579e+01
7.908987e+01
7.909102e+01
7.909626e+01
7.909101e+01
7.909275e+01
7.909624e+01
7.909973e+01
7.909272e+01
7.909446e+01
7.909270e+01
7.909269e+01
7.909093e+01
7.909267e+01
7.909442e+01
7.909091e+01
7.909556e+01
7.909555e+01
7.909555e+01
7.909554e+01
7.909553e+01
7.909610e+01
7.909551e+01
7.909550e+01
7.909433e+01
7.909257e+01
7.909081e+01
7.908905e+01
7.908729e+01
7.908728e+01
7.908610e+01
7.908551e+01
7.908434e+01
7.908083e+01
7.908257e+01
7.908081e+01
7.908080e+01
7.907904e+01
7.908078e+01
7.907902e+01
7.907726e+01
7.907901e+01
7.907550e+01
7.907549e+01
7.907548e+01
7.907547e+01
7.907371e+01
7.907720e+01
7.907719e+01
7.907543e+01
7.907717e+01
7.907892e+01
7.907716e+01
7.907948e+01
7.908064e+01
7.908180e+01
7.908412e+01
7.908236e+01
7.908410e+01
7.908234e+01
7.908408e+01
7.908233e+01
7.908407e+01
7.908231e+01
7.908230e+01
7.908229e+01
7.908053e+01
7.908227e+01
7.908051e+01
7.908050e+01
7.908049e+01
7.907757e+01
7.907698e+01
7.907522e+01
7.907579e+01
7.907578e+01
7.907519e+01
7.907401e+01
7.907226e+01
7.907225e+01
7.907282e+01
7.907048e+01
7.906872e+01
7.906871e+01
7.906754e+01
7.907044e+01
7.906927e+01
7.906867e+01
7.906750e+01
7.906749e+01
7.906398e+01
7.906572e+01
7.906571e+01
7.906395e+01
7.906570e+01
7.906744e+01
7.906743e+01
7.906742e+01
7.906916e+01
7.907032e+01
7.906914e+01
7.906738e+01
7.906737e+01
7.906736e+01
7.906561e+01
7.906735e+01
7.906909e+01
7.906908e+01
7.907199e+01
7.907081e+01
7.907197e+01
7.907254e+01
7.907020e+01
7.907019e+01
7.907018e+01
7.906726e+01
7.906725e+01
7.906665e+01
7.906373e+01
7.906489e+01
7.906371e+01
7.906195e+01
7.906194e+01
7.906135e+01
7.905843e+01
7.905550e+01
7.905666e+01
7.905315e+01
7.905314e+01
7.905138e+01
7.905137e+01
7.904670e+01
7.904494e+01
7.904493e+01
7.904317e+01
7.904141e+01
7.904140e+01
7.904139e+01
7.904488e+01
7.904021e+01
7.904136e+01
7.904136e+01
7.903960e+01
7.904309e+01
7.904016e+01
7.904365e+01
7.904306e+01
7.904597e+01
7.904479e+01
7.904478e+01
7.904652e+01
7.904652e+01
7.904942e+01
7.905116e+01
7.905291e+01
7.905173e+01
7.905289e+01
7.904996e+01
7.904995e+01
7.905169e+01
7.904818e+01
7.904701e+01
7.904642e+01
7.904699e+01
7.905165e+01
7.905281e+01
7.905280e+01
7.904637e+01
7.904811e+01
7.904810e+01
7.904634e+01
7.905450e+01
7.904341e+01
7.904457e+01
7.904164e+01
7.904163e+01
7.904337e+01
7.904336e+01
7.904044e+01
7.903810e+01
7.903984e+01
7.903808e+01
7.903632e+01
7.903806e+01
7.903805e+01
7.903688e+01
7.903687e+01
7.903802e+01
7.903802e+01
7.903801e+01
7.903975e+01
7.903857e+01
7.904031e+01
7.903855e+01
7.903855e+01
7.904145e+01
7.904319e+01
7.904143e+01
7.903968e+01
7.903675e+01
7.903966e+01
7.903790e+01
7.903789e+01
7.903671e+01
7.903671e+01
7.903670e+01
7.903669e+01
7.903959e+01
7.903959e+01
7.903783e+01
7.903782e+01
7.903606e+01
7.903313e+01
7.903254e+01
7.903312e+01
7.903136e+01
7.903135e+01
7.903075e+01
7.902900e+01
7.902782e+01
7.902781e+01
7.902780e+01
7.902429e+01
7.902253e+01
7.901902e+01
7.901902e+01
7.901901e+01
7.901783e+01
7.901607e+01
7.901606e+01
7.901430e+01
7.901546e+01
7.901429e+01
7.901369e+01
7.901252e+01
7.901076e+01
7.901075e+01
7.901249e+01
7.900898e+01
7.900897e+01
7.901071e+01
7.900896e+01
7.901070e+01
7.901244e+01
7.901418e+01
7.901242e+01
7.901708e+01
7.901765e+01
7.901764e+01
7.901763e+01
7.901879e+01
7.901878e+01
7.901761e+01
7.901876e+01
7.901759e+01
7.901700e+01
7.901757e+01
7.901756e+01
7.901872e+01
7.901929e+01
7.901753e+01
7.902103e+01
7.902043e+01
7.902217e+01
7.902216e+01
7.902099e+01
7.902215e+01
7.902039e+01
7.902038e+01
7.901745e+01
7.901919e+01
7.901860e+01
7.901743e+01
7.901742e+01
7.901624e+01
7.901390e+01
7.901389e+01
7.901563e+01
7.901562e+01
7.901386e+01
7.901385e+01
7.901385e+01
7.901384e+01
7.901383e+01
7.901557e+01
7.901614e+01
7.901730e+01
7.901729e+01
7.901903e+01
7.901902e+01
7.901726e+01
7.901901e+01
7.901725e+01
7.901899e+01
7.901898e+01
7.901897e+01
7.902071e+01
7.901895e+01
7.901894e+01
7.902185e+01
7.902067e+01
7.902067e+01
7.902066e+01
7.902006e+01
7.902064e+01
7.902063e+01
7.902004e+01
7.902178e+01
7.901827e+01
7.902001e+01
7.901708e+01
7.901824e+01
7.901532e+01
7.901531e+01
7.901530e+01
7.901471e+01
7.901645e+01
7.901352e+01
7.901176e+01
7.901175e+01
7.900999e+01
7.900999e+01
7.900823e+01
7.900647e+01
7.900354e+01
7.900178e+01
7.900469e+01
7.900468e+01
7.900467e+01
7.900116e+01
7.899824e+01
7.899998e+01
7.899997e+01
7.899821e+01
7.899645e+01
7.899644e+01
7.899643e+01
7.899817e+01
7.899642e+01
7.899932e+01
7.899815e+01
7.899989e+01
7.900163e+01
7.900279e+01
7.900278e+01
7.900277e+01
7.900451e+01
7.900450e+01
7.900508e+01
7.900273e+01
7.900272e+01
7.900330e+01
7.900329e+01
7.900445e+01
7.900269e+01
7.900326e+01
7.900325e+01
7.899974e+01
7.899974e+01
7.900148e+01
7.899972e+01
7.899971e+01
7.899853e+01
7.900144e+01
7.899968e+01
7.899967e+01
7.899791e+01
7.899965e+01
7.899965e+01
7.899964e+01
7.899788e+01
7.899962e+01
7.900019e+01
7.900310e+01
7.900484e+01
7.900308e+01
7.900307e+01
7.900481e+01
7.900481e+01
7.900480e+01
7.900945e+01
7.900653e+01
7.900944e+01
7.901118e+01
7.901117e+01
7.901116e+01
7.901290e+01
7.901464e+01
7.901638e+01
7.901637e+01
7.901811e+01
7.902102e+01
7.902451e+01
7.902450e+01
7.902449e+01
7.902449e+01
7.902739e+01
7.902913e+01
7.902913e+01
7.903145e+01
7.903086e+01
7.903260e+01
7.903259e+01
7.903083e+01
7.903257e+01
7.903256e+01
7.903139e+01
7.903429e+01
7.903429e+01
7.903428e+01
7.903427e+01
7.903368e+01
7.903425e+01
7.903424e+01
7.903598e+01
7.903422e+01
7.903246e+01
7.903537e+01
7.903245e+01
7.903069e+01
7.903068e+01
7.902775e+01
7.902891e+01
7.902890e+01
7.902889e+01
7.902713e+01
7.902596e+01
7.902886e+01
7.903061e+01
7.903060e+01
7.902884e+01
7.903058e+01
7.903174e+01
7.903056e+01
7.902938e+01
7.903346e+01
7.903228e+01
7.903577e+01
7.903868e+01
7.903867e+01
7.904216e+01
7.904216e+01
7.904390e+01
7.904564e+01
7.904854e+01
7.904562e+01
7.904911e+01
7.904852e+01
7.904851e+01
7.905025e+01
7.905199e+01
7.905198e+01
7.905372e+01
7.905371e+01
7.905429e+01
7.905370e+01
7.905660e+01
7.905543e+01
7.905367e+01
7.905366e+01
7.905540e+01
7.905189e+01
7.905538e+01
7.905537e+01
7.905361e+01
7.905419e+01
7.905185e+01
7.905242e+01
7.905241e+01
7.905182e+01
7.905181e+01
7.905238e+01
7.905063e+01
7.905237e+01
7.905236e+01
7.905527e+01
7.905526e+01
7.905875e+01
7.905874e+01
7.906223e+01
7.906222e+01
7.906688e+01
7.906687e+01
7.906861e+01
7.906685e+01
7.905868e+01
7.906683e+01
7.906682e+01
7.906857e+01
7.906856e+01
7.907030e+01
7.906912e+01
7.907028e+01
7.907027e+01
7.907201e+01
7.907317e+01
7.907199e+01
7.907140e+01
7.907023e+01
7.906847e+01
7.906846e+01
7.906845e+01
7.906844e+01
7.906493e+01
7.906492e+01
7.906141e+01
7.906140e+01
7.906139e+01
7.906139e+01
7.906138e+01
7.906137e+01
7.905844e+01
7.905785e+01
7.905492e+01
7.905491e+01
7.905491e+01
7.905140e+01
7.905139e+01
7.904788e+01
7.904787e+01
7.904786e+01
7.904610e+01
7.904493e+01
7.904492e+01
7.904491e+01
7.904490e+01
7.904489e+01
7.904138e+01
7.903962e+01
7.904136e+01
7.904135e+01
7.904309e+01
7.904134e+01
7.904483e+01
7.904132e+01
7.904481e+01
7.904480e+01
7.904596e+01
7.904595e+01
7.904594e+01
7.904476e+01
7.904767e+01
7.904941e+01
7.904940e+01
7.904823e+01
7.904764e+01
7.904471e+01
7.904470e+01
7.904469e+01
7.904469e+01
