79.81 76.8300017
79.81 76.8300017
79.82 76.8300017
79.84 76.8300017
79.83 76.8300017
79.83 76.8300017
79.79 76.8300017
79.79 76.8300017
79.74 76.8300017
79.74 76.8300017
79.79 76.8300017
79.8 76.8300017
79.81 76.8300017
79.8 76.8300017
79.8 76.8300017
79.78 76.8300017
79.77 76.8300017
79.75 76.8300017
79.76 76.8300017
79.75 76.8300017
79.78 76.8300017
79.78 76.8300017
79.77 76.8300017
79.75 76.8300017
79.77 76.8300017
79.8 76.8300017
79.77 76.8300017
79.79 76.8300017
79.78 76.8300017
79.76 76.8300017
79.75 76.8300017
79.73 76.8300017
79.75 76.8300017
79.69 76.8300017
79.67 76.8300017
79.66 76.8300017
79.6 76.8300017
79.57 76.8300017
79.59 76.8300017
79.56 76.8300017
79.58 76.8300017
79.57 76.8300017
79.56 76.8300017
79.56 76.8300017
79.57 76.8300017
79.51 76.8300017
79.49 76.8300017
79.5 76.8300017
79.5 76.8300017
79.49289 76.8300017
79.49 76.8300017
79.48452 76.8300017
79.47032 76.8300017
79.47776 76.8300017
79.46486 76.8300017
79.46097 76.8300017
79.49601 76.8300017
79.48179 76.8300017
79.46719 76.8300017
79.46059 76.8300017
79.45412 76.8300017
79.44777 76.8300017
79.44155 76.8300017
79.4309 76.8300017
79.41736 76.8300017
79.38805 76.8300017
79.37428 76.8300017
79.38555 76.8300017
79.3834 76.8300017
79.37257 76.8300017
79.37 76.8300017
79.37 76.8300017
79.37867 76.8300017
79.38868 76.8300017
79.41122 76.8300017
79.43527 76.8300017
79.42869 76.8300017
79.41483 76.8300017
79.38661 76.8300017
79.35106 76.8300017
79.31449 76.8300017
79.27605 76.8300017
79.23783 76.8300017
79.18857 76.8300017
79.14028 76.8300017
79.0997 76.8300017
79.06488 76.8300017
79.03075 76.8300017
78.96095 76.8300017
78.8917 76.8300017
78.8319 76.8300017
78.79861 76.8300017
78.76598 76.8300017
78.734 76.8300017
78.70263 76.8300017
78.67188 76.8300017
78.65 76.8300017
78.65 76.8300017
78.65 76.8300017
78.64998 76.8300017
78.64705 76.8300017
78.64417 76.8300017
78.64136 76.8300017
78.64 76.8300017
78.64 76.8300017
78.64 76.8300017
78.64 76.8300017
78.63615 76.8300017
78.63114 76.8300017
78.62624 76.8300017
78.62143 76.8300017
78.62329 76.8300017
78.62791 76.8300017
78.63244 76.8300017
78.63689 76.8300017
78.6369 76.8300017
78.62622 76.8300017
78.61575 76.8300017
78.60549 76.8300017
78.59543 76.8300017
78.58734 76.8300017
78.58153 76.8300017
78.57585 76.8300017
78.57027 76.8300017
78.5648 76.8300017
78.56037 76.8300017
78.56388 76.8300017
78.56731 76.8300017
78.57068 76.8300017
78.57398 76.8300017
78.57722 76.8300017
78.57961 76.8300017
78.5765 76.8300017
78.57345 76.8300017
78.57046 76.8300017
78.56752 76.8300017
78.56465 76.8300017
78.56183 76.8300017
78.55814 76.8300017
78.55272 76.8300017
78.54741 76.8300017
78.54221 76.8300017
78.5371 76.8300017
78.5321 76.8300017
78.52719 76.8300017
78.52238 76.8300017
78.52176 76.8300017
78.52532 76.8300017
78.52894 76.8300017
78.53265 76.8300017
78.53642 76.8300017
78.54027 76.8300017
78.5442 76.8300017
78.5482 76.8300017
78.55 76.8300017
78.55 76.8300017
78.55 76.8300017
78.55 76.8300017
78.55 76.8300017
78.55 76.8300017
78.55 76.8300017
78.55327 76.8300017
78.55805 76.8300017
78.56294 76.8300017
78.56792 76.8300017
78.573 76.8300017
78.57818 76.8300017
78.58346 76.8300017
78.58885 76.8300017
78.59435 76.8300017
78.59996 76.8300017
78.60568 76.8300017
78.61 76.8300017
78.61 76.8300017
78.61 76.8300017
78.61 76.8300017
78.61 76.8300017
78.61083 76.8300017
78.61302 76.8300017
78.61525 76.8300017
78.61753 76.8300017
78.61986 76.8300017
78.62668 76.8300017
78.63394 76.8300017
78.64134 76.8300017
78.64889 76.8300017
78.67854 76.8300017
78.71257 76.8300017
78.74728 76.8300017
78.78392 76.8300017
78.8367 76.8300017
78.89054 76.8300017
78.94545 76.8300017
78.98822 76.8300017
79.02129 76.8300017
79.05503 76.8300017
79.09974 76.8300017
79.17314 76.8300017
79.24799 76.8300017
79.31437 76.8300017
79.33807 76.8300017
79.36225 76.8300017
79.38247 76.8300017
79.39145 76.8300017
79.40062 76.8300017
79.40996 76.8300017
79.4195 76.8300017
79.42922 76.8300017
79.44097 76.8300017
79.45311 76.8300017
79.45817 76.8300017
79.45396 76.8300017
79.45 76.8300017
79.45 76.8300017
79.45 76.8300017
79.45 76.8300017
79.45 76.8300017
79.44687 76.8300017
79.44203 76.8300017
79.4429 76.8300017
79.44793 76.8300017
79.45 76.8300017
79.45 76.8300017
79.45364 76.8300017
79.45909 76.8300017
79.45071 76.8300017
79.44062 76.8300017
79.45218 76.8300017
79.46199 76.8300017
79.468 76.8300017
79.47 76.8300017
79.47039 76.8300017
79.47677 76.8300017
79.47672 76.8300017
79.47008 76.8300017
79.47 76.8300017
79.4628 76.8300017
79.44936 76.8300017
79.44217 76.8300017
79.44516 76.8300017
79.45264 76.8300017
79.46 76.8300017
79.46 76.8300017
79.47196 76.8300017
79.47593 76.8300017
79.46534 76.8300017
79.44925 76.8300017
79.44 76.8300017
79.44 76.8300017
79.45 76.8300017
79.5 76.8300017
79.52 76.8300017
79.55 76.8300017
79.61 76.8300017
79.7 76.8300017
79.7 76.8300017
79.7 76.8300017
79.69 76.8300017
79.66 76.8300017
79.66 76.8300017
79.67 76.8300017
79.7 76.8300017
79.76 76.8300017
79.76 76.8300017
79.76 76.8300017
79.75 76.8300017
79.8 76.8300017
79.81 76.8300017
79.79 76.8300017
79.76 76.8300017
79.79 76.8300017
79.81 76.8300017
79.82 76.8300017
79.82 76.8300017
79.8 76.8300017
79.8 76.8300017
79.79 76.8300017
79.79 76.8300017
79.79 76.8300017
79.81 76.8300017
79.82 76.8300017
79.84 76.8300017
79.85 76.8300017
79.84 76.8300017
79.85 76.8300017
79.85 76.8300017
79.86 76.8300017
79.84 76.8300017
79.85 76.8300017
79.83 76.8300017
79.83 76.8300017
79.82 76.8300017
79.82 76.8300017
79.79 76.8300017
79.8 76.8300017
