0
0
0
0
0
7.52315E-08
5.55556E-08
1.2037E-07
0
1.50463E-08
8.91204E-08
1.48148E-07
7.52315E-08
3.47222E-09
6.94444E-09
0
0
0
0
0
0
0
0
0
3.24074E-08
0
0
0
0
5.32407E-08
0
0
0
0
0
0
0
0
0
0
0
0
0
0
0
0
0
0
0
0
0
0
6.94444E-09
0
0
0
0
0
0
0
0
0
0
2.31481E-08
0
0
0
4.39815E-08
0
0
3.125E-08
1.5162E-07
0
6.01852E-08
1.85185E-08
0
0
0
0
0
0
0
0
0
0
9.9537E-08
0
0
0
0
0
0
0
0
0
0
0
0
0
0
0
3.58796E-08
0
1.73611E-08
5.90278E-08
0
5.32407E-08
0
0
0
0
0
0
0
0
0
0
0
0
0
0
0
0
0
0
6.8287E-08
4.62963E-08
0
1.45833E-07
1.04167E-07
0
0
0
0
0
0
0
0
1.38889E-08
0
0
0
0
0
0
0
0
0
0
0
7.29167E-08
2.19907E-08
1.73611E-08
0
0
0
0
0
0
0
0
0
0
0
0
0
0
0
7.40741E-08
1.15741E-09
0
0
0
0
2.92824E-07
0
2.98611E-07
7.87037E-08
0
0
0
0
0
0
1.79398E-07
0
0
0
0
1.04167E-08
0
2.89352E-08
0
0
0
0
0
0
2.25694E-07
1.85185E-08
0
0
0
5.55556E-07
0
0
0
0
9.375E-08
0
0
0
0
0
0
2.19907E-08
0
0
0
5.24306E-07
0
0
