  -15835.021733741567     
  -15962.165997902448     
  -16108.894753841800     
  -16260.961225319035     
  -16414.783891856943     
  -16568.140823671074     
  -16717.073696229738     
  -16846.656646607349     
  -12875.143480774210     
  -12915.092961314705     
  -13121.506140733882     
  -14170.954424575541     
  -13183.918781284392     
  -12917.887093007876     
  -12848.284163790720     
  -12812.066939426999     
  -12774.008199390046     
  -12754.108638903082     
  -12749.361928459690     
  -12743.145047932816     
  -12735.657831115450     
  -12725.359748493649     
  -12715.960721615784     
  -12415.124160914467     
  -11969.461045652222     
  -11769.643085962762     
  -11750.961279224131     
  -11633.745943317243     
  -11526.144921104693     
  -11475.776727790972     
  -11438.643918839074     
  -11395.712373149981     
  -11367.592053944512     
  -11353.906000740952     
  -11348.610061615900     
  -11348.314718766253     
  -11338.386934898494     
  -11329.210286674004     
  -11322.964263838849     
  -11867.131344705913     
  -11988.522931089485     
  -12128.194217289487     
  -12280.350914413459     
  -12433.124104188124     
  -12586.721315666689     
  -12741.164627069549     
  -12896.486243784700     
  -13052.656211814552     
  -13209.606543628272     
  -13367.277964756227     
  -13525.694445030655     
  -13685.054780564755     
  -13845.446580975758     
  -14006.943196313481     
  -14169.702604964908     
  -14334.086188728832     
  -14500.960808120777     
  -14672.845415864182     
  -14860.146521745948     
  -15003.223332255597     
  -15152.096735039451     
  -15304.737662591677     
  -15458.943135820096     
  -15612.948615515556     
  -15764.152959850735     
  -15910.085757776851     
  -16099.772540756823     
  -16280.519585855724     
  -16461.477714295695     
  -16646.576922253360     
  -16840.473436407243     
  -17050.678623238502     
  -11816.931570918408     
  -11835.704549283000     
  -11921.113608927022     
  -12235.939842667438     
  -12005.318665380128     
  -11833.107409491669     
  -11792.638302229188     
  -11762.705910171928     
  -11724.555690951785     
  -11692.300781370397     
  -11687.038596478038     
  -11680.785961136520     
  -11673.574205982013     
  -11662.612670512426     
  -11652.758903271450     
  -11338.451410144533     
  -10910.516188923677     
  -10706.413560128674     
  -10701.241018872095     
  -10581.900069093082     
  -10474.576858089840     
  -10417.377139817771     
  -10382.981695645667     
  -10342.856467334825     
  -10314.803607577394     
  -10302.210481094420     
  -10297.532289903129     
  -10299.869892586243     
  -10288.065922531401     
  -10279.396551339565     
  -10266.420242884911     
  -10248.499736299071     
  -10233.620469019757     
  -10221.579271297631     
  -10211.785453120518     
  -10204.102868243437     
  -9483.0081946737810     
  -9608.2713480822949     
  -9769.3045699622435     
  -9933.5749010007767     
  -10099.921311304521     
  -10266.779357456295     
  -10434.626101248294     
  -10606.521938670900     
  -10793.279179163334     
  -10933.179553588830     
  -11076.154393428520     
  -11228.334049503588     
  -11381.167419008329     
  -11534.809693484242     
  -11689.268335658102     
  -11844.601027818542     
  -12000.779066520385     
  -12157.727538016834     
  -12315.374193169171     
  -12473.729636271333     
  -12633.053329558570     
  -12793.418552607820     
  -12954.880935252409     
  -13117.576988420360     
  -13281.815056443278     
  -13448.261001758574     
  -13618.332324782572     
  -13793.597076516735     
  -13945.307169403086     
  -14096.951041114851     
  -14250.673808179179     
  -14405.684064198811     
  -14560.948837877693     
  -14715.177239916929     
  -14870.411304158768     
  -15050.304175955562     
  -15229.622728582572     
  -15410.208321674738     
  -15594.982214185256     
  -15788.038530792992     
  -15995.799532059487     
  -10648.475096124677     
  -10650.958909326737     
  -10655.327312163572     
  -10661.833142449144     
  -10696.165674508806     
  -10638.710072695199     
  -10629.076112958175     
  -10610.096142621927     
  -10575.619187569642     
  -10525.341249784384     
  -10518.725951501130     
  -10512.427183616992     
  -10506.122222928143     
  -10479.210525100030     
  -10414.071299302881     
  -10111.739123857475     
  -9740.0417316351068     
  -9537.1322470602627     
  -9531.9675281189157     
  -9396.3355517977270     
  -9306.3422556357727     
  -9251.7472661654283     
  -9222.2936102422627     
  -9181.3836230550223     
  -9152.6731560958997     
  -9142.9320764215499     
  -9139.1409518928122     
  -9139.6100125683133     
  -9131.3434085174758     
  -9124.8228792986338     
  -9109.6381921681786     
  -9092.5444858869378     
  -9077.6777620237299     
  -9065.7434859551686     
  -9055.9655743520252     
  -9047.0687625449791     
  -9033.8644310839409     
  -9019.3912327236994     
  -8999.3411467012065     
  -8970.0268399380784     
  -8932.4343238941456     
  -8889.4209666333063     
  -8845.2920962160060     
  -8803.2245992298103     
  -8762.3969478657982     
  -8726.4846299491655     
  -7745.6240302555952     
  -7893.1589671103338     
  -8079.0409236070436     
  -8295.7302083777995     
  -8445.4930304678583     
  -8609.1355156819136     
  -8774.1332166133834     
  -8941.2593252660154     
  -9108.3887106632792     
  -9275.8827161432655     
  -9445.7225627260832     
  -9619.4481815112049     
  -9769.0268734679885     
  -9916.6840668441473     
  -10068.573145680872     
  -10221.549573109100     
  -10375.296358461494     
  -10529.782871605523     
  -10685.139853600180     
  -10841.337606904150     
  -10998.284150390688     
  -11155.875242958036     
  -11314.073789560400     
  -11473.314804785079     
  -11633.622331184821     
  -11795.010524866297     
  -11957.572017423619     
  -12121.517460717409     
  -12287.209993466236     
  -12454.995645494155     
  -12623.333914258617     
  -12779.518200567310     
  -12933.805555137884     
  -13088.960937089207     
  -13245.168708328192     
  -13402.206734817562     
  -13559.431222099352     
  -13719.897377604901     
  -13894.623693927337     
  -14072.232507461809     
  -14252.177707078954     
  -14436.315950462125     
  -14628.005973012281     
  -14832.178556556879     
  -9362.4113231176143     
  -9364.2099361505298     
  -9366.6603830559488     
  -9368.2062250709751     
  -9358.9133175498446     
  -9351.9859341049360     
  -9345.9970452890138     
  -9335.8081600305486     
  -9310.3137261507145     
  -9260.4216988203661     
  -9266.0228764110452     
  -9261.5063257081620     
  -9227.9601663969006     
  -9166.1682692496779     
  -9044.9340076070184     
  -8780.0715688960026     
  -8459.7554485205219     
  -8248.2107105336181     
  -8193.3251038985891     
  -8075.6735140083047     
  -8015.5544068897761     
  -7963.8807231302644     
  -7942.3582960512485     
  -7899.6749267045361     
  -7868.4725741056927     
  -7861.0189107205379     
  -7857.8570572169556     
  -7853.9553292502424     
  -7850.2954793669023     
  -7847.2395571013421     
  -7836.7587159748364     
  -7819.4412150854896     
  -7804.3657961544068     
  -7792.7277957764709     
  -7783.2854704268120     
  -7774.3997930240012     
  -7763.1946385050878     
  -7749.8366632822372     
  -7730.7373604543400     
  -7701.1464589129055     
  -7662.7900671119223     
  -7618.6404167875535     
  -7573.6772770353382     
  -7531.8241115718738     
  -7490.0335059929439     
  -7446.0046750715583     
  -7381.3001204387183     
  -7313.5371218964037     
  -7240.1605321756979     
  -7157.0002360221415     
  -7045.8207823945959     
  -6896.9261444730728     
  -6722.9563056939560     
  -6536.4914735140301     
  -6341.4180750230034     
  -6128.7479517661832     
  -5989.3249851480077     
  -5985.5938031155692     
  -5854.6220781153661     
  -5668.1597676545080     
  -5513.9189575605078     
  -5382.6265310417293     
  -5272.7400745794339     
  -5223.3542008683617     
  -5189.8369371734943     
  -5156.3094685856149     
  -5058.6429992002995     
  -5054.2516648664887     
  -4999.8591253946279     
  -4999.2008268743984     
  -4991.9193494469073     
  -4981.5212884035464     
  -4973.6706176568823     
  -4968.1033376667147     
  -4965.0253543898089     
  -5070.1046157722512     
  -5074.8385815887095     
  -5081.7710343896815     
  -5089.3997103608081     
  -5096.4309873719476     
  -5102.8828927871200     
  -5109.0432871804196     
  -5115.1803333001835     
  -5121.4855570489071     
  -5128.0810732466871     
  -5135.0411897097119     
  -5142.4095430642647     
  -5150.2066303339216     
  -5158.4435521778387     
  -5167.1236701199241     
  -5176.2527642003033     
  -5185.8427325263729     
  -5195.9280289869885     
  -5206.5982550993904     
  -5218.0783912034613     
  -5230.9203054978252     
  -5246.3821332539655     
  -5266.8699027013372     
  -5294.0760807121969     
  -5329.5953367681723     
  -5355.6020478507298     
  -5360.7934840253793     
  -5374.6156755223728     
  -5394.8135671862874     
  -5402.5865596465865     
  -5423.3776956691891     
  -5451.5656011867604     
  -5465.0020304566469     
  -5481.5087463262944     
  -5499.3146904300911     
  -5517.2196646801003     
  -5532.9006949506438     
  -5561.6172710272986     
  -5594.8043787190718     
  -5606.6976874225111     
  -5638.0146913114149     
  -5691.5049772215043     
  -5720.0775318748483     
  -5753.7866171008409     
  -5797.6149002625107     
  -5850.8247667540709     
  -5931.8315743406201     
  -6047.4401945914360     
  -6216.2009669681802     
  -6436.1237384881370     
  -6612.2934706416181     
  -6800.2290545744718     
  -7000.6873504144087     
  -7162.1366476104940     
  -7326.9798613365947     
  -7493.1450400092253     
  -7662.2461769792535     
  -7830.0481075257094     
  -7997.0125231380853     
  -8164.5199106023201     
  -8331.5813671127053     
  -8486.1668490730535     
  -8637.4476053361686     
  -8790.0189876746990     
  -8943.3524526643323     
  -9097.2838638298890     
  -9251.7893858011576     
  -9407.1851987475184     
  -9563.4211670172117     
  -9720.3730724849684     
  -9877.8779116621608     
  -10035.740573277180     
  -10194.849195509709     
  -10355.069438796534     
  -10516.344069560948     
  -10678.705598910738     
  -10842.248374844510     
  -11007.048917850621     
  -11172.766831956718     
  -11336.866861273389     
  -11495.351232084200     
  -11651.898371181218     
  -11808.675400787737     
  -11966.379020366738     
  -12125.693279679017     
  -12285.567632871895     
  -12449.074021628372     
  -12621.312402881524     
  -12797.515458774044     
  -12976.761512141564     
  -13160.044126447885     
  -13350.033430265237     
  -13550.284042722695     
  -7947.6131928942195     
  -7948.5598686639341     
  -7949.3935850244161     
  -7948.6305116069425     
  -7942.4863774302712     
  -7936.2722313776358     
  -7930.2468419816587     
  -7923.7465280243932     
  -7907.8193373007352     
  -7870.1588675759258     
  -7890.4125663572668     
  -7890.2542651980557     
  -7838.3034899665781     
  -7740.4014469630665     
  -7584.0502575618066     
  -7332.2925187965084     
  -7016.2620170012342     
  -6803.7041418154631     
  -6746.9732572766670     
  -6666.1586874569857     
  -6597.3107164035655     
  -6539.3673637008260     
  -6524.6870684329879     
  -6474.0902486455234     
  -6451.8895293537025     
  -6447.5561501963475     
  -6443.6881358733663     
  -6439.6341526874930     
  -6435.7062145372602     
  -6432.0183966728846     
  -6428.1454134446531     
  -6417.2428434120111     
  -6401.5133344888454     
  -6390.5672237149620     
  -6381.9963445047015     
  -6374.0214023317967     
  -6364.9479505476766     
  -6353.9400325978340     
  -6337.3743277374997     
  -6306.9078619535503     
  -6266.7491481247453     
  -6219.7609466290141     
  -6172.6356219301251     
  -6131.9832568836728     
  -6089.8616370816662     
  -6042.7440683400901     
  -5984.0188718319469     
  -5919.4654564146813     
  -5850.6319074208568     
  -5773.6960572618218     
  -5668.4932164248612     
  -5513.9711910670267     
  -5333.7738218949598     
  -5145.5657693658941     
  -4956.4512372418567     
  -4772.1909976685147     
  -4620.7265568696921     
  -4542.0905073166732     
  -4406.0967061478741     
  -4248.9089433668887     
  -4100.6129283342852     
  -3969.6563592266980     
  -3865.9508561980697     
  -3805.0022421004569     
  -3762.9023265600194     
  -3727.5512712296277     
  -3689.6422820952471     
  -3665.6599575626387     
  -3652.1532522185416     
  -3639.2047556964621     
  -3628.2808973448482     
  -3617.1960067466111     
  -3603.7301402697713     
  -3595.8415699710517     
  -3589.1909220437842     
  -3580.7419162025908     
  -3573.0864740649040     
  -3567.0235950112651     
  -3562.8021539213346     
  -3560.3529900635508     
  -3561.8037917770430     
  -3561.8817321555603     
  -3561.4706431995901     
  -3623.5866236124925     
  -3628.0972569804890     
  -3636.1719805860143     
  -3647.1963805076539     
  -3660.7702176538605     
  -3672.2264436583732     
  -3682.8917487949939     
  -3693.4482682794855     
  -3700.3562330800632     
  -3706.1356936222060     
  -3711.7234587575904     
  -3717.4836739392395     
  -3723.5686283120226     
  -3730.0472711665420     
  -3736.9539715447540     
  -3744.3060739578091     
  -3752.1065326856146     
  -3760.3543122818819     
  -3769.0434814994355     
  -3778.1699050825569     
  -3787.7283636237717     
  -3797.7150468708278     
  -3808.1301733548462     
  -3818.9997155690949     
  -3830.4948130995922     
  -3843.5058250779980     
  -3862.5193950356015     
  -3888.5146053782373     
  -3920.8348999431814     
  -3942.5081188325785     
  -3950.4819914537120     
  -3963.7314755675534     
  -3978.7545485557125     
  -3993.0774471034247     
  -4012.3325963144011     
  -4032.8445594771069     
  -4050.2526738156330     
  -4068.0645447620436     
  -4086.6857510935624     
  -4106.0230472114563     
  -4126.5453615163860     
  -4153.4702110447597     
  -4178.8777555155075     
  -4197.3283210336922     
  -4242.1604201688197     
  -4292.4574849566106     
  -4313.1811969512728     
  -4351.5085337206328     
  -4397.5412235197609     
  -4445.3254527845811     
  -4522.7877432193272     
  -4632.5149672339903     
  -4801.9249592051592     
  -5008.4850317908504     
  -5198.6272870696503     
  -5388.6733735878788     
  -5581.0370751272294     
  -5748.6405159126434     
  -5915.5279966983198     
  -6082.5333919547502     
  -6250.7441308110410     
  -6419.7510375161964     
  -6586.1598530339597     
  -6751.8056817407523     
  -6915.7017496676353     
  -7073.1378984821285     
  -7227.1069761852832     
  -7380.7710724097988     
  -7534.6715549765340     
  -7688.8770914413062     
  -7843.3173242258608     
  -7998.7714087864824     
  -8155.0780015921246     
  -8312.0621132513352     
  -8469.4855622411760     
  -8626.6146678115147     
  -8785.5720626105758     
  -8945.6902757614334     
  -9106.8223285060849     
  -9268.9403214032063     
  -9432.0350229896521     
  -9595.9937071233417     
  -9760.2778627397147     
  -9923.2588515728075     
  -10083.114971275554     
  -10241.471293587922     
  -10399.824254988278     
  -10558.973427197847     
  -10719.506865382782     
  -10881.539050865582     
  -11047.015137185863     
  -11218.333679239902     
  -11393.714301111981     
  -11572.485586291737     
  -11754.837813408960     
  -11943.076220321431     
  -12139.425229456556     
  -6391.3934481940887     
  -6391.4763848651774     
  -6391.1005240784407     
  -6389.2483008605859     
  -6384.5317947426247     
  -6379.0029368532614     
  -6373.1917618338093     
  -6367.0068177160929     
  -6360.6964036344052     
  -6339.7610993356329     
  -6342.9574911219815     
  -6341.0247113034739     
  -6310.9156112799465     
  -6194.2874386013045     
  -6013.3473721225146     
  -5763.8695825156474     
  -5454.6751005613041     
  -5248.4774372813099     
  -5193.6604546679391     
  -5111.1399922696619     
  -5033.0960590074155     
  -4955.8517297612743     
  -4936.5800114559588     
  -4902.9364695573377     
  -4897.4628024243020     
  -4892.6512002759910     
  -4888.2561079473544     
  -4883.9150454552446     
  -4879.6484942038960     
  -4875.4286408527250     
  -4871.0063987620015     
  -4866.2362950949946     
  -4855.3776404122491     
  -4846.0883849494476     
  -4839.1426840547038     
  -4832.8078311575300     
  -4826.3879840406789     
  -4819.3415405809565     
  -4808.7417727837210     
  -4775.6620971666744     
  -4732.3948877092198     
  -4679.7057833804474     
  -4627.6718895352342     
  -4591.3853961525620     
  -4550.2511400732774     
  -4502.2695219206307     
  -4447.9031528376627     
  -4389.0118465586766     
  -4330.0797211041645     
  -4268.8810982762361     
  -4184.6906319758773     
  -4010.3496799526247     
  -3812.3027197971678     
  -3617.5849677563879     
  -3430.9361939598693     
  -3256.2816828486311     
  -3103.0121476278782     
  -2974.0207391948416     
  -2832.5351229476369     
  -2681.6027362488035     
  -2531.6020967749846     
  -2390.5093204863169     
  -2276.3628375536096     
  -2221.7596406351290     
  -2186.2417729915264     
  -2159.1936443038385     
  -2136.7671036333231     
  -2120.5140262916711     
  -2109.0490995034907     
  -2099.7267834088607     
  -2091.7090941293613     
  -2083.8802733694688     
  -2074.6643714461852     
  -2060.9385964677972     
  -2048.9388678605787     
  -2038.4064123631149     
  -2029.4992485607775     
  -2022.2965569751630     
  -2016.7999278790990     
  -2012.9512123517734     
  -2010.5534115464332     
  -2008.9873933937070     
  -2007.0366931971960     
  -1999.1476107109381     
  -1994.5013408276229     
  -1992.4148971626505     
  -2059.6878998069478     
  -2063.3185803277415     
  -2070.5722878143179     
  -2079.1859909563732     
  -2089.9228100364667     
  -2102.7167045219485     
  -2117.1107338057059     
  -2131.7422756228789     
  -2144.4625781238083     
  -2153.4662361358978     
  -2156.5880100285308     
  -2160.6595602741290     
  -2165.4357867956815     
  -2170.7971470597863     
  -2176.6853343044604     
  -2183.0723064835133     
  -2189.9456717882226     
  -2197.2979790983513     
  -2205.1154481047433     
  -2213.3855065576490     
  -2222.0944840460302     
  -2231.2318787439513     
  -2240.7825132610656     
  -2250.7177911042231     
  -2260.9689402772638     
  -2271.3617189075367     
  -2281.4455138454614     
  -2289.9833249054659     
  -2308.6369292709028     
  -2334.5565719998749     
  -2362.5173050862500     
  -2383.7781363472550     
  -2393.7033459961981     
  -2407.0183281381142     
  -2422.1199053893997     
  -2438.2403964668601     
  -2456.3404451349475     
  -2475.3764892424192     
  -2494.0180330255821     
  -2512.9454100516591     
  -2532.5625855226017     
  -2553.1428170777185     
  -2575.2726146398304     
  -2600.2975111315609     
  -2626.3606471335811     
  -2653.9225724721441     
  -2693.3893460136455     
  -2733.0612659444437     
  -2766.9236595101943     
  -2809.2046842122131     
  -2850.1648394011236     
  -2888.8373769764507     
  -2959.3311968411858     
  -3052.0733132550686     
  -3230.8513199949248     
  -3443.3020987210543     
  -3642.6305575151600     
  -3834.1726223639794     
  -4020.4401557982910     
  -4193.3479163460406     
  -4362.2351594801803     
  -4529.8239256674087     
  -4697.2942502836158     
  -4864.5351081616454     
  -5030.2020103213836     
  -5194.6462450961335     
  -5357.2798285996141     
  -5517.0564353738009     
  -5673.0054652627668     
  -5827.8572405584273     
  -5982.4876187312111     
  -6137.0837791332433     
  -6291.1397680582068     
  -6446.7103751691675     
  -6603.1475138861051     
  -6760.2277521297810     
  -6917.7779334089473     
  -7075.6794654264277     
  -7234.7199715499964     
  -7394.7796256382117     
  -7555.7651158327790     
  -7717.6200830655780     
  -7880.2679988786767     
  -8043.5113374265657     
  -8206.8476949140149     
  -8369.3001536413958     
  -8530.0514681580717     
  -8689.8373582287386     
  -8849.6343578186024     
  -9010.1701000902140     
  -9172.0289819363043     
  -9335.7187642733134     
  -9502.4763088317559     
  -9673.5086531769575     
  -9848.2995509315770     
  -10026.553056840408     
  -10208.521492592703     
  -10395.400255282097     
  -10588.190130543733     
  -4679.4896467782555     
  -4678.7991000082002     
  -4677.5645567615529     
  -4675.1579141362636     
  -4671.0600860045079     
  -4666.0391935979096     
  -4660.5060426933560     
  -4654.5528109883307     
  -4648.2302054141619     
  -4641.0852365826649     
  -4634.0825957104416     
  -4630.2347156579299     
  -4627.1050808701912     
  -4523.0134255016528     
  -4316.8038336661448     
  -4065.5046990088995     
  -3766.3226375121490     
  -3545.6077873180739     
  -3497.7071842920927     
  -3392.6836766127390     
  -3266.5648792841303     
  -3210.1088089802533     
  -3201.5360531695396     
  -3193.2593777584584     
  -3187.1813614376792     
  -3181.9575653683414     
  -3177.1507720124041     
  -3172.4843928522173     
  -3167.8582374536882     
  -3163.1686379616035     
  -3158.2096448296716     
  -3152.6768219102228     
  -3145.5633680243204     
  -3139.3471691660816     
  -3133.6450609565431     
  -3128.3313499807755     
  -3123.4350152621014     
  -3119.1368291113349     
  -3115.9158149276886     
  -3094.3621177550062     
  -3047.2766439643669     
  -2983.6249099213505     
  -2917.7544967685494     
  -2889.0568203004027     
  -2848.9868676531191     
  -2800.3897314698111     
  -2748.1020755764002     
  -2692.8969492863466     
  -2641.5463012334039     
  -2595.6098964772864     
  -2551.4444692329712     
  -2376.3506930144067     
  -2137.4887920236602     
  -1931.5364188452972     
  -1743.8332756416576     
  -1570.5132481461292     
  -1411.4112339021979     
  -1263.0153613907794     
  -1113.2627842218008     
  -958.66910692112981     
  -797.88743430968248     
  -623.89287826179225     
  -507.49281148980697     
  -481.76878212209016     
  -456.83985771511885     
  -437.11934762222910     
  -422.32650587732587     
  -411.40220238716165     
  -403.09458346705912     
  -396.50198257384693     
  -391.10980331543431     
  -386.63560318158653     
  -382.99866033537285     
  -369.17577427279986     
  -351.63104022194022     
  -338.32915935954503     
  -327.71765344785041     
  -319.08033217751017     
  -312.14591216893302     
  -307.06414361545831     
  -304.56417799774295     
  -303.35517674366912     
  -303.11597835893673     
  -299.74475889674886     
  -296.56704510325193     
  -295.48755535446179     
  -295.86032216448837     
  -294.58576293705823     
  -293.83498183333546     
  -334.85019517049159     
  -337.33634371114249     
  -341.16459168224765     
  -345.63246842509614     
  -350.28125373157656     
  -354.43042448484806     
  -357.69174011188375     
  -366.77320773640395     
  -381.13008312964877     
  -397.99900147624408     
  -418.51633855620952     
  -432.85290336765797     
  -436.44760408151205     
  -440.55386915984786     
  -444.77589256591966     
  -449.38210478257486     
  -454.44323320729984     
  -459.96938569488447     
  -465.96104468780618     
  -472.42382102022526     
  -479.36961568159222     
  -486.80453517137863     
  -494.70555035690307     
  -503.05210077673212     
  -511.82973183098045     
  -521.03550960772293     
  -530.67280429658263     
  -540.75258062755438     
  -551.29676431242422     
  -562.36146161429713     
  -574.13718040739650     
  -587.31301216099314     
  -604.44970383164753     
  -622.39225239753250     
  -641.22868525042406     
  -661.00215696153384     
  -676.95901195667386     
  -692.58545236928001     
  -708.80876655225086     
  -725.85742025900595     
  -743.95723801865051     
  -762.82800548017678     
  -782.08880050733478     
  -801.84963267808530     
  -822.32896217092650     
  -843.78009817969883     
  -866.57374473754737     
  -891.19527466635793     
  -917.64064885131540     
  -947.22488069642452     
  -983.68399654124210     
  -1022.2817707609951     
  -1060.5544550098020     
  -1101.8410377567916     
  -1144.0470151780260     
  -1190.5324005665514     
  -1251.3255856343146     
  -1304.4106342633143     
  -1485.5794080755284     
  -1726.2746546920309     
  -1933.3166072859333     
  -2125.4432925259503     
  -2308.8719802993005     
  -2483.3598918334815     
  -2653.2658027798952     
  -2821.0338811865604     
  -2987.8287969253111     
  -3153.8351157617317     
  -3318.5907446149458     
  -3482.0428857101415     
  -3643.8245118398659     
  -3803.4090624023574     
  -3960.5943193759858     
  -4116.5789227459554     
  -4272.0792355414769     
  -4427.4021657961539     
  -4582.6482621386695     
  -4738.6456478219361     
  -4895.3285910148752     
  -5052.5918296446125     
  -5210.3301541307537     
  -5368.7056330260466     
  -5527.8874160137775     
  -5687.9237180179689     
  -5848.7744614730409     
  -6010.3780148846990     
  -6172.6303739514642     
  -6335.3258441868993     
  -6498.0801006023439     
  -6660.3388361781408     
  -6821.7467037067945     
  -6982.6698843240938     
  -7143.7404613182143     
  -7305.5587218298906     
  -7468.6748677753149     
  -7633.6539213261221     
  -7801.3079993802421     
  -7972.3229837563549     
  -8146.6770763724526     
  -8324.3409542874542     
  -8505.4581978460501     
  -8690.5419314692881     
  -8879.7541774195943     
  -2796.5455164043578     
  -2795.2280065169757     
  -2793.4013876039112     
  -2790.6761662379267     
  -2786.8277172189091     
  -2782.1349584588843     
  -2776.8558370880587     
  -2771.1289685572669     
  -2765.0471260005306     
  -2758.6618771749731     
  -2752.6176638050401     
  -2748.0306410541161     
  -2744.5015299152456     
  -2684.4626268906086     
  -2475.4663975917615     
  -2223.4430657054645     
  -1965.3703812854690     
  -1742.0542847478882     
  -1620.3147042517028     
  -1458.8331196594954     
  -1328.3219315017905     
  -1324.5317490927443     
  -1318.1876781110245     
  -1311.4408758630191     
  -1305.4526001500785     
  -1300.0207626757544     
  -1294.9163250896061     
  -1289.9483251330423     
  -1284.9847877208970     
  -1279.8940581921688     
  -1274.5155061734283     
  -1268.7087491702953     
  -1262.4538960045588     
  -1256.5229385410464     
  -1250.9197758989799     
  -1245.6131240830866     
  -1240.6501384586238     
  -1236.1459012238440     
  -1232.1298383389785     
  -1228.0887245118324     
  -1201.1881220732894     
  -1147.6437223314110     
  -1044.7490518223833     
  -1014.6285716219063     
  -973.18335302409150     
  -921.74381647429891     
  -869.45501360447270     
  -814.19264849569697     
  -763.89840753243652     
  -720.07127691452058     
  -674.60524461645343     
  -503.98234605846420     
  -265.11727545517374     
  -60.399307511780712     
   125.18014803842188     
   297.54136337024659     
   459.66884597828107     
   615.14956246567579     
   769.17119846797175     
   925.34419653188274     
   1087.4718963494558     
   1263.5503992696417     
   1379.4172447795956     
   1407.2638972806724     
   1437.1664978560318     
   1455.3672796554740     
   1467.1973640320753     
   1475.1232575573349     
   1481.3392722964099     
   1486.5346234967126     
   1490.9356735087422     
   1494.6453141574825     
   1497.8121659387821     
   1509.0108147628011     
   1525.1684070590723     
   1538.2165470430159     
   1549.1862547575445     
   1558.9245970356101     
   1568.0677520372985     
   1573.1554175141030     
   1574.5908609461030     
   1575.7829522498409     
   1576.6801631785293     
   1579.6350106246900     
   1582.4462394180439     
   1582.5712749772260     
   1582.8092602896461     
   1586.2148586067067     
   1593.1041828253162     
   1599.4422091653926     
   1600.8528811721449     
   1602.8056792264551     
   1604.5017676715527     
   1604.7510238462919     
   1592.8921272953507     
   1591.5716527338614     
   1588.8058161262736     
   1583.9968126281433     
   1575.8291813913397     
   1561.7006515321593     
   1551.1034589723354     
   1542.5644474022808     
   1535.2394726630237     
   1528.6469791268787     
   1522.5015234556097     
   1516.5560274085565     
   1510.4741359872369     
   1505.7802639259401     
   1492.8602206938676     
   1474.0667370404933     
   1456.9671748609974     
   1447.2741226130479     
   1443.7515460730872     
   1439.3079414144593     
   1434.3008842021165     
   1428.8797959317346     
   1423.0930639182443     
   1416.9328283754871     
   1410.3519737539325     
   1403.2713256428869     
   1395.6178923579359     
   1387.5064167776516     
   1378.9880873252039     
   1370.0772949849231     
   1360.7614714796878     
   1351.0117421689547     
   1340.7806250848996     
   1329.9949561207472     
   1318.5372080586567     
   1306.2060540444586     
   1292.6756957538510     
   1277.5649776785945     
   1261.3790504965955     
   1244.4460821376872     
   1227.1775007718302     
   1210.4380604785031     
   1193.7183289114737     
   1176.5576903982956     
   1158.7526306520811     
   1140.2132127601053     
   1120.9935458075909     
   1101.1805659555450     
   1080.7441239168058     
   1059.5749974472176     
   1037.5299986157488     
   1014.4490399587104     
   990.17485408698735     
   964.50528386055419     
   936.03692720410345     
   898.27140443251983     
   858.63889054211381     
   818.33328295987769     
   776.34567368079456     
   732.77428032260445     
   683.53638462166475     
   626.32809335989680     
   574.51532910624212     
   385.93915935527031     
   144.99285105519098     
  -60.112430162818512     
  -249.50189682049913     
  -430.05834694437510     
  -603.93416588780860     
  -773.68279478623083     
  -941.08903590471130     
  -1107.1317330067689     
  -1272.1288636006493     
  -1435.9891069782846     
  -1598.6230030434604     
  -1759.8229952462816     
  -1919.3650399574490     
  -2077.2776274700041     
  -2234.1355140812711     
  -2390.4402533431257     
  -2546.5162732110934     
  -2702.6065280101034     
  -2859.1105939939375     
  -3016.1228351317263     
  -3173.6444351363289     
  -3331.6711354646500     
  -3490.2900692993685     
  -3649.5965714418103     
  -3809.6288947866024     
  -3970.3678558722750     
  -4131.7574819255078     
  -4293.6967219967601     
  -4456.0140264829297     
  -4618.4501102280665     
  -4780.7088996158654     
  -4942.6517079324321     
  -5104.4947197138436     
  -5266.6588619222293     
  -5429.6154396088305     
  -5593.8413516170294     
  -5759.8344042003755     
  -5928.1513644510142     
  -6099.2351074607514     
  -6273.2198270311756     
  -6450.1559212848251     
  -6630.1237979247016     
  -6813.2356989651944     
  -6999.2647968751935     
  -725.42400075039689     
  -723.65522582911706     
  -721.44174615730935     
  -718.51855395108464     
  -714.75494543990908     
  -710.24789961377439     
  -705.15401397440894     
  -699.61308015630027     
  -693.76099537110508     
  -687.77375362165208     
  -682.02580143506816     
  -676.89682641010609     
  -672.05748963205849     
  -666.31831451662958     
  -478.95444479271231     
  -200.85128882238257     
   39.888039830032881     
   246.35444248568001     
   414.34432951041396     
   603.48759919418148     
   743.03079126189130     
   747.86898069862013     
   753.22232453913387     
   759.07487969992724     
   764.82723538148991     
   770.33240725854796     
   775.63459534225683     
   780.84477408298210     
   786.09004283939748     
   791.51294786252060     
   797.25769518979121     
   803.35228193352339     
   809.18692648319654     
   814.80677854520320     
   820.27986772365830     
   825.61078542002315     
   830.72524350583285     
   835.47612463712039     
   840.01822535370150     
   844.82117586351410     
   850.76334310067023     
   855.39870028020596     
   921.94912404718366     
   961.35472679841689     
   1016.6075089670392     
   1144.2911744797912     
   1195.1385689579306     
   1252.3297420836927     
   1302.4781475426207     
   1340.4220472154686     
   1445.8661049449659     
   1635.8695644444470     
   1831.3348009988811     
   2017.9328776152604     
   2194.6115163855134     
   2362.6293389253001     
   2523.5962765459067     
   2679.5128483803019     
   2832.5167627908595     
   2983.8584723234007     
   3133.2535219909123     
   3276.9952652440174     
   3401.3310027242364     
   3490.5626244625128     
   3542.3346606781638     
   3549.3558334922077     
   3553.4647616894049     
   3553.7401364636016     
   3556.2907496195198     
   3559.5403619984022     
   3562.7021328785640     
   3565.2828676777458     
   3573.5091858984570     
   3586.3385774778858     
   3597.9785893232893     
   3608.1365937195710     
   3617.1575792587810     
   3626.2191842029570     
   3635.7096970156372     
   3641.6563649315149     
   3642.4570256987213     
   3643.8780481568924     
   3645.8055861839607     
   3648.2285422870486     
   3651.1148783759058     
   3652.8394775457064     
   3653.6476090639694     
   3654.9241168567569     
   3656.6026479576130     
   3658.6594596191781     
   3660.7931771385179     
   3663.1149643212298     
   3665.7587795286881     
   3667.7389381762810     
   3669.5060439097060     
   3669.7075402968835     
   3669.8637583402419     
   3669.9297291618327     
   3669.9755342845706     
   3670.0390138107296     
   3670.1528715549621     
   3670.3627033133407     
   3670.7455777543164     
   3671.4368198162574     
   3672.6727433051497     
   3673.5617741280075     
   3674.2180722711919     
   3674.7191019725701     
   3675.1108326703570     
   3675.4132522675513     
   3675.6427815969860     
   3675.8129212725080     
   3675.9346302316903     
   3676.0167709157677     
   3676.0666068362593     
   3676.0900375900437     
   3676.0919107567288     
   3676.0761264332632     
   3676.0458147302484     
   3676.0034721482743     
   3675.9511114751936     
   3675.8903306645302     
   3675.8224496656339     
   3675.7484815867674     
   3675.6692795076947     
   3675.5855380105236     
   3675.4978049001220     
   3675.4065020158678     
   3675.3120088632827     
   3675.2146416133551     
   3675.1146416210695     
   3675.0122332329729     
   3674.9075558732070     
   3674.8007739570126     
   3674.6920326567538     
   3674.5814318161083     
   3674.4691185784764     
   3674.3551044232140     
   3674.2395505503123     
   3674.1224802537336     
   3674.0040119755495     
   3673.8841894304492     
   3673.7630869542813     
   3673.6407361669740     
   3673.5172423186959     
   3673.3925864863181     
   3673.2665686740852     
   3673.1365755854963     
   3673.0001323749216     
   3672.8567722721391     
   3672.7060798325360     
   3672.5474986734407     
   3672.3804646058948     
   3672.2042970094794     
   3672.0182890297106     
   3671.8217003141890     
   3671.6135127082121     
   3671.3926862387798     
   3671.1580217964656     
   3670.9080597367583     
   3670.6411630681573     
   3670.3553293894138     
   3670.0482628667382     
   3669.7171456588089     
   3669.3586936587981     
   3668.9688776889689     
   3668.5429649718512     
   3668.0749749819815     
   3667.5583337519174     
   3666.9847588185844     
   3666.3447331591706     
   3665.6266708629832     
   3664.8179124588114     
   3663.9031307616560     
   3662.8656455429837     
   3661.6876294942176     
   3660.3105814451292     
   3658.6327653187650     
   3656.5009392025413     
   3653.6922606815265     
   3651.8572088206774     
   3650.6265287942697     
   3649.7398024659260     
   3648.9899517893136     
   3648.1687104123148     
   3646.9989787653599     
   3645.9247441899220     
   3642.1758362572782     
   3638.5020127769471     
   3634.4740017130052     
   3629.7733734951271     
   3624.2030562222708     
   3617.8018384492843     
   3611.1761247652162     
   3604.5726710781005     
   3598.0513584025880     
   3591.5777587527609     
   3585.0575009731979     
   3578.3466649741308     
   3571.2403897348995     
   3563.4605810202520     
   3554.3244535812687     
   3545.3117635876292     
   3536.4618442935716     
   3527.7924889026981     
   3520.5343339483206     
   3513.9828628412861     
   3507.7563499340758     
   3501.6498031378537     
   3495.5355303925221     
   3489.3066820791405     
   3482.8160772955407     
   3475.7561202246852     
   3467.3761044051162     
   3458.7907386965267     
   3449.9857264980724     
   3440.9135441455169     
   3431.5137863750674     
   3421.7224552798612     
   3411.4667503450914     
   3400.6594110849919     
   3389.1926359674640     
   3376.9337701387813     
   3363.7475062521034     
   3349.5599885684705     
   3334.4957542113739     
   3318.7444497502947     
   3302.5155320985705     
   3285.9698921122836     
   3268.9175948041971     
   3251.0591034968361     
   3232.5330812089173     
   3213.3759797332691     
   3193.5969024783672     
   3173.1953404077558     
   3152.1404147189496     
   3130.3728107339984     
   3107.8439708852852     
   3084.5882840854320     
   3060.8798950683899     
   3037.6454408015488     
   3017.5997502821838     
   2972.3405479590847     
   2918.5827062079984     
   2871.2419406370873     
   2823.9264899732998     
   2774.3876283811273     
   2716.6046601797811     
   2645.5083829953805     
   2554.6169285950232     
   2376.2993117840870     
   2179.8922703900716     
   1990.5285864293737     
   1808.7656956581588     
   1632.7711174036401     
   1461.2474283245058     
   1292.8304185604197     
   1126.4343162526202     
   961.38365869570418     
   797.38620167454656     
   634.40664454573039     
   472.49334345211054     
   311.74678489942875     
   152.24079796787586     
  -6.1053632809173708     
  -163.60135423256691     
  -320.58355749563981     
  -477.33104782331401     
  -634.08242871070502     
  -791.08216575603149     
  -948.45724407258569     
  -1106.2662848798936     
  -1264.5503157532246     
  -1423.3713475360541     
  -1582.7887633064397     
  -1742.8306055790035     
  -1903.4867931331480     
  -2064.7132445235720     
  -2226.4294608588389     
  -2388.5132331475920     
  -2550.8083755404186     
  -2713.1713587300228     
  -2875.5683856786650     
  -3038.1531059589233     
  -3201.2194654292339     
  -3365.1278061269199     
  -3530.2645197740230     
  -3697.0282202100993     
  -3865.8134095511882     
  -4036.9297955324823     
  -4210.5327555461181     
  -4386.6855959423547     
  -4565.4003006407002     
  -4746.6018637962952     
  -4929.9562083264855     
   1552.7860645871783     
   1554.8076821179957     
   1557.2290560449912     
   1560.2627117640207     
   1564.0127650239917     
   1568.4442778265625     
   1573.4493431793121     
   1578.8974850767750     
   1584.6415153134481     
   1590.4986865774808     
   1596.2327936510442     
   1601.6873713807327     
   1606.9906549941952     
   1612.2228705919515     
   1793.9036597814538     
   2055.2744524401473     
   2274.6008577112680     
   2466.1525583968933     
   2636.1504352619017     
   2801.6072120274835     
   2958.4753778240615     
   3027.1968156376956     
   3031.4734437279485     
   3036.8348589664520     
   3042.4485006364957     
   3047.9980522044925     
   3053.4266114254256     
   3058.7987818430593     
   3064.2368566339896     
   3069.9066926961109     
   3076.0312827358584     
   3082.9435742111878     
   3088.2788822206385     
   3093.5006151262169     
   3098.8268558565983     
   3104.2455206218669     
   3109.6475020315766     
   3114.5425119263141     
   3119.2773835807498     
   3124.1966286957741     
   3129.4950743387799     
   3134.6651091568510     
   3140.6224014359886     
   3145.8259788842720     
   3150.1687796438446     
   3262.8579099104550     
   3404.6046038878794     
   3512.4587810194439     
   3600.2028211997740     
   3687.3488135199609     
   3819.9820001287294     
   3978.0076121992656     
   4146.0968337512741     
   4314.8594340248928     
   4480.3901139749341     
   4641.4976217237127     
   4798.1763570636986     
   4950.9765002203339     
   5100.5145449131669     
   5246.9755882831523     
   5389.7667274544183     
   5527.2162555036412     
   5656.9113934519628     
   5779.4115848322217     
   5843.0252387757409     
   5844.4881833854797     
   5845.5793488946965     
   5845.7904346948526     
   5848.1763523567497     
   5851.4657753922629     
   5855.3487095672826     
   5860.1730325304579     
   5867.4498110328504     
   5874.9074812738736     
   5882.7833415790492     
   5887.4442913503644     
   5891.3634975587265     
   5898.0999082748594     
   5904.4907629648424     
   5910.9261060246117     
   5914.3819847392788     
   5916.4113835788130     
   5919.3754849108072     
   5923.2698828974790     
   5926.1596828364682     
   5927.4965863683983     
   5928.9291899747841     
   5930.4380904674072     
   5931.9956560208830     
   5933.5610988443359     
   5935.0689458104116     
   5936.4558093087380     
   5937.6282048350149     
   5938.4259068114789     
   5938.7108545806077     
   5938.2734656181847     
   5938.0260711214478     
   5937.8929757420456     
   5937.8281919903411     
   5937.8036531172675     
   5937.8022584668988     
   5937.8136905492993     
   5937.8318634152847     
   5937.8533542933728     
   5939.0032978968338     
   5940.6011277382640     
   5941.8172502564603     
   5942.8787451286853     
   5943.9015597485241     
   5944.6758410252987     
   5945.2502978336561     
   5945.6634447915249     
   5945.9456209705550     
   5946.1208923149807     
   5946.2088686186871     
   5946.2258524774952     
   5946.1861103080746     
   5946.1004316140898     
   5945.9771107918450     
   5945.8225937457591     
   5945.6420410612282     
   5945.4395350673976     
   5945.2184921342714     
   5944.9814950475802     
   5944.7307322278339     
   5944.4679745207659     
   5944.1945984753493     
   5943.9116427390836     
   5943.6200596297776     
   5943.3206422230423     
   5943.0139840667644     
   5942.7006523120517     
   5942.3809759790984     
   5942.0553789342785     
   5941.7242415743312     
   5941.3878192280818     
   5941.0465221240793     
   5940.7003577598243     
   5940.3497967408402     
   5939.9948983683844     
   5939.6360170702274     
   5939.2732866137030     
   5938.9069388697480     
   5938.5370814472617     
   5938.1640491895487     
   5937.7878061509728     
   5937.4077749963417     
   5937.0161152978098     
   5936.6054466269979     
   5936.1744648778931     
   5935.7220449012575     
   5935.2466682303384     
   5934.7468300907394     
   5934.2207221911231     
   5933.6665125834552     
   5933.0823340107891     
   5932.4655707621741     
   5931.8136352943620     
   5931.1235752389957     
   5930.3917911195367     
   5929.6142947276012     
   5928.7861669317381     
   5927.9017642296067     
   5926.9540333922214     
   5925.9346142053355     
   5924.8329281140996     
   5923.6362075433199     
   5922.3278751754142     
   5920.8892580040083     
   5919.2962871788532     
   5917.5205370917320     
   5915.5264558747467     
   5913.2734223533471     
   5910.7102266974098     
   5907.7659597065494     
   5905.1291568909937     
   5902.5611201356433     
   5899.8126839024580     
   5896.5947761149191     
   5894.3809043277652     
   5894.0579405119852     
   5893.8263008938738     
   5893.7018006828130     
   5893.7121748451800     
   5893.9030416657324     
   5894.3472937881179     
   5895.1599641570983     
   5894.7538741966355     
   5893.3777405885321     
   5891.1802306396785     
   5888.2557712651978     
   5884.6817116143375     
   5880.5458041456723     
   5875.9566981727621     
   5871.0071916135239     
   5865.7589826357107     
   5860.2474097617542     
   5854.4771759355363     
   5848.4348986293571     
   5842.0928439648278     
   5835.4317176463373     
   5828.4669976625419     
   5821.3471286583081     
   5814.1998395918044     
   5807.1463627011371     
   5800.3323146497987     
   5793.7674077472284     
   5787.4199037020207     
   5781.2696941782206     
   5775.3357642866749     
   5769.7158630062704     
   5764.6622352799659     
   5760.7421998853388     
   5752.1777084253417     
   5740.7943343372144     
   5731.1285534679491     
   5722.1122956352692     
   5713.2515757358451     
   5704.3108737214698     
   5695.1656367369014     
   5685.7374557030225     
   5675.9663026897824     
   5665.7996140546647     
   5655.2019834263765     
   5644.1718172108349     
   5632.7641840557781     
   5621.0400010058020     
   5608.9544678737011     
   5596.0480718135677     
   5580.4890530496068     
   5556.1385761871516     
   5532.3682365268814     
   5508.9819672290150     
   5485.4564257651809     
   5461.4801792943044     
   5436.8901988052385     
   5411.5815013825477     
   5385.4654518678781     
   5358.4490259044105     
   5330.3730442812184     
   5300.7182859323448     
   5267.1302317221516     
   5218.7670417964391     
   5167.2208766952290     
   5114.6462969466374     
   5059.7553394940087     
   5000.7342904570960     
   4930.0974230872707     
   4841.4191991496209     
   4730.8487580751816     
   4581.6854719915827     
   4413.5620587859594     
   4240.9963461249590     
   4069.0664094352355     
   3899.0932099631445     
   3731.2167427954987     
   3565.0971428318562     
   3400.3090951426939     
   3236.5336770153117     
   3073.6119195608476     
   2911.5129090331943     
   2750.2660986514884     
   2589.9188955210252     
   2430.4851883135680     
   2271.8886644287400     
   2113.9450659494378     
   1956.4302501514735     
   1799.1283438631619     
   1641.8427179789974     
   1484.3966318413513     
   1326.6667971568304     
   1168.5727744925996     
   1010.0550717591653     
   851.05924006448652     
   691.54111360450554     
   531.47777411467405     
   370.87237457362693     
   209.75373644309755     
   48.175231109615694     
  -113.78905603605644     
  -276.05831682265659     
  -438.57749022986644     
  -601.36490347390850     
  -764.54474909092551     
  -928.33260239875301     
  -1093.0005289192261     
  -1258.8474318569620     
  -1426.1771107316290     
  -1595.2731698026942     
  -1766.3576990824090     
  -1939.5602318469607     
  -2114.9268130425671     
  -2292.4250996802871     
  -2471.9161952077247     
  -2653.0872438383931     
   4059.0091583052604     
   4061.9436349755010     
   4065.2890651805051     
   4069.2791519586353     
   4074.0825572577892     
   4079.7985248037035     
   4086.5013958045097     
   4094.2945041455509     
   4103.3646005256232     
   4114.0768400545012     
   4127.2324808527010     
   4144.8820843216663     
   4172.9462699860605     
   4230.8716505921630     
   4392.0425375788673     
   4579.2325420484485     
   4761.0269125481900     
   4930.1697720274888     
   5085.6206232018703     
   5229.2024392913418     
   5355.9657374341350     
   5453.1661400370403     
   5491.0674680536667     
   5511.6284446138325     
   5525.8021678537953     
   5536.9240811619939     
   5546.3064837445736     
   5554.6716251391854     
   5562.6047194983121     
   5570.9136971617809     
   5581.6265041810348     
   5591.9590751493852     
   5595.2901988802259     
   5599.8572118121783     
   5605.0339535743524     
   5610.6576240251252     
   5616.8633312713409     
   5621.5720528746724     
   5626.1764460673721     
   5631.0299103692714     
   5636.1249757257210     
   5640.9727514764381     
   5645.7978853439326     
   5650.3264743557775     
   5654.7494402278771     
   5660.5097662925145     
   5813.5549181724928     
   5996.2112168944859     
   6131.2859330358760     
   6252.5122560729533     
   6386.7794380382184     
   6533.0638221315367     
   6686.4537196134643     
   6842.4309960990258     
   6998.0525410925029     
   7151.7407780556623     
   7302.7774949247141     
   7450.9631408801451     
   7596.3147847052142     
   7738.8675061721651     
   7878.6444833068981     
   8015.7389209306457     
   8150.6211923587680     
   8284.4939139731250     
   8352.8145275208662     
   8354.8299313185507     
   8357.5744665853108     
   8361.5605688885553     
   8365.3260204667222     
   8369.0825315934817     
   8372.9592655432953     
   8377.0034137664352     
   8381.1101168960013     
   8385.2158242872774     
   8389.2848184826908     
   8393.2920357134426     
   8397.2510472778413     
   8401.1506682727995     
   8404.9917403298550     
   8408.7805088243113     
   8412.5323195914571     
   8416.0692060974834     
   8419.4745088982727     
   8422.7984511218874     
   8426.0743892985738     
   8428.6998343330088     
   8430.9080465629486     
   8432.8278620093315     
   8434.5278083495050     
   8436.0428070170292     
   8437.3886573405507     
   8438.5760630478871     
   8439.6204297255954     
   8440.5553885511235     
   8441.4549915203734     
   8442.0507183665723     
   8442.4547806234641     
   8442.7353209023913     
   8442.9341327785842     
   8443.0770661389070     
   8443.1801413516168     
   8443.2531827337407     
   8443.3020133334849     
   8443.3297842455922     
   8443.3376717243391     
   8443.3492425907607     
   8443.3627529492223     
   8443.4425456273548     
   8443.9824637182555     
   8444.6886205207320     
   8445.1721959812239     
   8445.4761627592598     
   8445.6308652489261     
   8445.6576251904826     
   8445.5711265444806     
   8445.3808558073670     
   8445.1459921022215     
   8444.8708888319070     
   8444.5595526048583     
   8444.2157339418482     
   8443.8432701506008     
   8443.4459769332498     
   8443.0282238597501     
   8442.5928652146667     
   8442.1421983095624     
   8441.6779577240377     
   8441.2013738933456     
   8440.7132709422222     
   8440.2144855510924     
   8439.7057172335335     
   8439.1874418035786     
   8438.6601874197349     
   8438.1241618919430     
   8437.5797992887929     
   8437.0275149326681     
   8436.4675605672255     
   8435.9004832232768     
   8435.3261922114834     
   8434.7453925814225     
   8434.1581303235944     
   8433.5649604337250     
   8432.9660909393697     
   8432.3619086451035     
   8431.7526109445644     
   8431.1387843801131     
   8430.5204194862999     
   8429.8966335146470     
   8429.2546629142580     
   8428.5826116347671     
   8427.8786186567268     
   8427.1411917242622     
   8426.3682935995148     
   8425.5580333922680     
   8424.7081854515636     
   8423.8166869050783     
   8422.8816698783921     
   8421.9003888822463     
   8420.8705553627879     
   8419.7898157521922     
   8418.6554457323618     
   8417.4649207623679     
   8416.2152750015084     
   8414.9036483897671     
   8413.5265105735853     
   8412.0800786602267     
   8410.5554470228581     
   8408.9393696697989     
   8407.2126148050465     
   8405.3526213769619     
   8403.3293072143115     
   8401.1063861495259     
   8398.6374860110463     
   8395.8679315370882     
   8392.9982878904684     
   8391.2799303436786     
   8390.9993218004856     
   8390.7688721182403     
   8390.6103064418858     
   8390.5550199625577     
   8390.6491740381043     
   8390.5830537655856     
   8390.3800125503330     
   8390.0530327990473     
   8389.6043462411926     
   8389.0230893826301     
   8388.2802915228858     
   8387.3201997389642     
   8386.0438419196635     
   8384.3955485211573     
   8382.3464230219633     
   8379.8854174491971     
   8377.0156608090110     
   8373.7511534546393     
   8370.1127514077725     
   8366.1253900249412     
   8361.8123034447126     
   8357.1949186040147     
   8352.2898699664838     
   8347.1131588296266     
   8341.6779787099222     
   8336.0047872024152     
   8330.1234586515329     
   8324.0773314916423     
   8317.9172178287627     
   8311.6915704451221     
   8305.4456893881452     
   8299.2068563935845     
   8292.9842555816431     
   8286.7771710673969     
   8280.5717393339291     
   8274.3340352798896     
   8267.9857717330178     
   8261.3334079921042     
   8253.8949221791190     
   8246.3411425791364     
   8238.7269597297254     
   8231.0632620583492     
   8223.3445488368889     
   8215.5651486680363     
   8207.7223545115648     
   8199.8193324288022     
   8191.8674015746610     
   8183.8863524860353     
   8175.9102546746572     
   8167.9891807465056     
   8160.1988550508486     
   8152.6458639329467     
   8145.4806801922305     
   8138.9296905784358     
   8133.3706048788745     
   8112.2060565398851     
   8079.0002188582812     
   8048.8483626229345     
   8018.8713557076344     
   7988.3835789764535     
   7957.1911754233242     
   7925.2177322156904     
   7892.3463334561529     
   7858.3363568715404     
   7822.7238557414357     
   7784.6635629928987     
   7742.6429749971612     
   7694.5411866435970     
   7641.8915495486108     
   7585.4231936264696     
   7524.6289678181156     
   7458.1924560617435     
   7378.3532996328249     
   7279.8225587916195     
   7164.1776713720892     
   7027.5105655583229     
   6876.0035004759511     
   6716.8019299950374     
   6554.3078588678982     
   6390.7510906687467     
   6227.1572517931754     
   6063.9217286038993     
   5901.1554009800939     
   5738.8789791354784     
   5577.1127954782596     
   5415.8990306389023     
   5255.2890811800116     
   5095.3234279890248     
   4936.0066717103791     
   4777.2853959414633     
   4619.0455776393774     
   4461.1383179328723     
   4303.4057845013067     
   4145.6960352710148     
   3987.8723639815021     
   3829.8252616942377     
   3671.4714668501547     
   3512.7464316572296     
   3353.5981537276571     
   3193.9876250300726     
   3033.8921974548080     
   2873.3073729245330     
   2712.2459578293601     
   2550.7349836773587     
   2388.8091736714650     
   2226.4982979221186     
   2063.8069562666033     
   1900.6911514358312     
   1737.0440217197884     
   1572.7007940220383     
   1407.4562470945532     
   1241.0850196543456     
   1073.3616077841150     
   904.08198867139822     
   733.08801105520990     
   560.28590385413111     
   385.65214879746088     
   209.23883563250925     
   31.188134671271673     
  -148.24839787595266     
   6816.2069273012348     
   6820.7290297517729     
   6825.7294622619029     
   6831.5200948649026     
   6838.4092059889317     
   6846.7217947885911     
   6856.8467528819665     
   6869.3086927122577     
   6884.8753065352994     
   6904.7424039274911     
   6930.8929054417868     
   6966.8198391360602     
   7018.8886432817762     
   7098.2546011969553     
   7219.1992698758313     
   7362.7905030773391     
   7512.2316683644267     
   7658.1658435925747     
   7795.5960353558430     
   7921.2327132800219     
   8030.3627945336784     
   8116.4987930250381     
   8173.9454752994134     
   8212.9845546501965     
   8240.9747586270259     
   8262.1253939413364     
   8278.8759124344542     
   8292.7731887931877     
   8304.9339901555140     
   8316.3044925201939     
   8327.7468231903731     
   8339.3257410946953     
   8346.3493242739823     
   8352.6659568851392     
   8359.5033099531065     
   8368.4561801346772     
   8376.6886065446051     
   8379.5169910365694     
   8383.5527059601536     
   8388.3427995425664     
   8393.8022972515391     
   8398.0253197028451     
   8401.9345641060991     
   8405.4909609203332     
   8408.2661442697754     
   8460.8918112998308     
   8610.1241663983001     
   8770.6417074795754     
   8914.9118678688210     
   9046.4382347172741     
   9182.7917621518918     
   9324.5688470995774     
   9470.3371438738977     
   9618.1414439739856     
   9766.2436898781343     
   9913.3891060516635     
   10058.748130901031     
   10201.855773941457     
   10342.509835253153     
   10480.751011028016     
   10616.999157547134     
   10752.315744078276     
   10888.957430952463     
   11031.352277022979     
   11111.221979966862     
   11113.505293877239     
   11115.981581219485     
   11118.761733474270     
   11121.738548233368     
   11124.949672923160     
   11128.576278251894     
   11133.023701063716     
   11137.326654428027     
   11141.520622509783     
   11145.621900764376     
   11149.635414847215     
   11153.564125031866     
   11157.403176406933     
   11161.146144552553     
   11164.780105715581     
   11168.286471781354     
   11171.636224904936     
   11174.811041885896     
   11177.788958720430     
   11180.536916017847     
   11183.003685416346     
   11185.185493951156     
   11187.094594802244     
   11188.743843087695     
   11190.142208169333     
   11191.291392473026     
   11192.186376229500     
   11192.814508278845     
   11193.154269601122     
   11194.038280691615     
   11195.301812349540     
   11196.225878269503     
   11196.920191738864     
   11197.459816694685     
   11197.898433817958     
   11198.277164712315     
   11198.630841003353     
   11198.992988787741     
   11199.400544897788     
   11199.654335407227     
   11199.656440406383     
   11199.655280689212     
   11199.628402769977     
   11199.421199470782     
   11199.122948344726     
   11198.857743124794     
   11198.594610879769     
   11198.314017106473     
   11198.004012499197     
   11197.657463004804     
   11197.270861358367     
   11196.842853320150     
   11196.372349352156     
   11195.858018361114     
   11195.298052499904     
   11194.690305048012     
   11194.031659412809     
   11193.376850233522     
   11192.721627246530     
   11192.063256950183     
   11191.399812372108     
   11190.729805828469     
   11190.052015839465     
   11189.365842678251     
   11188.670932042340     
   11187.966943105132     
   11187.253841800777     
   11186.531334771251     
   11185.799563736082     
   11185.058740019002     
   11184.308926589836     
   11183.550634944746     
   11182.783563587140     
   11182.008504496764     
   11181.225392286633     
   11180.434858195515     
   11179.637084695582     
   11178.832504036562     
   11178.021306275943     
   11177.204208927877     
   11176.381145392783     
   11175.550896591916     
   11174.696440781314     
   11173.801919550377     
   11172.864843060062     
   11171.883234543497     
   11170.854429392652     
   11169.776018445877     
   11168.645241900205     
   11167.459702023234     
   11166.217479022636     
   11164.915812987645     
   11163.553034328283     
   11162.128095521855     
   11160.640496814798     
   11159.091514093114     
   11157.484048420250     
   11155.824336686122     
   11154.122404701380     
   11152.555063594789     
   11151.086454785025     
   11149.686242113303     
   11148.327612660436     
   11146.989298555920     
   11145.652517839169     
   11144.302838714468     
   11142.926942057071     
   11142.157074604233     
   11142.034939514580     
   11141.957021150096     
   11141.798109878237     
   11141.566902565244     
   11141.268149833555     
   11140.902037942958     
   11140.462491859509     
   11139.934335195601     
   11139.303934994243     
   11138.557650166724     
   11137.681037634135     
   11136.657569558416     
   11135.467719834416     
   11134.089528456063     
   11132.499119779344     
   11130.674794573968     
   11128.597856467339     
   11126.253559002758     
   11123.632381547997     
   11120.729390078692     
   11117.542949339640     
   11114.075664650507     
   11110.331927953295     
   11106.319156090654     
   11102.045483119091     
   11097.522337441771     
   11092.760357005503     
   11087.774836753924     
   11082.583365286164     
   11077.205658729210     
   11071.664255819931     
   11065.979093344720     
   11060.170297887607     
   11054.252788818423     
   11048.233445278096     
   11042.114362324353     
   11035.888029865986     
   11029.536538073358     
   11023.032245787193     
   11016.338274613177     
   11009.424802733258     
   11002.337703234831     
   10995.111924535298     
   10987.774509129355     
   10980.343546999815     
   10972.834749332105     
   10965.262568413233     
   10957.643335363662     
   10949.998068735198     
   10942.352868450747     
   10934.743717716123     
   10927.216435149950     
   10919.833542134300     
   10912.676389849263     
   10905.851066399489     
   10899.499949427100     
   10893.813523381134     
   10889.041456841069     
   10870.437224068461     
   10841.763531186871     
   10806.719958540503     
   10769.613548336769     
   10731.335974466743     
   10692.293365236246     
   10652.525309436302     
   10611.789620305797     
   10569.592055427827     
   10525.215470770961     
   10477.759541564954     
   10426.347296096605     
   10370.697922288608     
   10310.507972872210     
   10245.102116535189     
   10173.376201477800     
   10087.658686156170     
   9984.1307569705714     
   9867.5664660494003     
   9737.1554115605104     
   9595.2688870131587     
   9445.4050909673642     
   9290.5372194641295     
   9132.7320128458559     
   8973.3003775044854     
   8813.0316514723600     
   8652.3936271493167     
   8491.6734905040848     
   8331.0630192483150     
   8170.7008712932666     
   8010.6874473284843     
   7851.0860797236173     
   7691.9181066361307     
   7533.1586306985764     
   7374.7398904210495     
   7216.5642372838138     
   7058.5193068914950     
   6900.4903134961050     
   6742.3693086032254     
   6584.0622564027917     
   6425.4911254083227     
   6266.5925351849710     
   6107.3159258280357     
   5947.6232166245272     
   5787.4892705386692     
   5626.9016415598035     
   5465.8587356721300     
   5304.3660028330123     
   5142.4295922960982     
   4980.0469107675744     
   4817.1946099998540     
   4653.8169125357617     
   4489.8192912344630     
   4325.0710159962673     
   4159.4150581262411     
   3992.6818907205770     
   3824.7049843864229     
   3655.3372236215023     
   3484.4671297035056     
   3312.0318466255285     
   3138.0250956560312     
   2962.5027395083007     
   2785.5876857115122     
   2607.4704021454686     
   9848.9189146868630     
   9854.7406057930220     
   9861.1239308515815     
   9868.4630743899997     
   9877.1905404223653     
   9887.8113092715339     
   9900.9561811342992     
   9917.4575700980968     
   9938.4538576539981     
   9965.5335721199408     
   10000.929639949472     
   10047.743384037865     
   10110.046926195791     
   10192.311766737255     
   10296.725259677958     
   10416.998113480959     
   10544.669803380883     
   10672.542764128186     
   10795.122629403113     
   10908.050541170420     
   11007.378944398275     
   11089.756811861882     
   11153.816507995562     
   11202.522252757521     
   11239.619773583870     
   11268.277885372372     
   11290.902673553275     
   11309.277452184411     
   11324.728117413455     
   11338.229497503560     
   11350.403356151188     
   11361.339910266799     
   11370.459262529917     
   11378.638492949345     
   11386.619299771823     
   11394.898130915431     
   11403.199942638968     
   11408.886151263076     
   11414.709068524666     
   11422.353006120118     
   11429.088955631325     
   11431.281585661769     
   11434.240216583621     
   11437.350759063127     
   11439.699002727211     
   11521.104611990682     
   11672.055355491235     
   11826.547643839787     
   11971.289936745792     
   12104.538879654066     
   12240.774769760324     
   12380.016572449924     
   12521.549464747428     
   12664.332475494308     
   12807.256983750874     
   12949.346124666035     
   13089.776103518039     
   13227.902343610605     
   13363.208830697929     
   13495.273143038723     
   13623.776032540474     
   13748.449176276044     
   13868.970303392705     
   13984.639359870069     
   14093.657389020153     
   14147.033138801527     
   14148.652913536991     
   14150.519606811271     
   14152.376579295524     
   14153.979506551821     
   14155.034072918581     
   14159.121484383788     
   14165.468950929058     
   14170.826404550546     
   14175.607807731985     
   14180.020390161140     
   14184.171808434028     
   14188.114354118648     
   14191.873986213594     
   14195.457916443300     
   14198.863997282833     
   14202.083757882459     
   14205.106165252098     
   14207.918411142957     
   14210.507678551436     
   14212.863044457124     
   14214.981473629163     
   14216.867047016363     
   14218.527473654318     
   14219.973972909351     
   14221.219752048912     
   14222.282341558159     
   14223.185895882327     
   14223.965868979405     
   14224.676123580732     
   14225.375345855467     
   14226.025398097807     
   14226.611456607650     
   14227.130846306425     
   14227.586935574485     
   14227.985611852117     
   14228.333134007617     
   14228.634794668606     
   14228.894062607398     
   14229.111211807583     
   14229.188836081445     
   14229.143980207074     
   14228.981235878449     
   14228.711639238780     
   14228.414143875931     
   14228.089187565232     
   14227.735762540455     
   14227.352540759059     
   14226.938524439989     
   14226.492916583726     
   14226.015707653247     
   14225.507014950415     
   14224.967621552591     
   14224.398593524891     
   14223.801241401712     
   14223.177485026103     
   14222.529419231329     
   14221.860024936144     
   14221.171033292085     
   14220.464114905493     
   14219.740622858182     
   14219.001522963583     
   14218.247434094994     
   14217.479193862093     
   14216.697566136389     
   14215.903065829676     
   14215.096351810314     
   14214.277632592914     
   14213.447485231076     
   14212.606466054514     
   14211.754879976066     
   14210.893470489889     
   14210.021995163315     
   14209.141397187404     
   14208.251592759716     
   14207.353238696302     
   14206.446431856979     
   14205.531502824870     
   14204.608455753791     
   14203.677842486304     
   14202.739267656265     
   14201.790960398392     
   14200.812979488697     
   14199.786387435988     
   14198.707246582415     
   14197.571861413528     
   14196.375289049594     
   14195.112286736305     
   14193.776420118153     
   14192.360651344376     
   14190.857167231710     
   14189.255350682150     
   14187.543516289759     
   14185.707574550481     
   14183.729846223421     
   14181.589179378254     
   14179.258727546028     
   14176.705515580790     
   14175.167979373095     
   14174.839389326851     
   14174.468663049349     
   14174.060459523529     
   14173.619273727041     
   14173.150414758338     
   14172.659340950280     
   14172.199524045365     
   14171.771901543771     
   14171.379982647761     
   14170.970151509790     
   14170.533878117396     
   14170.060661113426     
   14169.540870068115     
   14168.965171142863     
   14168.324427652138     
   14167.609066638053     
   14166.808840112979     
   14165.913131300897     
   14164.910670014197     
   14163.790006802787     
   14162.539040324209     
   14161.144787518981     
   14159.594344349483     
   14157.874536666317     
   14155.973095082269     
   14153.878031640104     
   14151.578176529894     
   14149.064464308170     
   14146.329599054538     
   14143.367394097939     
   14140.174350179626     
   14136.748050434297     
   14133.088825314800     
   14129.197918447093     
   14125.079816177175     
   14120.738221668433     
   14116.180505591617     
   14111.415047014169     
   14106.450904762631     
   14101.299058322127     
   14095.968389454336     
   14090.469563391616     
   14084.811423459167     
   14078.999113890020     
   14073.037770755225     
   14066.928736663185     
   14060.670332839210     
   14054.260542473510     
   14047.697165105425     
   14040.980593559592     
   14034.121227428779     
   14027.131158699391     
   14020.026270989276     
   14012.821553014071     
   14005.533997579709     
   13998.181118135948     
   13990.782174996813     
   13983.359469137957     
   13975.937281821425     
   13968.544700020873     
   13961.212914999282     
   13953.977808196098     
   13946.875318530765     
   13939.935265223012     
   13933.170653447809     
   13926.548717166732     
   13919.932529280904     
   13912.952592337673     
   13906.394096961290     
   13879.301898124308     
   13831.816083034346     
   13784.408295995168     
   13737.469465440246     
   13690.819522077541     
   13643.984582321913     
   13596.310289140005     
   13547.042542510480     
   13495.377275683571     
   13440.522022536743     
   13381.780689983267     
   13318.450477262748     
   13249.702702327360     
   13174.535851535082     
   13085.388366744834     
   12979.468935023082     
   12863.028558388329     
   12735.991497160139     
   12599.530269959881     
   12455.538190669198     
   12305.974191638865     
   12152.508274793137     
   11996.425785626221     
   11838.659611863975     
   11679.866167082686     
   11520.502822043945     
   11360.889397178491     
   11201.249932706814     
   11041.737714799712     
   10882.448903883327     
   10723.429773183825     
   10564.682059623921     
   10406.169942595221     
   10247.829770826844     
   10089.580785820885     
   9931.3349031031921     
   9773.0047010360413     
   9614.5092915518217     
   9455.7775589573630     
   9296.7492808516581     
   9137.3751966822911     
   8977.6168045781887     
   8817.4458737029727     
   8656.8432181002408     
   8495.7963092581103     
   8334.2954672113956     
   8172.3285097985272     
   8009.8740405213985     
   7846.8942082730528     
   7683.3286529973011     
   7519.0918154811134     
   7354.0750353697049     
   7188.1531751835619     
   7021.1944593151247     
   6853.0721451310146     
   6683.6768550483475     
   6512.9283147311471     
   6340.7850036062009     
   6167.2507345011782     
   5992.3781384761951     
   5816.2686591875554     
   5639.0671166238053     
   13184.506938955088     
   13191.115696175746     
   13198.346398939435     
   13206.648351869580     
   13216.531002021848     
   13228.603982843528     
   13243.631575483765     
   13262.602212476571     
   13286.809837062079     
   13317.935321670484     
   13358.095627735336     
   13409.785871499342     
   13475.568740960234     
   13557.297843073338     
   13654.768363396612     
   13764.482432449806     
   13881.086972553685     
   13998.972933490040     
   14113.090289931053     
   14219.172973492681     
   14313.783005398767     
   14394.570342803012     
   14460.787121715484     
   14513.606491654411     
   14555.199106625265     
   14587.922213156964     
   14613.903091752349     
   14634.897317577859     
   14652.276288261757     
   14667.052200385660     
   14679.898441982699     
   14691.176852865945     
   14701.077883186406     
   14710.017622219666     
   14718.400276918423     
   14726.444811400754     
   14734.042372613807     
   14740.841756948095     
   14747.427645730510     
   14754.203112149331     
   14760.730149971776     
   14765.273050123387     
   14770.132799733929     
   14773.687389002407     
   14807.532718136628     
   14907.906804332430     
   15036.354411533670     
   15181.206995576036     
   15322.810540656792     
   15454.893472600033     
   15590.072507966852     
   15727.712960022878     
   15867.044512874028     
   16007.207494666050     
   16147.279204868275     
   16286.372103679987     
   16423.629617172508     
   16558.249099231565     
   16689.421874726155     
   16816.264815669529     
   16937.765144625067     
   17052.645452010649     
   17159.203568252156     
   17255.092953522650     
   17337.154891770824     
   17401.278319472884     
   17437.850157927220     
   17459.372724219404     
   17472.607872152130     
   17481.311975303230     
   17487.712152954977     
   17493.363651036605     
   17498.821546756255     
   17503.974312140555     
   17508.808844458872     
   17513.343335231380     
   17517.605280528191     
   17521.616630276803     
   17525.395871312670     
   17528.953398293183     
   17532.295647674571     
   17535.425503523424     
   17538.343521667437     
   17541.049289315939     
   17543.543400124337     
   17545.827686269135     
   17547.906095830265     
   17549.785574175712     
   17551.474877940196     
   17552.985652673389     
   17554.330675307076     
   17555.524579416720     
   17556.582917352800     
   17557.521587938016     
   17558.355788499382     
   17559.097305567670     
   17559.753181042444     
   17560.328032117217     
   17560.825396811346     
   17561.248287639679     
   17561.599208705251     
   17561.879961148941     
   17562.091542314400     
   17562.234249980367     
   17562.307516261339     
   17562.310033284757     
   17562.243281002637     
   17562.110637307302     
   17561.917057801460     
   17561.668652741417     
   17561.370404650876     
   17561.026266350178     
   17560.639463231353     
   17560.212840933749     
   17559.748664747873     
   17559.249273203564     
   17558.716487275848     
   17558.152287168552     
   17557.558477869599     
   17556.936675209610     
   17556.288675110714     
   17555.615956242116     
   17554.920340537665     
   17554.202984963809     
   17553.465387844826     
   17552.708973754659     
   17551.934923086559     
   17551.144150428892     
   17550.337858155810     
   17549.517205804779     
   17548.683111436359     
   17547.836655669704     
   17546.978454648419     
   17546.109518141773     
   17545.230841393270     
   17544.343166025021     
   17543.447702060395     
   17542.544648716244     
   17541.635453425592     
   17540.720520623792     
   17539.801041624840     
   17538.877658212703     
   17537.951280497768     
   17537.022519985498     
   17536.092573895487     
   17535.161728061728     
   17534.228967071693     
   17533.275704203461     
   17532.285320044313     
   17531.256396028421     
   17530.188275556262     
   17529.079772035580     
   17527.930230776179     
   17526.738908764779     
   17525.505768533611     
   17524.231616060337     
   17522.916782170276     
   17521.563144523981     
   17520.173654791291     
   17518.752287028808     
   17517.305222172519     
   17515.840657517892     
   17514.370303866217     
   17512.909620139744     
   17511.488619649266     
   17510.082870482358     
   17508.667196485225     
   17507.213558716627     
   17505.692675893923     
   17504.807330265558     
   17504.589031722295     
   17504.315850408730     
   17503.987808378712     
   17503.602967099956     
   17503.158766674962     
   17502.651775914605     
   17502.077818357226     
   17501.431892627912     
   17500.708550661187     
   17499.901585486557     
   17499.004011595251     
   17498.008390292365     
   17496.906559596337     
   17495.690236248385     
   17494.350564423905     
   17492.877914910863     
   17491.262870437851     
   17489.495699417024     
   17487.567316818637     
   17485.468390501468     
   17483.189708476224     
   17480.723334771912     
   17478.062215577909     
   17475.199567008949     
   17472.130489836389     
   17468.850529473191     
   17465.357392965801     
   17461.649290966241     
   17457.727224883136     
   17453.591180695108     
   17449.244377889416     
   17444.690765876658     
   17439.934802033877     
   17434.982840910576     
   17429.839582858156     
   17424.512189956768     
   17419.007237237336     
   17413.329250166404     
   17407.484593268939     
   17401.477956661631     
   17395.313067694002     
   17388.994858509475     
   17382.528280523511     
   17375.918422812378     
   17369.174741816296     
   17362.306343709068     
   17355.326087436326     
   17348.246804192899     
   17341.084190389287     
   17333.854965566203     
   17326.577472119305     
   17319.272211834974     
   17311.959950881988     
   17304.663522935305     
   17297.404082282133     
   17290.202623201796     
   17283.074929214414     
   17276.026895763040     
   17269.050925447085     
   17262.118533430916     
   17255.179308949682     
   17248.173915706589     
   17241.099266169746     
   17233.845704438776     
   17197.801793840092     
   17139.108271580801     
   17084.425970449021     
   17032.097778971456     
   16980.832989605486     
   16929.529629651912     
   16877.202375500976     
   16822.934800642604     
   16765.850039930396     
   16705.111280433306     
   16639.880288758239     
   16569.269131843190     
   16492.327514189401     
   16401.548357250187     
   16294.643618518614     
   16178.422247701261     
   16052.969560980584     
   15919.069998789035     
   15778.007496648275     
   15631.251845421466     
   15480.207207138335     
   15326.075896664819     
   15169.816475771502     
   15012.157881914663     
   14853.637655515498     
   14694.644029393825     
   14535.451863498158     
   14376.249406591325     
   14217.156772140579     
   14058.238623544197     
   13899.513875302566     
   13740.964651882054     
   13582.545524435754     
   13424.192775703612     
   13265.832950469967     
   13107.390073138267     
   12948.791156041141     
   12789.969834133211     
   12630.868349154889     
   12471.438341900383     
   12311.640834987256     
   12151.445508536524     
   11990.829150644664     
   11829.773116277167     
   11668.259711760866     
   11506.267597849661     
   11343.766591843721     
   11180.712641835158     
   11017.044109282480     
   10852.680562012973     
   10687.524842139352     
   10521.468395260927     
   10354.399198042769     
   10186.211308076956     
   10016.814959162761     
   9846.1460757410823     
   9674.1740986503555     
   9500.9072300618336     
   9326.3944612999785     
   9150.7236749323347     
   8974.0148623741406     
