     1          0.50        169.35    -43404.326       164.930          5.00
     2          0.50        169.25    -48394.703       164.322          5.00
     3          0.50        169.15    -47904.291       164.272          5.00
     4          0.50        169.05    -46939.176       164.270          5.00
     5          0.50        168.95    -45957.591       164.270          5.00
     6          0.50        168.85    -44975.600       164.270          5.00
     7          0.50        168.75    -43993.600       164.270          5.00
     8          0.50        168.65    -43011.600       164.270          5.00
     9          0.50        168.55    -42029.600       164.270          5.00
    10          0.50        168.45    -41047.600       164.270          5.00
    11          0.50        168.35    -40065.600       164.270          5.00
    12          0.50        168.25    -39083.600       164.270          5.00
    13          0.50        168.15    -38101.600       164.270          5.00
    14          0.50        168.05    -37119.600       164.270          5.00
    15          0.50        167.95    -36137.600       164.270          5.00
    16          0.50        167.85    -35155.600       164.270          5.00
    17          0.50        167.75    -34173.600       164.270          5.00
    18          0.50        167.65    -33191.600       164.270          5.00
    19          0.50        167.55    -32209.600       164.270          5.00
    20          0.50        167.45    -31227.600       164.270          5.00
    21          0.50        167.35    -30245.600       164.270          5.00
    22          0.50        167.25    -29263.600       164.270          5.00
    23          0.50        167.15    -28281.600       164.270          5.00
    24          0.50        167.05    -27299.600       164.270          5.00
    25          0.50        166.95    -26317.600       164.270          5.00
    26          0.50        166.85    -25335.600       164.270          5.00
    27          0.50        166.75    -24353.600       164.270          5.00
    28          0.50        166.65    -23371.601       164.270          5.00
    29          0.50        166.55    -22389.599       164.270          5.00
    30          0.50        166.45    -21407.602       164.270          5.00
    31          0.50        166.35    -20425.598       164.270          5.00
    32          0.50        166.25    -19443.601       164.270          5.00
    33          0.50        166.15    -18461.599       164.270          5.00
    34          0.50        166.05    -17479.600       164.270          5.00
    35          0.50        165.95    -16497.600       164.270          5.00
    36          0.50        165.85    -15515.600       164.270          5.00
    37          0.50        165.75    -14533.600       164.270          5.00
    38          0.50        165.65    -13551.601       164.270          5.00
    39          0.50        165.55    -12569.600       164.270          5.00
    40          0.50        165.45    -11587.600       164.270          5.00
    41          0.50        165.35    -10605.600       164.270          5.00
    42          0.50        165.25     -9623.599       164.270          5.00
    43          0.50        165.15     -8641.600       164.270          5.00
    44          0.50        165.05     -7659.600       164.270          5.00
    45          0.50        164.95     -6677.600       164.270          5.00
    46          0.50        164.85     -5695.600       164.270          5.00
    47          0.50        164.75     -4713.600       164.270          5.00
    48          0.50        164.65     -3731.600       164.270          5.00
    49          0.50        164.55     -2749.600       164.270          5.00
    50          0.50        164.45     -1767.600       164.270          5.00
    51          0.50        164.35      -785.600       164.270          5.00
    52          0.50        164.25       196.400       164.270          5.00
    53          0.50        164.15      1178.400       164.270          5.00
    54          0.50        164.05      2160.400       164.270          5.00
    55          0.50        163.95      3142.400       164.270          5.00
    56          0.50        163.85      4124.400       164.270          5.00
    57          0.50        163.75      5106.400       164.270          5.00
    58          0.50        163.65      6088.400       164.270          5.00
    59          0.50        163.55      7070.400       164.270          5.00
    60          0.50        163.45      8052.400       164.270          5.00
    61          0.50        163.35      9034.400       164.270          5.00
    62          0.50        163.25     10016.400       164.270          5.00
    63          0.50        163.15     10998.400       164.270          5.00
    64          0.50        163.05     11980.400       164.270          5.00
    65          0.50        162.95     12962.400       164.270          5.00
    66          0.50        162.85     13944.400       164.270          5.00
    67          0.50        162.75     14926.400       164.270          5.00
    68          0.50        162.65     15908.400       164.270          5.00
    69          0.50        162.55     16890.400       164.270          5.00
    70          0.50        162.45     17872.400       164.270          5.00
    71          0.50        162.35     18854.400       164.270          5.00
    72          0.50        162.25     19836.400       164.270          5.00
    73          0.50        162.15     20818.400       164.270          5.00
    74          0.50        162.05     21800.400       164.270          5.00
    75          0.50        161.95     22782.400       164.270          5.00
    76          0.50        161.85     23764.400       164.270          5.00
    77          0.50        161.75     24746.400       164.270          5.00
    78          0.50        161.65     25728.400       164.270          5.00
    79          0.50        161.55     26710.400       164.270          5.00
    80          0.50        161.45     27692.400       164.270          5.00
    81          0.50        161.35     28674.400       164.270          5.00
    82          0.50        161.25     29656.400       164.270          5.00
    83          0.50        161.15     30638.400       164.270          5.00
    84          0.50        161.05     31620.400       164.270          5.00
    85          0.50        160.95     32602.400       164.270          5.00
    86          0.50        160.85     33584.400       164.270          5.00
    87          0.50        160.75     34566.400       164.270          5.00
    88          0.50        160.65     35548.400       164.270          5.00
    89          0.50        160.55     36530.400       164.270          5.00
    90          0.50        160.45     37512.400       164.270          5.00
    91          0.50        160.35     38494.400       164.270          5.00
    92          0.50        160.25     39476.400       164.270          5.00
    93          0.50        160.15     40458.400       164.270          5.00
    94          0.50        160.05     41440.400       164.270          5.00
    95          0.50        159.95     42422.400       164.270          5.00
    96          0.50        159.85     43404.400       164.270          5.00
    97          0.50        159.75     44386.400       164.270          5.00
    98          0.50        159.65     45368.400       164.270          5.00
    99          0.50        159.55     46350.400       164.270          5.00
   100          0.50        159.45     47332.400       164.270          5.00
   101          0.50        159.35     48314.400       164.270          5.00
   102          0.50        159.25     49296.400       164.270          5.00
   103          0.50        159.15     50278.400       164.270          5.00
   104          0.50        159.05     51260.400       164.270          5.00
   105          0.50        158.95     52242.400       164.270          5.00
   106          0.50        158.85     53224.400       164.270          5.00
   107          0.50        158.75     54206.400       164.270          5.00
   108          0.50        158.65     55188.400       164.270          5.00
   109          0.50        158.55     56170.400       164.270          5.00
   110          0.50        158.45     57152.400       164.270          5.00
   111          0.50        158.35     58134.400       164.270          5.00
   112          0.50        158.25     59116.400       164.270          5.00
   113          0.50        158.15     60098.400       164.270          5.00
   114          0.50        158.05     61080.400       164.270          5.00
   115          0.50        157.95     62062.400       164.270          5.00
   116          0.50        157.85     63044.400       164.270          5.00
   117          0.50        157.75     64026.400       164.270          5.00
   118          0.50        157.65     65008.400       164.270          5.00
   119          0.50        157.55     65990.400       164.270          5.00
   120          0.50        157.45     66972.400       164.270          5.00
   121          0.50        157.35     67954.400       164.270          5.00
   122          0.50        157.25     68936.400       164.270          5.00
   123          0.50        157.15     69918.400       164.270          5.00
   124          0.50        157.05     70900.400       164.270          5.00
   125          0.50        156.95     71882.400       164.270          5.00
   126          0.50        156.85     72864.400       164.270          5.00
   127          0.50        156.75     73846.400       164.270          5.00
   128          0.50        156.65     74828.400       164.270          5.00
   129          0.50        156.55     75810.400       164.270          5.00
   130          0.50        156.45     76792.400       164.270          5.00
   131          0.50        156.35     77774.400       164.270          5.00
   132          0.50        156.25     78756.400       164.270          5.00
   133          0.50        156.15     79738.400       164.270          5.00
   134          0.50        156.05     80720.400       164.270          5.00
   135          0.50        155.95     81702.400       164.270          5.00
   136          0.50        155.85     82684.400       164.270          5.00
   137          0.50        155.75     83666.400       164.270          5.00
   138          0.50        155.65     84648.400       164.270          5.00
   139          0.50        155.55     85630.400       164.270          5.00
   140          0.50        155.45     86612.400       164.270          5.00
   141          0.50        155.35     87594.400       164.270          5.00
   142          0.50        155.25     88576.400       164.270          5.00
   143          0.50        155.15     89558.400       164.270          5.00
   144          0.50        155.05     90540.400       164.270          5.00
   145          0.50        154.95     91522.400       164.270          5.00
   146          0.50        154.85     92504.400       164.270          5.00
   147          0.50        154.75     93486.400       164.270          5.00
   148          0.50        154.65     94468.400       164.270          5.00
   149          0.50        154.55     95450.400       164.270          5.00
   150          0.50        154.45     96432.400       164.270          5.00
