9.923999999999284
9.811999999999287
9.699999999999289
9.587999999999292
9.475999999999294
9.423000000000037
9.429000000000038
9.435000000000038
9.441000000000036
9.447000000000036
9.470500000000252
9.511500000000252
9.55250000000025
9.59350000000025
9.63450000000025
9.675500000000248
9.716500000000247
9.757500000000245
9.798500000000246
9.839500000000244
9.870000000000118
9.890000000000118
9.910000000000117
9.930000000000117
9.950000000000117
9.970000000000118
9.990000000000117
10.010000000000117
10.030000000000117
10.050000000000116
10.07650000000019
10.109500000000189
10.142500000000188
10.175500000000188
10.208500000000187
10.241500000000187
10.274500000000186
10.307500000000186
10.340500000000185
10.373500000000185
10.406500000000182
10.439500000000182
10.472500000000181
10.50550000000018
10.53850000000018
10.57150000000018
10.60450000000018
10.637500000000179
10.670500000000178
10.703500000000178
10.73025000000011
10.75075000000011
10.771250000000109
10.791750000000109
10.812250000000107
10.832750000000107
10.853250000000108
10.873750000000106
10.894250000000106
10.914750000000106
10.935250000000105
10.955750000000105
10.976250000000105
10.996750000000103
11.017250000000104
11.037750000000104
11.058250000000102
11.078750000000102
11.099250000000103
11.119750000000101
11.149333333333523
11.188000000000189
11.226666666666855
11.26533333333352
11.304000000000187
11.342666666666853
11.381333333333519
11.420000000000185
11.45866666666685
11.497333333333515
11.53600000000018
11.574666666666847
11.613333333333513
11.652000000000179
11.690666666666845
11.72933333333351
11.768000000000177
11.806666666666843
11.845333333333507
11.884000000000173
11.922666666666839
11.961333333333505
12.00000000000017
12.038666666666836
12.077333333333502
12.116000000000168
12.154666666666834
12.1933333333335
12.232000000000165
12.27066666666683
12.293900000000033
12.301700000000032
12.309500000000032
12.317300000000031
12.325100000000031
12.332900000000032
12.340700000000032
12.348500000000032
12.356300000000031
12.36410000000003
12.37190000000003
12.37970000000003
12.387500000000031
12.39530000000003
12.40310000000003
12.41090000000003
12.41870000000003
12.42650000000003
12.434300000000029
12.44210000000003
12.44990000000003
12.45770000000003
12.465500000000029
12.473300000000028
12.481100000000028
12.488900000000028
12.496700000000029
12.504500000000029
12.512300000000028
12.520100000000028
12.527900000000027
12.535700000000027
12.543500000000027
12.551300000000028
12.559100000000027
12.566900000000027
12.574700000000027
12.582500000000026
12.590300000000026
12.598100000000027
12.605900000000027
12.613700000000026
12.621500000000026
12.629300000000026
12.637100000000025
12.644900000000025
12.652700000000026
12.660500000000026
12.668300000000025
12.676100000000025
12.68253333333335
12.687600000000016
12.692666666666682
12.69773333333335
12.702800000000016
12.707866666666682
12.712933333333348
12.718000000000016
12.723066666666682
12.728133333333348
12.733200000000014
12.738266666666682
12.743333333333348
12.748400000000014
12.75346666666668
12.758533333333348
12.763600000000014
12.76866666666668
12.773733333333347
12.778800000000015
12.78386666666668
12.788933333333347
12.794000000000013
12.79906666666668
12.804133333333347
12.809200000000013
12.81426666666668
12.819333333333347
12.824400000000013
12.82946666666668
12.834533333333345
12.839600000000013
12.84466666666668
12.849733333333345
12.854800000000012
12.85986666666668
12.864933333333346
12.870000000000012
12.875066666666678
12.880133333333346
12.885200000000012
12.890266666666678
12.895333333333344
12.900400000000012
12.905466666666678
12.910533333333344
12.91560000000001
12.920666666666678
12.925733333333344
12.93080000000001
12.935866666666676
12.940933333333344
12.94600000000001
12.951066666666676
12.956133333333343
12.96120000000001
12.966266666666677
12.971333333333343
12.976400000000009
12.981466666666677
12.986533333333343
12.991600000000009
12.996666666666675
13.001733333333343
13.006800000000009
13.011866666666675
13.016933333333341
13.02200000000001
13.027066666666675
13.032133333333341
13.037200000000007
13.042266666666675
13.047333333333341
13.052400000000008
13.057466666666674
13.062533333333342
13.067600000000008
13.072666666666674
13.07773333333334
13.082800000000008
13.087866666666674
13.09293333333334
13.098000000000006
13.103066666666674
13.10813333333334
13.113200000000006
13.118266666666672
13.12333333333334
13.128400000000006
13.133466666666672
13.138533333333339
13.143600000000006
13.148666666666672
13.153733333333339
13.158800000000006
13.163866666666673
13.168933333333339
13.174000000000005
13.179066666666671
13.184133333333339
13.189200000000005
13.194266666666671
13.199333333333339
13.204400000000005
13.209466666666671
13.214533333333337
13.219600000000005
13.224666666666671
13.229733333333337
13.234800000000003
13.239866666666671
13.244933333333337
13.250000000000004
13.25506666666667
13.260133333333338
13.265200000000004
13.27026666666667
13.275333333333336
13.280400000000004
13.28546666666667
13.290533333333336
13.295600000000002
13.30066666666667
13.305733333333336
13.310800000000002
13.315866666666668
13.320933333333336
13.326000000000002
13.331066666666668
13.336133333333335
13.341200000000002
13.346266666666668
13.351333333333335
13.3564
13.361466666666669
13.366533333333335
13.3716
13.376666666666667
13.381733333333335
13.386800000000001
13.391866666666667
13.396933333333333
13.402000000000001
13.407066666666667
13.412133333333333
13.4172
13.422266666666667
13.427333333333333
13.4324
13.437466666666666
