ID,ak,n,ss,l,r,temp1_rmse,temp1_bias,temp1_rbias,temp1_correlation,temp2_rmse,temp2_bias,temp2_rbias,temp2_correlation,temp3_rmse,temp3_bias,temp3_rbias,temp3_correlation
1,0.10D-13,0.100,0.25D+01,0.25D+04,0.10D-13,0.050,0.25D+01,0.35D+04,0.524319,-0.404932,-0.027655,0.971648,0.221779,-0.173316,-0.012250,0.992388
2,0.10D-13,0.100,0.25D+01,0.25D+04,0.10D-13,0.050,0.25D+01,0.50D+04,0.515617,-0.402756,-0.027510,0.973221,0.204474,-0.169413,-0.011978,0.994737
3,0.10D-13,0.100,0.25D+01,0.25D+04,0.10D-13,0.050,0.40D+01,0.35D+04,0.533631,-0.407025,-0.027794,0.969863,0.240559,-0.176833,-0.012496,0.989492
4,0.10D-13,0.100,0.25D+01,0.25D+04,0.10D-13,0.050,0.40D+01,0.50D+04,0.527012,-0.405659,-0.027703,0.971167,0.227558,-0.174596,-0.012340,0.991556
5,0.10D-13,0.100,0.25D+01,0.25D+04,0.10D-12,0.050,0.25D+01,0.35D+04,0.523488,-0.404190,-0.027606,0.971659,0.220520,-0.172724,-0.012209,0.992515
6,0.10D-13,0.100,0.25D+01,0.25D+04,0.10D-12,0.050,0.25D+01,0.50D+04,0.514934,-0.402014,-0.027461,0.973198,0.203438,-0.168825,-0.011937,0.994818
7,0.10D-13,0.100,0.25D+01,0.25D+04,0.10D-12,0.050,0.40D+01,0.35D+04,0.532656,-0.406317,-0.027747,0.969918,0.239229,-0.176302,-0.012459,0.989654
8,0.10D-13,0.100,0.25D+01,0.25D+04,0.10D-12,0.050,0.40D+01,0.50D+04,0.526144,-0.404950,-0.027656,0.971197,0.226349,-0.174067,-0.012303,0.991687
9,0.10D-13,0.100,0.25D+01,0.25D+04,0.10D-13,0.100,0.25D+01,0.35D+04,0.524311,-0.404651,-0.027636,0.971575,0.220231,-0.172741,-0.012210,0.992570
10,0.10D-13,0.100,0.25D+01,0.25D+04,0.10D-13,0.100,0.25D+01,0.50D+04,0.515866,-0.402502,-0.027493,0.973092,0.203429,-0.168878,-0.011941,0.994826
11,0.10D-13,0.100,0.25D+01,0.25D+04,0.10D-13,0.100,0.40D+01,0.35D+04,0.533543,-0.406850,-0.027782,0.969841,0.239221,-0.176493,-0.012472,0.989692
12,0.10D-13,0.100,0.25D+01,0.25D+04,0.10D-13,0.100,0.40D+01,0.50D+04,0.527056,-0.405495,-0.027692,0.971114,0.226511,-0.174240,-0.012315,0.991688
13,0.10D-13,0.100,0.25D+01,0.25D+04,0.10D-12,0.100,0.25D+01,0.35D+04,0.523374,-0.403861,-0.027584,0.971585,0.218516,-0.172095,-0.012165,0.992761
14,0.10D-13,0.100,0.25D+01,0.25D+04,0.10D-12,0.100,0.25D+01,0.50D+04,0.515160,-0.401711,-0.027441,0.973048,0.202079,-0.168237,-0.011896,0.994946
15,0.10D-13,0.100,0.25D+01,0.25D+04,0.10D-12,0.100,0.40D+01,0.35D+04,0.532349,-0.406093,-0.027732,0.969927,0.237331,-0.175914,-0.012432,0.989945
16,0.10D-13,0.100,0.25D+01,0.25D+04,0.10D-12,0.100,0.40D+01,0.50D+04,0.526022,-0.404737,-0.027642,0.971161,0.224810,-0.173663,-0.012275,0.991895
17,0.10D-13,0.100,0.35D+01,0.25D+04,0.10D-13,0.050,0.25D+01,0.35D+04,0.559517,-0.409003,-0.027925,0.962834,0.243116,-0.176087,-0.012444,0.988773
18,0.10D-13,0.100,0.35D+01,0.25D+04,0.10D-13,0.050,0.25D+01,0.50D+04,0.549055,-0.406824,-0.027780,0.964977,0.223200,-0.172183,-0.012171,0.991864
19,0.10D-13,0.100,0.35D+01,0.25D+04,0.10D-13,0.050,0.40D+01,0.35D+04,0.570566,-0.411108,-0.028065,0.960460,0.264077,-0.179613,-0.012690,0.985126
20,0.10D-13,0.100,0.35D+01,0.25D+04,0.10D-13,0.050,0.40D+01,0.50D+04,0.562737,-0.409736,-0.027974,0.962181,0.249562,-0.177375,-0.012534,0.987719
21,0.10D-13,0.100,0.35D+01,0.25D+04,0.10D-12,0.050,0.25D+01,0.35D+04,0.558815,-0.408428,-0.027887,0.962855,0.241986,-0.175593,-0.012409,0.988908
22,0.10D-13,0.100,0.35D+01,0.25D+04,0.10D-12,0.050,0.25D+01,0.50D+04,0.548504,-0.406249,-0.027742,0.964961,0.222285,-0.171694,-0.012137,0.991950
23,0.10D-13,0.100,0.35D+01,0.25D+04,0.10D-12,0.050,0.40D+01,0.35D+04,0.569740,-0.410569,-0.028029,0.960523,0.262925,-0.179185,-0.012660,0.985288
24,0.10D-13,0.100,0.35D+01,0.25D+04,0.10D-12,0.050,0.40D+01,0.50D+04,0.562014,-0.409197,-0.027938,0.962218,0.248522,-0.176948,-0.012504,0.987851
25,0.10D-13,0.100,0.35D+01,0.25D+04,0.10D-13,0.100,0.25D+01,0.35D+04,0.559365,-0.408710,-0.027906,0.962796,0.241560,-0.175508,-0.012403,0.988979
26,0.10D-13,0.100,0.35D+01,0.25D+04,0.10D-13,0.100,0.25D+01,0.50D+04,0.549218,-0.406559,-0.027763,0.964862,0.222190,-0.171643,-0.012134,0.991959
27,0.10D-13,0.100,0.35D+01,0.25D+04,0.10D-13,0.100,0.40D+01,0.35D+04,0.570335,-0.410921,-0.028052,0.960475,0.262712,-0.179268,-0.012666,0.985354
28,0.10D-13,0.100,0.35D+01,0.25D+04,0.10D-13,0.100,0.40D+01,0.50D+04,0.562659,-0.409560,-0.027962,0.962156,0.248488,-0.177013,-0.012509,0.987872
29,0.10D-13,0.100,0.35D+01,0.25D+04,0.10D-12,0.100,0.25D+01,0.35D+04,0.558543,-0.408091,-0.027865,0.962818,0.239874,-0.174959,-0.012365,0.989203
30,0.10D-13,0.100,0.35D+01,0.25D+04,0.10D-12,0.100,0.25D+01,0.50D+04,0.548647,-0.405940,-0.027722,0.964823,0.220872,-0.171101,-0.012096,0.992104
31,0.10D-13,0.100,0.35D+01,0.25D+04,0.10D-12,0.100,0.40D+01,0.35D+04,0.569281,-0.410339,-0.028014,0.960572,0.260952,-0.178792,-0.012633,0.985626
32,0.10D-13,0.100,0.35D+01,0.25D+04,0.10D-12,0.100,0.40D+01,0.50D+04,0.561767,-0.408978,-0.027923,0.962212,0.246906,-0.176541,-0.012476,0.988097
33,0.25D-11,0.100,0.25D+01,0.25D+04,0.10D-13,0.050,0.25D+01,0.35D+04,0.519924,-0.403600,-0.027566,0.972502,0.219063,-0.172188,-0.012172,0.992709
34,0.25D-11,0.100,0.25D+01,0.25D+04,0.10D-13,0.050,0.25D+01,0.50D+04,0.511302,-0.401419,-0.027421,0.974043,0.201938,-0.168287,-0.011899,0.994997
35,0.25D-11,0.100,0.25D+01,0.25D+04,0.10D-13,0.050,0.40D+01,0.35D+04,0.529459,-0.405797,-0.027712,0.970693,0.238042,-0.175882,-0.012430,0.989836
36,0.25D-11,0.100,0.25D+01,0.25D+04,0.10D-13,0.050,0.40D+01,0.50D+04,0.522871,-0.404426,-0.027621,0.971981,0.225118,-0.173644,-0.012273,0.991862
37,0.25D-11,0.100,0.25D+01,0.25D+04,0.10D-12,0.050,0.25D+01,0.35D+04,0.496316,-0.383285,-0.026215,0.974180,0.200000,-0.154897,-0.010963,0.993556
38,0.25D-11,0.100,0.25D+01,0.25D+04,0.10D-12,0.050,0.25D+01,0.50D+04,0.487977,-0.381020,-0.026064,0.975596,0.183331,-0.150981,-0.010689,0.995597
39,0.25D-11,0.100,0.25D+01,0.25D+04,0.10D-12,0.050,0.40D+01,0.35D+04,0.507064,-0.387030,-0.026465,0.972442,0.221253,-0.161155,-0.011401,0.990834
40,0.25D-11,0.100,0.25D+01,0.25D+04,0.10D-12,0.050,0.40D+01,0.50D+04,0.500591,-0.385578,-0.026368,0.973651,0.208464,-0.158884,-0.011242,0.992705
41,0.25D-11,0.100,0.25D+01,0.25D+04,0.10D-13,0.100,0.25D+01,0.35D+04,0.519048,-0.403275,-0.027545,0.972629,0.216560,-0.171601,-0.012131,0.993051
42,0.25D-11,0.100,0.25D+01,0.25D+04,0.10D-13,0.100,0.25D+01,0.50D+04,0.510753,-0.401123,-0.027402,0.974096,0.200072,-0.167742,-0.011861,0.995216
43,0.25D-11,0.100,0.25D+01,0.25D+04,0.10D-13,0.100,0.40D+01,0.35D+04,0.528657,-0.405572,-0.027697,0.970833,0.235941,-0.175518,-0.012404,0.990172
44,0.25D-11,0.100,0.25D+01,0.25D+04,0.10D-13,0.100,0.40D+01,0.50D+04,0.522238,-0.404213,-0.027607,0.972080,0.223369,-0.173265,-0.012247,0.992114
45,0.25D-11,0.100,0.25D+01,0.25D+04,0.10D-12,0.100,0.25D+01,0.35D+04,0.495271,-0.382800,-0.026183,0.974312,0.197200,-0.154020,-0.010901,0.993882
46,0.25D-11,0.100,0.25D+01,0.25D+04,0.10D-12,0.100,0.25D+01,0.50D+04,0.487278,-0.380570,-0.026034,0.975652,0.181196,-0.150152,-0.010631,0.995803
47,0.25D-11,0.100,0.25D+01,0.25D+04,0.10D-12,0.100,0.40D+01,0.35D+04,0.506111,-0.386682,-0.026441,0.972590,0.218888,-0.160579,-0.011360,0.991166
48,0.25D-11,0.100,0.25D+01,0.25D+04,0.10D-12,0.100,0.40D+01,0.50D+04,0.499819,-0.385246,-0.026346,0.973757,0.206468,-0.158297,-0.011201,0.992953
49,0.25D-11,0.100,0.35D+01,0.25D+04,0.10D-13,0.050,0.25D+01,0.35D+04,0.555747,-0.407954,-0.027855,0.963639,0.240418,-0.175111,-0.012376,0.989155
50,0.25D-11,0.100,0.35D+01,0.25D+04,0.10D-13,0.050,0.25D+01,0.50D+04,0.545358,-0.405773,-0.027711,0.965750,0.220636,-0.171211,-0.012103,0.992186
51,0.25D-11,0.100,0.35D+01,0.25D+04,0.10D-13,0.050,0.40D+01,0.35D+04,0.567061,-0.410165,-0.028002,0.961229,0.261695,-0.178820,-0.012635,0.985508
52,0.25D-11,0.100,0.35D+01,0.25D+04,0.10D-13,0.050,0.40D+01,0.50D+04,0.559254,-0.408790,-0.027911,0.962934,0.247226,-0.176582,-0.012478,0.988068
53,0.25D-11,0.100,0.35D+01,0.25D+04,0.10D-12,0.050,0.25D+01,0.35D+04,0.537003,-0.392135,-0.026804,0.965257,0.223645,-0.160326,-0.011343,0.990193
54,0.25D-11,0.100,0.35D+01,0.25D+04,0.10D-12,0.050,0.25D+01,0.50D+04,0.526946,-0.389895,-0.026655,0.967230,0.204342,-0.156448,-0.011071,0.992960
55,0.25D-11,0.100,0.35D+01,0.25D+04,0.10D-12,0.050,0.40D+01,0.35D+04,0.549632,-0.395930,-0.027057,0.962884,0.247457,-0.166705,-0.011789,0.986629
56,0.25D-11,0.100,0.35D+01,0.25D+04,0.10D-12,0.050,0.40D+01,0.50D+04,0.541954,-0.394495,-0.026961,0.964511,0.233145,-0.164457,-0.011632,0.989035
57,0.25D-11,0.100,0.35D+01,0.25D+04,0.10D-13,0.100,0.25D+01,0.35D+04,0.554692,-0.407630,-0.027834,0.963824,0.237736,-0.174525,-0.012335,0.989570
58,0.25D-11,0.100,0.35D+01,0.25D+04,0.10D-13,0.100,0.25D+01,0.50D+04,0.544690,-0.405479,-0.027691,0.965838,0.218631,-0.170667,-0.012065,0.992453
59,0.25D-11,0.100,0.35D+01,0.25D+04,0.10D-13,0.100,0.40D+01,0.35D+04,0.566118,-0.409940,-0.027987,0.961417,0.259486,-0.178458,-0.012609,0.985902
60,0.25D-11,0.100,0.35D+01,0.25D+04,0.10D-13,0.100,0.40D+01,0.50D+04,0.558496,-0.408578,-0.027897,0.963073,0.245362,-0.176205,-0.012452,0.988370
61,0.25D-11,0.100,0.35D+01,0.25D+04,0.10D-12,0.100,0.25D+01,0.35D+04,0.535760,-0.391640,-0.026771,0.965449,0.220594,-0.159436,-0.011280,0.990608
62,0.25D-11,0.100,0.35D+01,0.25D+04,0.10D-12,0.100,0.25D+01,0.50D+04,0.526113,-0.389436,-0.026625,0.967324,0.201999,-0.155604,-0.011012,0.993228
63,0.25D-11,0.100,0.35D+01,0.25D+04,0.10D-12,0.100,0.40D+01,0.35D+04,0.548519,-0.395576,-0.027033,0.963085,0.244933,-0.166120,-0.011748,0.987035
64,0.25D-11,0.100,0.35D+01,0.25D+04,0.10D-12,0.100,0.40D+01,0.50D+04,0.541043,-0.394157,-0.026939,0.964660,0.230984,-0.163860,-0.011590,0.989346
65,0.50D-11,0.100,0.25D+01,0.25D+04,0.10D-13,0.050,0.25D+01,0.35D+04,0.519912,-0.403594,-0.027566,0.972504,0.219057,-0.172183,-0.012171,0.992710
66,0.50D-11,0.100,0.25D+01,0.25D+04,0.10D-13,0.050,0.25D+01,0.50D+04,0.511289,-0.401413,-0.027421,0.974046,0.201933,-0.168282,-0.011899,0.994997
67,0.50D-11,0.100,0.25D+01,0.25D+04,0.10D-13,0.050,0.40D+01,0.35D+04,0.529448,-0.405792,-0.027712,0.970695,0.238038,-0.175878,-0.012429,0.989836
68,0.50D-11,0.100,0.25D+01,0.25D+04,0.10D-13,0.050,0.40D+01,0.50D+04,0.522860,-0.404421,-0.027621,0.971983,0.225114,-0.173640,-0.012273,0.991863
69,0.50D-11,0.100,0.25D+01,0.25D+04,0.10D-12,0.050,0.25D+01,0.35D+04,0.495540,-0.382639,-0.026172,0.974241,0.199447,-0.154365,-0.010926,0.993577
70,0.50D-11,0.100,0.25D+01,0.25D+04,0.10D-12,0.050,0.25D+01,0.50D+04,0.487205,-0.380372,-0.026021,0.975654,0.182785,-0.150449,-0.010651,0.995611
71,0.50D-11,0.100,0.25D+01,0.25D+04,0.10D-12,0.050,0.40D+01,0.35D+04,0.506337,-0.386432,-0.026425,0.972503,0.220766,-0.160698,-0.011369,0.990859
72,0.50D-11,0.100,0.25D+01,0.25D+04,0.10D-12,0.050,0.40D+01,0.50D+04,0.499862,-0.384978,-0.026328,0.973711,0.207977,-0.158427,-0.011210,0.992726
73,0.50D-11,0.100,0.25D+01,0.25D+04,0.10D-13,0.100,0.25D+01,0.35D+04,0.519032,-0.403270,-0.027544,0.972633,0.216552,-0.171596,-0.012130,0.993052
74,0.50D-11,0.100,0.25D+01,0.25D+04,0.10D-13,0.100,0.25D+01,0.50D+04,0.510736,-0.401117,-0.027401,0.974099,0.200064,-0.167737,-0.011861,0.995216
75,0.50D-11,0.100,0.25D+01,0.25D+04,0.10D-13,0.100,0.40D+01,0.35D+04,0.528643,-0.405567,-0.027697,0.970836,0.235936,-0.175514,-0.012404,0.990172
76,0.50D-11,0.100,0.25D+01,0.25D+04,0.10D-13,0.100,0.40D+01,0.50D+04,0.522223,-0.404208,-0.027607,0.972082,0.223363,-0.173261,-0.012247,0.992114
77,0.50D-11,0.100,0.25D+01,0.25D+04,0.10D-12,0.100,0.25D+01,0.35D+04,0.494475,-0.382150,-0.026140,0.974377,0.196638,-0.153483,-0.010864,0.993903
78,0.50D-11,0.100,0.25D+01,0.25D+04,0.10D-12,0.100,0.25D+01,0.50D+04,0.486485,-0.379918,-0.025991,0.975715,0.180641,-0.149614,-0.010593,0.995817
79,0.50D-11,0.100,0.25D+01,0.25D+04,0.10D-12,0.100,0.40D+01,0.35D+04,0.505371,-0.386081,-0.026401,0.972653,0.218398,-0.160119,-0.011328,0.991191
80,0.50D-11,0.100,0.25D+01,0.25D+04,0.10D-12,0.100,0.40D+01,0.50D+04,0.499077,-0.384642,-0.026306,0.973819,0.205978,-0.157835,-0.011168,0.992974
81,0.50D-11,0.100,0.35D+01,0.25D+04,0.10D-13,0.050,0.25D+01,0.35D+04,0.555736,-0.407950,-0.027855,0.963641,0.240412,-0.175107,-0.012375,0.989156
82,0.50D-11,0.100,0.35D+01,0.25D+04,0.10D-13,0.050,0.25D+01,0.50D+04,0.545347,-0.405768,-0.027710,0.965752,0.220629,-0.171206,-0.012103,0.992186
83,0.50D-11,0.100,0.35D+01,0.25D+04,0.10D-13,0.050,0.40D+01,0.35D+04,0.567052,-0.410161,-0.028002,0.961231,0.261691,-0.178817,-0.012634,0.985508
84,0.50D-11,0.100,0.35D+01,0.25D+04,0.10D-13,0.050,0.40D+01,0.50D+04,0.559244,-0.408786,-0.027911,0.962936,0.247221,-0.176579,-0.012478,0.988068
85,0.50D-11,0.100,0.35D+01,0.25D+04,0.10D-12,0.050,0.25D+01,0.35D+04,0.536377,-0.391632,-0.026771,0.965318,0.223140,-0.159869,-0.011311,0.990223
86,0.50D-11,0.100,0.35D+01,0.25D+04,0.10D-12,0.050,0.25D+01,0.50D+04,0.526324,-0.389391,-0.026622,0.967288,0.203845,-0.155991,-0.011039,0.992983
87,0.50D-11,0.100,0.35D+01,0.25D+04,0.10D-12,0.050,0.40D+01,0.35D+04,0.549058,-0.395477,-0.027027,0.962944,0.247030,-0.166327,-0.011762,0.986661
88,0.50D-11,0.100,0.35D+01,0.25D+04,0.10D-12,0.050,0.40D+01,0.50D+04,0.541380,-0.394040,-0.026931,0.964569,0.232719,-0.164080,-0.011605,0.989063
89,0.50D-11,0.100,0.35D+01,0.25D+04,0.10D-13,0.100,0.25D+01,0.35D+04,0.554677,-0.407625,-0.027834,0.963827,0.237727,-0.174521,-0.012335,0.989571
90,0.50D-11,0.100,0.35D+01,0.25D+04,0.10D-13,0.100,0.25D+01,0.50D+04,0.544674,-0.405474,-0.027691,0.965842,0.218622,-0.170663,-0.012065,0.992455
91,0.50D-11,0.100,0.35D+01,0.25D+04,0.10D-13,0.100,0.40D+01,0.35D+04,0.566106,-0.409936,-0.027987,0.961420,0.259480,-0.178454,-0.012609,0.985903
92,0.50D-11,0.100,0.35D+01,0.25D+04,0.10D-13,0.100,0.40D+01,0.50D+04,0.558484,-0.408574,-0.027897,0.963076,0.245355,-0.176201,-0.012452,0.988371
93,0.50D-11,0.100,0.35D+01,0.25D+04,0.10D-12,0.100,0.25D+01,0.35D+04,0.535113,-0.391134,-0.026738,0.965516,0.220076,-0.158974,-0.011248,0.990638
94,0.50D-11,0.100,0.35D+01,0.25D+04,0.10D-12,0.100,0.25D+01,0.50D+04,0.525469,-0.388928,-0.026591,0.967387,0.201487,-0.155142,-0.010980,0.993252
95,0.50D-11,0.100,0.35D+01,0.25D+04,0.10D-12,0.100,0.40D+01,0.35D+04,0.547932,-0.395120,-0.027003,0.963148,0.244500,-0.165738,-0.011721,0.987067
96,0.50D-11,0.100,0.35D+01,0.25D+04,0.10D-12,0.100,0.40D+01,0.50D+04,0.540455,-0.393699,-0.026908,0.964722,0.230552,-0.163478,-0.011563,0.989374
97,0.75D-11,0.100,0.25D+01,0.25D+04,0.10D-13,0.050,0.25D+01,0.35D+04,0.519908,-0.403592,-0.027566,0.972504,0.219056,-0.172182,-0.012171,0.992710
98,0.75D-11,0.100,0.25D+01,0.25D+04,0.10D-13,0.050,0.25D+01,0.50D+04,0.511285,-0.401411,-0.027421,0.974046,0.201931,-0.168280,-0.011899,0.994997
99,0.75D-11,0.100,0.25D+01,0.25D+04,0.10D-13,0.050,0.40D+01,0.35D+04,0.529445,-0.405790,-0.027712,0.970696,0.238037,-0.175877,-0.012429,0.989837
100,0.75D-11,0.100,0.25D+01,0.25D+04,0.10D-13,0.050,0.40D+01,0.50D+04,0.522856,-0.404419,-0.027621,0.971983,0.225113,-0.173639,-0.012273,0.991863
101,0.75D-11,0.100,0.25D+01,0.25D+04,0.10D-12,0.050,0.25D+01,0.35D+04,0.495272,-0.382415,-0.026157,0.974262,0.199256,-0.154181,-0.010913,0.993584
102,0.75D-11,0.100,0.25D+01,0.25D+04,0.10D-12,0.050,0.25D+01,0.50D+04,0.486937,-0.380147,-0.026006,0.975674,0.182597,-0.150264,-0.010638,0.995616
103,0.75D-11,0.100,0.25D+01,0.25D+04,0.10D-12,0.050,0.40D+01,0.35D+04,0.506085,-0.386225,-0.026411,0.972524,0.220598,-0.160541,-0.011358,0.990868
104,0.75D-11,0.100,0.25D+01,0.25D+04,0.10D-12,0.050,0.40D+01,0.50D+04,0.499610,-0.384770,-0.026314,0.973731,0.207809,-0.158268,-0.011199,0.992734
105,0.75D-11,0.100,0.25D+01,0.25D+04,0.10D-13,0.100,0.25D+01,0.35D+04,0.519026,-0.403268,-0.027544,0.972634,0.216549,-0.171594,-0.012130,0.993052
106,0.75D-11,0.100,0.25D+01,0.25D+04,0.10D-13,0.100,0.25D+01,0.50D+04,0.510731,-0.401115,-0.027401,0.974100,0.200062,-0.167735,-0.011861,0.995216
107,0.75D-11,0.100,0.25D+01,0.25D+04,0.10D-13,0.100,0.40D+01,0.35D+04,0.528639,-0.405565,-0.027697,0.970837,0.235934,-0.175513,-0.012404,0.990172
108,0.75D-11,0.100,0.25D+01,0.25D+04,0.10D-13,0.100,0.40D+01,0.50D+04,0.522219,-0.404206,-0.027607,0.972083,0.223361,-0.173260,-0.012247,0.992114
109,0.75D-11,0.100,0.25D+01,0.25D+04,0.10D-12,0.100,0.25D+01,0.35D+04,0.494200,-0.381925,-0.026125,0.974399,0.196445,-0.153298,-0.010851,0.993910
110,0.75D-11,0.100,0.25D+01,0.25D+04,0.10D-12,0.100,0.25D+01,0.50D+04,0.486211,-0.379693,-0.025976,0.975736,0.180450,-0.149428,-0.010580,0.995822
111,0.75D-11,0.100,0.25D+01,0.25D+04,0.10D-12,0.100,0.40D+01,0.35D+04,0.505115,-0.385872,-0.026388,0.972675,0.218230,-0.159959,-0.011317,0.991199
112,0.75D-11,0.100,0.25D+01,0.25D+04,0.10D-12,0.100,0.40D+01,0.50D+04,0.498820,-0.384433,-0.026292,0.973840,0.205809,-0.157675,-0.011157,0.992981
113,0.75D-11,0.100,0.35D+01,0.25D+04,0.10D-13,0.050,0.25D+01,0.35D+04,0.555733,-0.407948,-0.027855,0.963642,0.240410,-0.175105,-0.012375,0.989156
114,0.75D-11,0.100,0.35D+01,0.25D+04,0.10D-13,0.050,0.25D+01,0.50D+04,0.545343,-0.405767,-0.027710,0.965753,0.220627,-0.171205,-0.012103,0.992186
115,0.75D-11,0.100,0.35D+01,0.25D+04,0.10D-13,0.050,0.40D+01,0.35D+04,0.567049,-0.410160,-0.028002,0.961231,0.261690,-0.178816,-0.012634,0.985508
116,0.75D-11,0.100,0.35D+01,0.25D+04,0.10D-13,0.050,0.40D+01,0.50D+04,0.559241,-0.408785,-0.027911,0.962936,0.247220,-0.176578,-0.012478,0.988068
117,0.75D-11,0.100,0.35D+01,0.25D+04,0.10D-12,0.050,0.25D+01,0.35D+04,0.536161,-0.391458,-0.026759,0.965339,0.222966,-0.159711,-0.011300,0.990233
118,0.75D-11,0.100,0.35D+01,0.25D+04,0.10D-12,0.050,0.25D+01,0.50D+04,0.526109,-0.389216,-0.026610,0.967308,0.203673,-0.155833,-0.011028,0.992991
119,0.75D-11,0.100,0.35D+01,0.25D+04,0.10D-12,0.050,0.40D+01,0.35D+04,0.548859,-0.395319,-0.027016,0.962964,0.246883,-0.166197,-0.011753,0.986672
120,0.75D-11,0.100,0.35D+01,0.25D+04,0.10D-12,0.050,0.40D+01,0.50D+04,0.541181,-0.393882,-0.026920,0.964590,0.232572,-0.163949,-0.011596,0.989072
121,0.75D-11,0.100,0.35D+01,0.25D+04,0.10D-13,0.100,0.25D+01,0.35D+04,0.554672,-0.407624,-0.027834,0.963828,0.237724,-0.174519,-0.012334,0.989571
122,0.75D-11,0.100,0.35D+01,0.25D+04,0.10D-13,0.100,0.25D+01,0.50D+04,0.544669,-0.405472,-0.027691,0.965843,0.218618,-0.170662,-0.012065,0.992455
123,0.75D-11,0.100,0.35D+01,0.25D+04,0.10D-13,0.100,0.40D+01,0.35D+04,0.566102,-0.409934,-0.027987,0.961420,0.259477,-0.178453,-0.012609,0.985904
124,0.75D-11,0.100,0.35D+01,0.25D+04,0.10D-13,0.100,0.40D+01,0.50D+04,0.558479,-0.408572,-0.027897,0.963077,0.245353,-0.176200,-0.012452,0.988371
125,0.75D-11,0.100,0.35D+01,0.25D+04,0.10D-12,0.100,0.25D+01,0.35D+04,0.534889,-0.390959,-0.026726,0.965539,0.219897,-0.158814,-0.011237,0.990649
126,0.75D-11,0.100,0.35D+01,0.25D+04,0.10D-12,0.100,0.25D+01,0.50D+04,0.525247,-0.388752,-0.026579,0.967409,0.201311,-0.154982,-0.010969,0.993260
127,0.75D-11,0.100,0.35D+01,0.25D+04,0.10D-12,0.100,0.40D+01,0.35D+04,0.547729,-0.394962,-0.026992,0.963169,0.244351,-0.165606,-0.011712,0.987078
128,0.75D-11,0.100,0.35D+01,0.25D+04,0.10D-12,0.100,0.40D+01,0.50D+04,0.540251,-0.393540,-0.026898,0.964743,0.230402,-0.163346,-0.011554,0.989384
129,0.10D-10,0.100,0.25D+01,0.25D+04,0.10D-13,0.050,0.25D+01,0.35D+04,0.519906,-0.403591,-0.027566,0.972505,0.219055,-0.172181,-0.012171,0.992710
130,0.10D-10,0.100,0.25D+01,0.25D+04,0.10D-13,0.050,0.25D+01,0.50D+04,0.511283,-0.401410,-0.027421,0.974047,0.201930,-0.168279,-0.011899,0.994997
131,0.10D-10,0.100,0.25D+01,0.25D+04,0.10D-13,0.050,0.40D+01,0.35D+04,0.529443,-0.405789,-0.027712,0.970696,0.238037,-0.175876,-0.012429,0.989837
132,0.10D-10,0.100,0.25D+01,0.25D+04,0.10D-13,0.050,0.40D+01,0.50D+04,0.522855,-0.404418,-0.027621,0.971984,0.225112,-0.173638,-0.012273,0.991863
133,0.10D-10,0.100,0.25D+01,0.25D+04,0.10D-12,0.050,0.25D+01,0.35D+04,0.495136,-0.382302,-0.026150,0.974272,0.199160,-0.154088,-0.010906,0.993587
134,0.10D-10,0.100,0.25D+01,0.25D+04,0.10D-12,0.050,0.25D+01,0.50D+04,0.486802,-0.380033,-0.025999,0.975685,0.182502,-0.150171,-0.010632,0.995619
135,0.10D-10,0.100,0.25D+01,0.25D+04,0.10D-12,0.050,0.40D+01,0.35D+04,0.505958,-0.386120,-0.026404,0.972534,0.220513,-0.160460,-0.011352,0.990872
136,0.10D-10,0.100,0.25D+01,0.25D+04,0.10D-12,0.050,0.40D+01,0.50D+04,0.499482,-0.384664,-0.026307,0.973742,0.207724,-0.158188,-0.011193,0.992737
137,0.10D-10,0.100,0.25D+01,0.25D+04,0.10D-13,0.100,0.25D+01,0.35D+04,0.519024,-0.403267,-0.027544,0.972634,0.216548,-0.171594,-0.012130,0.993052
138,0.10D-10,0.100,0.25D+01,0.25D+04,0.10D-13,0.100,0.25D+01,0.50D+04,0.510728,-0.401114,-0.027401,0.974101,0.200060,-0.167734,-0.011861,0.995217
139,0.10D-10,0.100,0.25D+01,0.25D+04,0.10D-13,0.100,0.40D+01,0.35D+04,0.528636,-0.405564,-0.027697,0.970837,0.235933,-0.175512,-0.012404,0.990172
140,0.10D-10,0.100,0.25D+01,0.25D+04,0.10D-13,0.100,0.40D+01,0.50D+04,0.522216,-0.404205,-0.027607,0.972084,0.223360,-0.173259,-0.012246,0.992114
141,0.10D-10,0.100,0.25D+01,0.25D+04,0.10D-12,0.100,0.25D+01,0.35D+04,0.494061,-0.381811,-0.026117,0.974411,0.196347,-0.153203,-0.010844,0.993914
142,0.10D-10,0.100,0.25D+01,0.25D+04,0.10D-12,0.100,0.25D+01,0.50D+04,0.486072,-0.379578,-0.025968,0.975747,0.180353,-0.149334,-0.010573,0.995825
143,0.10D-10,0.100,0.25D+01,0.25D+04,0.10D-12,0.100,0.40D+01,0.35D+04,0.504986,-0.385767,-0.026380,0.972686,0.218144,-0.159878,-0.011311,0.991203
144,0.10D-10,0.100,0.25D+01,0.25D+04,0.10D-12,0.100,0.40D+01,0.50D+04,0.498691,-0.384327,-0.026285,0.973851,0.205724,-0.157594,-0.011152,0.992985
145,0.10D-10,0.100,0.35D+01,0.25D+04,0.10D-13,0.050,0.25D+01,0.35D+04,0.555731,-0.407948,-0.027855,0.963642,0.240409,-0.175105,-0.012375,0.989156
146,0.10D-10,0.100,0.35D+01,0.25D+04,0.10D-13,0.050,0.25D+01,0.50D+04,0.545341,-0.405766,-0.027710,0.965753,0.220626,-0.171204,-0.012103,0.992186
147,0.10D-10,0.100,0.35D+01,0.25D+04,0.10D-13,0.050,0.40D+01,0.35D+04,0.567048,-0.410159,-0.028002,0.961231,0.261689,-0.178815,-0.012634,0.985508
148,0.10D-10,0.100,0.35D+01,0.25D+04,0.10D-13,0.050,0.40D+01,0.50D+04,0.559240,-0.408784,-0.027911,0.962937,0.247219,-0.176577,-0.012478,0.988068
149,0.10D-10,0.100,0.35D+01,0.25D+04,0.10D-12,0.050,0.25D+01,0.35D+04,0.536051,-0.391370,-0.026753,0.965350,0.222878,-0.159631,-0.011294,0.990238
150,0.10D-10,0.100,0.35D+01,0.25D+04,0.10D-12,0.050,0.25D+01,0.50D+04,0.526000,-0.389128,-0.026604,0.967319,0.203586,-0.155753,-0.011023,0.992994
151,0.10D-10,0.100,0.35D+01,0.25D+04,0.10D-12,0.050,0.40D+01,0.35D+04,0.548758,-0.395240,-0.027011,0.962975,0.246808,-0.166131,-0.011749,0.986677
152,0.10D-10,0.100,0.35D+01,0.25D+04,0.10D-12,0.050,0.40D+01,0.50D+04,0.541080,-0.393802,-0.026915,0.964600,0.232498,-0.163883,-0.011591,0.989077
153,0.10D-10,0.100,0.35D+01,0.25D+04,0.10D-13,0.100,0.25D+01,0.35D+04,0.554669,-0.407623,-0.027834,0.963829,0.237722,-0.174518,-0.012334,0.989571
154,0.10D-10,0.100,0.35D+01,0.25D+04,0.10D-13,0.100,0.25D+01,0.50D+04,0.544667,-0.405472,-0.027691,0.965843,0.218617,-0.170661,-0.012065,0.992455
155,0.10D-10,0.100,0.35D+01,0.25D+04,0.10D-13,0.100,0.40D+01,0.35D+04,0.566100,-0.409934,-0.027987,0.961421,0.259476,-0.178452,-0.012609,0.985904
156,0.10D-10,0.100,0.35D+01,0.25D+04,0.10D-13,0.100,0.40D+01,0.50D+04,0.558477,-0.408571,-0.027896,0.963077,0.245351,-0.176200,-0.012452,0.988371
157,0.10D-10,0.100,0.35D+01,0.25D+04,0.10D-12,0.100,0.25D+01,0.35D+04,0.534775,-0.390870,-0.026720,0.965550,0.219807,-0.158733,-0.011231,0.990654
158,0.10D-10,0.100,0.35D+01,0.25D+04,0.10D-12,0.100,0.25D+01,0.50D+04,0.525134,-0.388663,-0.026573,0.967420,0.201222,-0.154901,-0.010963,0.993264
159,0.10D-10,0.100,0.35D+01,0.25D+04,0.10D-12,0.100,0.40D+01,0.35D+04,0.547626,-0.394881,-0.026987,0.963180,0.244276,-0.165539,-0.011707,0.987083
160,0.10D-10,0.100,0.35D+01,0.25D+04,0.10D-12,0.100,0.40D+01,0.50D+04,0.540148,-0.393459,-0.026892,0.964754,0.230327,-0.163279,-0.011549,0.989389
161,0.10D-13,0.300,0.25D+01,0.25D+04,0.10D-13,0.050,0.25D+01,0.35D+04,0.491056,-0.399927,-0.027322,0.979280,0.202540,-0.169868,-0.012010,0.995219
162,0.10D-13,0.300,0.25D+01,0.25D+04,0.10D-13,0.050,0.25D+01,0.50D+04,0.483930,-0.397741,-0.027177,0.980380,0.188060,-0.165957,-0.011736,0.996893
163,0.10D-13,0.300,0.25D+01,0.25D+04,0.10D-13,0.050,0.40D+01,0.35D+04,0.498690,-0.402025,-0.027462,0.978014,0.218716,-0.173391,-0.012256,0.993050
164,0.10D-13,0.300,0.25D+01,0.25D+04,0.10D-13,0.050,0.40D+01,0.50D+04,0.493282,-0.400657,-0.027371,0.978942,0.207512,-0.171151,-0.012099,0.994602
165,0.10D-13,0.300,0.25D+01,0.25D+04,0.10D-12,0.050,0.25D+01,0.35D+04,0.494672,-0.398813,-0.027248,0.978068,0.202989,-0.168972,-0.011947,0.994998
166,0.10D-13,0.300,0.25D+01,0.25D+04,0.10D-12,0.050,0.25D+01,0.50D+04,0.487632,-0.396621,-0.027103,0.979158,0.188533,-0.165060,-0.011674,0.996684
167,0.10D-13,0.300,0.25D+01,0.25D+04,0.10D-12,0.050,0.40D+01,0.35D+04,0.502126,-0.400945,-0.027390,0.976840,0.219083,-0.172555,-0.012197,0.992838
168,0.10D-13,0.300,0.25D+01,0.25D+04,0.10D-12,0.050,0.40D+01,0.50D+04,0.496802,-0.399571,-0.027299,0.977757,0.207905,-0.170313,-0.012041,0.994395
169,0.10D-13,0.300,0.25D+01,0.25D+04,0.10D-13,0.100,0.25D+01,0.35D+04,0.490730,-0.399653,-0.027304,0.979296,0.200932,-0.169302,-0.011970,0.995392
170,0.10D-13,0.300,0.25D+01,0.25D+04,0.10D-13,0.100,0.25D+01,0.50D+04,0.483807,-0.397493,-0.027161,0.980354,0.186913,-0.165430,-0.011700,0.996990
171,0.10D-13,0.300,0.25D+01,0.25D+04,0.10D-13,0.100,0.40D+01,0.35D+04,0.498338,-0.401857,-0.027451,0.978064,0.217346,-0.173060,-0.012233,0.993238
172,0.10D-13,0.300,0.25D+01,0.25D+04,0.10D-13,0.100,0.40D+01,0.50D+04,0.493037,-0.400500,-0.027360,0.978969,0.206429,-0.170804,-0.012075,0.994729
173,0.10D-13,0.300,0.25D+01,0.25D+04,0.10D-12,0.100,0.25D+01,0.35D+04,0.494918,-0.398507,-0.027228,0.977919,0.201698,-0.168359,-0.011904,0.995109
174,0.10D-13,0.300,0.25D+01,0.25D+04,0.10D-12,0.100,0.25D+01,0.50D+04,0.488111,-0.396338,-0.027084,0.978962,0.187761,-0.164485,-0.011634,0.996713
175,0.10D-13,0.300,0.25D+01,0.25D+04,0.10D-12,0.100,0.40D+01,0.35D+04,0.502165,-0.400743,-0.027377,0.976772,0.217750,-0.172181,-0.012171,0.993008
176,0.10D-13,0.300,0.25D+01,0.25D+04,0.10D-12,0.100,0.40D+01,0.50D+04,0.496972,-0.399378,-0.027286,0.977661,0.206891,-0.169923,-0.012014,0.994500
177,0.10D-13,0.300,0.35D+01,0.25D+04,0.10D-13,0.050,0.25D+01,0.35D+04,0.529001,-0.405199,-0.027673,0.970551,0.224718,-0.173416,-0.012257,0.991891
178,0.10D-13,0.300,0.35D+01,0.25D+04,0.10D-13,0.050,0.25D+01,0.50D+04,0.520027,-0.403019,-0.027528,0.972197,0.206917,-0.169510,-0.011985,0.994355
179,0.10D-13,0.300,0.35D+01,0.25D+04,0.10D-13,0.050,0.40D+01,0.35D+04,0.538619,-0.407304,-0.027812,0.968681,0.243908,-0.176950,-0.012504,0.988881
180,0.10D-13,0.300,0.35D+01,0.25D+04,0.10D-13,0.050,0.40D+01,0.50D+04,0.531810,-0.405934,-0.027721,0.970039,0.230620,-0.174709,-0.012348,0.991026
181,0.10D-13,0.300,0.35D+01,0.25D+04,0.10D-12,0.050,0.25D+01,0.35D+04,0.532218,-0.404349,-0.027616,0.969435,0.225269,-0.172698,-0.012207,0.991665
182,0.10D-13,0.300,0.35D+01,0.25D+04,0.10D-12,0.050,0.25D+01,0.50D+04,0.523349,-0.402164,-0.027471,0.971069,0.207588,-0.168793,-0.011935,0.994125
183,0.10D-13,0.300,0.35D+01,0.25D+04,0.10D-12,0.050,0.40D+01,0.35D+04,0.541653,-0.406491,-0.027758,0.967606,0.244358,-0.176294,-0.012458,0.988668
184,0.10D-13,0.300,0.35D+01,0.25D+04,0.10D-12,0.050,0.40D+01,0.50D+04,0.534941,-0.405116,-0.027667,0.968950,0.231156,-0.174052,-0.012302,0.990808
185,0.10D-13,0.300,0.35D+01,0.25D+04,0.10D-13,0.100,0.25D+01,0.35D+04,0.528542,-0.404910,-0.027653,0.970599,0.222938,-0.172841,-0.012217,0.992119
186,0.10D-13,0.300,0.35D+01,0.25D+04,0.10D-13,0.100,0.25D+01,0.50D+04,0.519844,-0.402759,-0.027510,0.972182,0.205666,-0.168975,-0.011947,0.994481
187,0.10D-13,0.300,0.35D+01,0.25D+04,0.10D-13,0.100,0.40D+01,0.35D+04,0.538125,-0.407121,-0.027800,0.968769,0.242386,-0.176610,-0.012480,0.989122
188,0.10D-13,0.300,0.35D+01,0.25D+04,0.10D-13,0.100,0.40D+01,0.50D+04,0.531455,-0.405763,-0.027710,0.970093,0.229396,-0.174353,-0.012323,0.991195
189,0.10D-13,0.300,0.35D+01,0.25D+04,0.10D-12,0.100,0.25D+01,0.35D+04,0.532302,-0.404032,-0.027595,0.969315,0.223653,-0.172074,-0.012164,0.991850
190,0.10D-13,0.300,0.35D+01,0.25D+04,0.10D-12,0.100,0.25D+01,0.50D+04,0.523757,-0.401873,-0.027452,0.970877,0.206585,-0.168209,-0.011894,0.994199
191,0.10D-13,0.300,0.35D+01,0.25D+04,0.10D-12,0.100,0.40D+01,0.35D+04,0.541521,-0.406279,-0.027744,0.967576,0.242785,-0.175912,-0.012432,0.988906
192,0.10D-13,0.300,0.35D+01,0.25D+04,0.10D-12,0.100,0.40D+01,0.50D+04,0.534981,-0.404914,-0.027654,0.968879,0.229921,-0.173655,-0.012274,0.990967
193,0.25D-11,0.300,0.25D+01,0.25D+04,0.10D-13,0.050,0.25D+01,0.35D+04,0.482696,-0.398406,-0.027221,0.980928,0.198066,-0.168751,-0.011932,0.995769
194,0.25D-11,0.300,0.25D+01,0.25D+04,0.10D-13,0.050,0.25D+01,0.50D+04,0.475873,-0.396217,-0.027076,0.981947,0.184334,-0.164843,-0.011659,0.997292
195,0.25D-11,0.300,0.25D+01,0.25D+04,0.10D-13,0.050,0.40D+01,0.35D+04,0.490255,-0.400594,-0.027367,0.979709,0.213884,-0.172430,-0.012189,0.993731
196,0.25D-11,0.300,0.25D+01,0.25D+04,0.10D-13,0.050,0.40D+01,0.50D+04,0.485047,-0.399224,-0.027276,0.980581,0.203102,-0.170192,-0.012032,0.995178
197,0.25D-11,0.300,0.25D+01,0.25D+04,0.10D-12,0.050,0.25D+01,0.35D+04,0.456272,-0.374927,-0.025658,0.982321,0.178030,-0.149808,-0.010606,0.996292
198,0.25D-11,0.300,0.25D+01,0.25D+04,0.10D-12,0.050,0.25D+01,0.50D+04,0.449680,-0.372654,-0.025507,0.983241,0.164774,-0.145867,-0.010330,0.997613
199,0.25D-11,0.300,0.25D+01,0.25D+04,0.10D-12,0.050,0.40D+01,0.35D+04,0.464955,-0.378600,-0.025903,0.981185,0.195808,-0.155940,-0.011036,0.994436
200,0.25D-11,0.300,0.25D+01,0.25D+04,0.10D-12,0.050,0.40D+01,0.50D+04,0.459851,-0.377150,-0.025806,0.981990,0.185163,-0.153659,-0.010876,0.995748
201,0.25D-11,0.300,0.25D+01,0.25D+04,0.10D-13,0.100,0.25D+01,0.35D+04,0.482000,-0.398080,-0.027200,0.981005,0.195870,-0.168164,-0.011891,0.996025
202,0.25D-11,0.300,0.25D+01,0.25D+04,0.10D-13,0.100,0.25D+01,0.50D+04,0.475428,-0.395918,-0.027056,0.981972,0.182701,-0.164297,-0.011620,0.997454
203,0.25D-11,0.300,0.25D+01,0.25D+04,0.10D-13,0.100,0.40D+01,0.35D+04,0.489619,-0.400368,-0.027352,0.979800,0.212000,-0.172065,-0.012163,0.993993
204,0.25D-11,0.300,0.25D+01,0.25D+04,0.10D-13,0.100,0.40D+01,0.50D+04,0.484545,-0.399010,-0.027261,0.980642,0.201559,-0.169812,-0.012006,0.995369
205,0.25D-11,0.300,0.25D+01,0.25D+04,0.10D-12,0.100,0.25D+01,0.35D+04,0.455424,-0.374452,-0.025627,0.982400,0.175654,-0.148945,-0.010546,0.996517
206,0.25D-11,0.300,0.25D+01,0.25D+04,0.10D-12,0.100,0.25D+01,0.50D+04,0.449096,-0.372212,-0.025477,0.983268,0.162982,-0.145051,-0.010273,0.997749
207,0.25D-11,0.300,0.25D+01,0.25D+04,0.10D-12,0.100,0.40D+01,0.35D+04,0.464186,-0.378258,-0.025880,0.981280,0.193741,-0.155375,-0.010996,0.994681
208,0.25D-11,0.300,0.25D+01,0.25D+04,0.10D-12,0.100,0.40D+01,0.50D+04,0.459225,-0.376822,-0.025785,0.982054,0.183452,-0.153082,-0.010836,0.995923
209,0.25D-11,0.300,0.35D+01,0.25D+04,0.10D-13,0.050,0.25D+01,0.35D+04,0.521465,-0.403976,-0.027591,0.972175,0.219964,-0.172433,-0.012189,0.992584
210,0.25D-11,0.300,0.35D+01,0.25D+04,0.10D-13,0.050,0.25D+01,0.50D+04,0.512780,-0.401796,-0.027447,0.973737,0.202736,-0.168533,-0.011916,0.994900
211,0.25D-11,0.300,0.35D+01,0.25D+04,0.10D-13,0.050,0.40D+01,0.35D+04,0.531064,-0.406171,-0.027737,0.970345,0.239036,-0.176126,-0.012447,0.989681
212,0.25D-11,0.300,0.35D+01,0.25D+04,0.10D-13,0.050,0.40D+01,0.50D+04,0.524431,-0.404802,-0.027646,0.971648,0.226050,-0.173889,-0.012290,0.991728
213,0.25D-11,0.300,0.35D+01,0.25D+04,0.10D-12,0.050,0.25D+01,0.35D+04,0.500225,-0.385610,-0.026370,0.973670,0.202161,-0.156312,-0.011062,0.993387
214,0.25D-11,0.300,0.35D+01,0.25D+04,0.10D-12,0.050,0.25D+01,0.50D+04,0.491832,-0.383361,-0.026220,0.975111,0.185378,-0.152409,-0.010789,0.995469
215,0.25D-11,0.300,0.35D+01,0.25D+04,0.10D-12,0.050,0.40D+01,0.35D+04,0.511034,-0.389345,-0.026619,0.971904,0.223534,-0.162578,-0.011500,0.990617
216,0.25D-11,0.300,0.35D+01,0.25D+04,0.10D-12,0.050,0.40D+01,0.50D+04,0.504527,-0.387906,-0.026523,0.973132,0.210691,-0.160317,-0.011342,0.992518
217,0.25D-11,0.300,0.35D+01,0.25D+04,0.10D-13,0.100,0.25D+01,0.35D+04,0.520589,-0.403652,-0.027570,0.972303,0.217459,-0.171846,-0.012148,0.992928
218,0.25D-11,0.300,0.35D+01,0.25D+04,0.10D-13,0.100,0.25D+01,0.50D+04,0.512234,-0.401502,-0.027427,0.973790,0.200868,-0.167989,-0.011878,0.995120
219,0.25D-11,0.300,0.35D+01,0.25D+04,0.10D-13,0.100,0.40D+01,0.35D+04,0.530264,-0.405947,-0.027722,0.970485,0.236936,-0.175763,-0.012421,0.990018
220,0.25D-11,0.300,0.35D+01,0.25D+04,0.10D-13,0.100,0.40D+01,0.50D+04,0.523800,-0.404590,-0.027632,0.971747,0.224301,-0.173511,-0.012264,0.991981
221,0.25D-11,0.300,0.35D+01,0.25D+04,0.10D-12,0.100,0.25D+01,0.35D+04,0.499182,-0.385125,-0.026338,0.973802,0.199367,-0.155434,-0.011000,0.993716
222,0.25D-11,0.300,0.35D+01,0.25D+04,0.10D-12,0.100,0.25D+01,0.50D+04,0.491136,-0.382909,-0.026190,0.975166,0.183247,-0.151578,-0.010730,0.995676
223,0.25D-11,0.300,0.35D+01,0.25D+04,0.10D-12,0.100,0.40D+01,0.35D+04,0.510084,-0.388997,-0.026596,0.972052,0.221179,-0.162002,-0.011460,0.990951
224,0.25D-11,0.300,0.35D+01,0.25D+04,0.10D-12,0.100,0.40D+01,0.50D+04,0.503758,-0.387573,-0.026501,0.973237,0.208702,-0.159730,-0.011301,0.992768
225,0.50D-11,0.300,0.25D+01,0.25D+04,0.10D-13,0.050,0.25D+01,0.35D+04,0.482681,-0.398403,-0.027221,0.980931,0.198067,-0.168749,-0.011931,0.995768
226,0.50D-11,0.300,0.25D+01,0.25D+04,0.10D-13,0.050,0.25D+01,0.50D+04,0.475857,-0.396214,-0.027076,0.981951,0.184335,-0.164840,-0.011658,0.997292
227,0.50D-11,0.300,0.25D+01,0.25D+04,0.10D-13,0.050,0.40D+01,0.35D+04,0.490242,-0.400591,-0.027366,0.979712,0.213887,-0.172428,-0.012188,0.993730
228,0.50D-11,0.300,0.25D+01,0.25D+04,0.10D-13,0.050,0.40D+01,0.50D+04,0.485033,-0.399221,-0.027275,0.980584,0.203105,-0.170190,-0.012032,0.995178
229,0.50D-11,0.300,0.25D+01,0.25D+04,0.10D-12,0.050,0.25D+01,0.35D+04,0.455397,-0.374214,-0.025611,0.982384,0.177524,-0.149260,-0.010568,0.996297
230,0.50D-11,0.300,0.25D+01,0.25D+04,0.10D-12,0.050,0.25D+01,0.50D+04,0.448800,-0.371939,-0.025459,0.983303,0.164273,-0.145317,-0.010292,0.997614
231,0.50D-11,0.300,0.25D+01,0.25D+04,0.10D-12,0.050,0.40D+01,0.35D+04,0.464135,-0.377930,-0.025858,0.981245,0.195365,-0.155460,-0.011002,0.994445
232,0.50D-11,0.300,0.25D+01,0.25D+04,0.10D-12,0.050,0.40D+01,0.50D+04,0.459022,-0.376477,-0.025762,0.982050,0.184716,-0.153178,-0.010842,0.995754
233,0.50D-11,0.300,0.25D+01,0.25D+04,0.10D-13,0.100,0.25D+01,0.35D+04,0.481976,-0.398076,-0.027199,0.981010,0.195867,-0.168161,-0.011890,0.996025
234,0.50D-11,0.300,0.25D+01,0.25D+04,0.10D-13,0.100,0.25D+01,0.50D+04,0.475404,-0.395915,-0.027056,0.981977,0.182698,-0.164294,-0.011620,0.997454
235,0.50D-11,0.300,0.25D+01,0.25D+04,0.10D-13,0.100,0.40D+01,0.35D+04,0.489598,-0.400364,-0.027351,0.979805,0.211999,-0.172062,-0.012163,0.993993
236,0.50D-11,0.300,0.25D+01,0.25D+04,0.10D-13,0.100,0.40D+01,0.50D+04,0.484524,-0.399006,-0.027261,0.980647,0.201557,-0.169810,-0.012006,0.995369
237,0.50D-11,0.300,0.25D+01,0.25D+04,0.10D-12,0.100,0.25D+01,0.35D+04,0.454525,-0.373735,-0.025579,0.982468,0.175126,-0.148393,-0.010507,0.996524
238,0.50D-11,0.300,0.25D+01,0.25D+04,0.10D-12,0.100,0.25D+01,0.50D+04,0.448191,-0.371494,-0.025429,0.983335,0.162460,-0.144496,-0.010234,0.997752
239,0.50D-11,0.300,0.25D+01,0.25D+04,0.10D-12,0.100,0.40D+01,0.35D+04,0.463348,-0.377585,-0.025835,0.981343,0.193284,-0.154891,-0.010962,0.994690
240,0.50D-11,0.300,0.25D+01,0.25D+04,0.10D-12,0.100,0.40D+01,0.50D+04,0.458379,-0.376147,-0.025740,0.982118,0.182992,-0.152596,-0.010802,0.995930
241,0.50D-11,0.300,0.35D+01,0.25D+04,0.10D-13,0.050,0.25D+01,0.35D+04,0.521449,-0.403973,-0.027591,0.972179,0.219961,-0.172430,-0.012189,0.992585
242,0.50D-11,0.300,0.35D+01,0.25D+04,0.10D-13,0.050,0.25D+01,0.50D+04,0.512763,-0.401794,-0.027446,0.973741,0.202731,-0.168530,-0.011916,0.994900
243,0.50D-11,0.300,0.35D+01,0.25D+04,0.10D-13,0.050,0.40D+01,0.35D+04,0.531051,-0.406169,-0.027737,0.970349,0.239035,-0.176124,-0.012446,0.989681
244,0.50D-11,0.300,0.35D+01,0.25D+04,0.10D-13,0.050,0.40D+01,0.50D+04,0.524417,-0.404799,-0.027646,0.971651,0.226048,-0.173887,-0.012290,0.991728
245,0.50D-11,0.300,0.35D+01,0.25D+04,0.10D-12,0.050,0.25D+01,0.35D+04,0.499494,-0.385052,-0.026333,0.973741,0.201660,-0.155839,-0.011029,0.993408
246,0.50D-11,0.300,0.35D+01,0.25D+04,0.10D-12,0.050,0.25D+01,0.50D+04,0.491097,-0.382800,-0.026183,0.975181,0.184877,-0.151935,-0.010755,0.995485
247,0.50D-11,0.300,0.35D+01,0.25D+04,0.10D-12,0.050,0.40D+01,0.35D+04,0.510360,-0.388833,-0.026585,0.971973,0.223114,-0.162180,-0.011472,0.990639
248,0.50D-11,0.300,0.35D+01,0.25D+04,0.10D-12,0.050,0.40D+01,0.50D+04,0.503846,-0.387391,-0.026489,0.973200,0.210265,-0.159918,-0.011314,0.992538
249,0.50D-11,0.300,0.35D+01,0.25D+04,0.10D-13,0.100,0.25D+01,0.35D+04,0.520565,-0.403649,-0.027570,0.972309,0.217450,-0.171843,-0.012148,0.992929
250,0.50D-11,0.300,0.35D+01,0.25D+04,0.10D-13,0.100,0.25D+01,0.50D+04,0.512209,-0.401499,-0.027427,0.973796,0.200859,-0.167986,-0.011878,0.995121
251,0.50D-11,0.300,0.35D+01,0.25D+04,0.10D-13,0.100,0.40D+01,0.35D+04,0.530244,-0.405944,-0.027722,0.970491,0.236930,-0.175761,-0.012421,0.990019
252,0.50D-11,0.300,0.35D+01,0.25D+04,0.10D-13,0.100,0.40D+01,0.50D+04,0.523779,-0.404587,-0.027632,0.971752,0.224295,-0.173509,-0.012264,0.991982
253,0.50D-11,0.300,0.35D+01,0.25D+04,0.10D-12,0.100,0.25D+01,0.35D+04,0.498424,-0.384563,-0.026300,0.973879,0.198842,-0.154956,-0.010967,0.993739
254,0.50D-11,0.300,0.35D+01,0.25D+04,0.10D-12,0.100,0.25D+01,0.50D+04,0.490375,-0.382345,-0.026153,0.975242,0.182723,-0.151099,-0.010697,0.995694
255,0.50D-11,0.300,0.35D+01,0.25D+04,0.10D-12,0.100,0.40D+01,0.35D+04,0.509393,-0.388482,-0.026561,0.972124,0.220744,-0.161600,-0.011432,0.990975
256,0.50D-11,0.300,0.35D+01,0.25D+04,0.10D-12,0.100,0.40D+01,0.50D+04,0.503059,-0.387056,-0.026466,0.973309,0.208262,-0.159325,-0.011273,0.992789
257,0.75D-11,0.300,0.25D+01,0.25D+04,0.10D-13,0.050,0.25D+01,0.35D+04,0.482676,-0.398402,-0.027221,0.980932,0.198068,-0.168748,-0.011931,0.995768
258,0.75D-11,0.300,0.25D+01,0.25D+04,0.10D-13,0.050,0.25D+01,0.50D+04,0.475851,-0.396213,-0.027075,0.981952,0.184335,-0.164840,-0.011658,0.997292
259,0.75D-11,0.300,0.25D+01,0.25D+04,0.10D-13,0.050,0.40D+01,0.35D+04,0.490238,-0.400590,-0.027366,0.979713,0.213889,-0.172427,-0.012188,0.993730
260,0.75D-11,0.300,0.25D+01,0.25D+04,0.10D-13,0.050,0.40D+01,0.50D+04,0.485029,-0.399221,-0.027275,0.980585,0.203106,-0.170189,-0.012032,0.995177
261,0.75D-11,0.300,0.25D+01,0.25D+04,0.10D-12,0.050,0.25D+01,0.35D+04,0.455096,-0.373968,-0.025594,0.982405,0.177352,-0.149071,-0.010555,0.996298
262,0.75D-11,0.300,0.25D+01,0.25D+04,0.10D-12,0.050,0.25D+01,0.50D+04,0.448497,-0.371692,-0.025442,0.983324,0.164102,-0.145128,-0.010278,0.997614
263,0.75D-11,0.300,0.25D+01,0.25D+04,0.10D-12,0.050,0.40D+01,0.35D+04,0.463853,-0.377698,-0.025843,0.981265,0.195215,-0.155294,-0.010991,0.994447
264,0.75D-11,0.300,0.25D+01,0.25D+04,0.10D-12,0.050,0.40D+01,0.50D+04,0.458737,-0.376244,-0.025746,0.982071,0.184565,-0.153011,-0.010831,0.995756
265,0.75D-11,0.300,0.25D+01,0.25D+04,0.10D-13,0.100,0.25D+01,0.35D+04,0.481969,-0.398075,-0.027199,0.981012,0.195866,-0.168160,-0.011890,0.996025
266,0.75D-11,0.300,0.25D+01,0.25D+04,0.10D-13,0.100,0.25D+01,0.50D+04,0.475396,-0.395913,-0.027056,0.981979,0.182697,-0.164293,-0.011620,0.997454
267,0.75D-11,0.300,0.25D+01,0.25D+04,0.10D-13,0.100,0.40D+01,0.35D+04,0.489592,-0.400363,-0.027351,0.979806,0.211999,-0.172062,-0.012163,0.993992
268,0.75D-11,0.300,0.25D+01,0.25D+04,0.10D-13,0.100,0.40D+01,0.50D+04,0.484518,-0.399005,-0.027261,0.980649,0.201557,-0.169809,-0.012006,0.995368
269,0.75D-11,0.300,0.25D+01,0.25D+04,0.10D-12,0.100,0.25D+01,0.35D+04,0.454216,-0.373488,-0.025562,0.982490,0.174947,-0.148202,-0.010494,0.996526
270,0.75D-11,0.300,0.25D+01,0.25D+04,0.10D-12,0.100,0.25D+01,0.50D+04,0.447881,-0.371245,-0.025413,0.983357,0.162283,-0.144305,-0.010221,0.997752
271,0.75D-11,0.300,0.25D+01,0.25D+04,0.10D-12,0.100,0.40D+01,0.35D+04,0.463061,-0.377352,-0.025820,0.981365,0.193129,-0.154724,-0.010951,0.994693
272,0.75D-11,0.300,0.25D+01,0.25D+04,0.10D-12,0.100,0.40D+01,0.50D+04,0.458090,-0.375914,-0.025724,0.982140,0.182836,-0.152429,-0.010790,0.995932
273,0.75D-11,0.300,0.35D+01,0.25D+04,0.10D-13,0.050,0.25D+01,0.35D+04,0.521444,-0.403972,-0.027591,0.972181,0.219959,-0.172429,-0.012189,0.992585
274,0.75D-11,0.300,0.35D+01,0.25D+04,0.10D-13,0.050,0.25D+01,0.50D+04,0.512758,-0.401793,-0.027446,0.973742,0.202729,-0.168529,-0.011916,0.994900
275,0.75D-11,0.300,0.35D+01,0.25D+04,0.10D-13,0.050,0.40D+01,0.35D+04,0.531046,-0.406168,-0.027737,0.970350,0.239034,-0.176124,-0.012446,0.989681
276,0.75D-11,0.300,0.35D+01,0.25D+04,0.10D-13,0.050,0.40D+01,0.50D+04,0.524413,-0.404798,-0.027646,0.971653,0.226047,-0.173886,-0.012290,0.991728
277,0.75D-11,0.300,0.35D+01,0.25D+04,0.10D-12,0.050,0.25D+01,0.35D+04,0.499242,-0.384859,-0.026320,0.973766,0.201489,-0.155676,-0.011017,0.993415
278,0.75D-11,0.300,0.35D+01,0.25D+04,0.10D-12,0.050,0.25D+01,0.50D+04,0.490844,-0.382606,-0.026170,0.975205,0.184706,-0.151772,-0.010744,0.995490
279,0.75D-11,0.300,0.35D+01,0.25D+04,0.10D-12,0.050,0.40D+01,0.35D+04,0.510129,-0.388656,-0.026573,0.971996,0.222970,-0.162042,-0.011463,0.990647
280,0.75D-11,0.300,0.35D+01,0.25D+04,0.10D-12,0.050,0.40D+01,0.50D+04,0.503612,-0.387213,-0.026477,0.973224,0.210119,-0.159779,-0.011304,0.992544
281,0.75D-11,0.300,0.35D+01,0.25D+04,0.10D-13,0.100,0.25D+01,0.35D+04,0.520558,-0.403648,-0.027570,0.972311,0.217447,-0.171842,-0.012148,0.992930
282,0.75D-11,0.300,0.35D+01,0.25D+04,0.10D-13,0.100,0.25D+01,0.50D+04,0.512201,-0.401497,-0.027427,0.973797,0.200855,-0.167985,-0.011878,0.995122
283,0.75D-11,0.300,0.35D+01,0.25D+04,0.10D-13,0.100,0.40D+01,0.35D+04,0.530237,-0.405943,-0.027722,0.970492,0.236928,-0.175760,-0.012421,0.990020
284,0.75D-11,0.300,0.35D+01,0.25D+04,0.10D-13,0.100,0.40D+01,0.50D+04,0.523772,-0.404586,-0.027632,0.971754,0.224292,-0.173508,-0.012264,0.991982
285,0.75D-11,0.300,0.35D+01,0.25D+04,0.10D-12,0.100,0.25D+01,0.35D+04,0.498165,-0.384368,-0.026287,0.973905,0.198664,-0.154792,-0.010955,0.993747
286,0.75D-11,0.300,0.35D+01,0.25D+04,0.10D-12,0.100,0.25D+01,0.50D+04,0.490114,-0.382150,-0.026140,0.975267,0.182545,-0.150934,-0.010685,0.995700
287,0.75D-11,0.300,0.35D+01,0.25D+04,0.10D-12,0.100,0.40D+01,0.35D+04,0.509156,-0.388303,-0.026549,0.972149,0.220596,-0.161460,-0.011422,0.990983
288,0.75D-11,0.300,0.35D+01,0.25D+04,0.10D-12,0.100,0.40D+01,0.50D+04,0.502820,-0.386877,-0.026454,0.973334,0.208112,-0.159186,-0.011263,0.992796
289,0.10D-10,0.300,0.25D+01,0.25D+04,0.10D-13,0.050,0.25D+01,0.35D+04,0.482673,-0.398402,-0.027221,0.980933,0.198068,-0.168747,-0.011931,0.995768
290,0.10D-10,0.300,0.25D+01,0.25D+04,0.10D-13,0.050,0.25D+01,0.50D+04,0.475849,-0.396212,-0.027075,0.981952,0.184335,-0.164839,-0.011658,0.997292
291,0.10D-10,0.300,0.25D+01,0.25D+04,0.10D-13,0.050,0.40D+01,0.35D+04,0.490236,-0.400590,-0.027366,0.979713,0.213889,-0.172427,-0.012188,0.993730
292,0.10D-10,0.300,0.25D+01,0.25D+04,0.10D-13,0.050,0.40D+01,0.50D+04,0.485027,-0.399220,-0.027275,0.980586,0.203106,-0.170189,-0.012032,0.995177
293,0.10D-10,0.300,0.25D+01,0.25D+04,0.10D-12,0.050,0.25D+01,0.35D+04,0.454944,-0.373843,-0.025586,0.982415,0.177266,-0.148975,-0.010548,0.996299
294,0.10D-10,0.300,0.25D+01,0.25D+04,0.10D-12,0.050,0.25D+01,0.50D+04,0.448344,-0.371566,-0.025434,0.983334,0.164016,-0.145032,-0.010272,0.997614
295,0.10D-10,0.300,0.25D+01,0.25D+04,0.10D-12,0.050,0.40D+01,0.35D+04,0.463711,-0.377580,-0.025835,0.981275,0.195140,-0.155211,-0.010985,0.994448
296,0.10D-10,0.300,0.25D+01,0.25D+04,0.10D-12,0.050,0.40D+01,0.50D+04,0.458594,-0.376126,-0.025738,0.982081,0.184488,-0.152927,-0.010825,0.995756
297,0.10D-10,0.300,0.25D+01,0.25D+04,0.10D-13,0.100,0.25D+01,0.35D+04,0.481965,-0.398074,-0.027199,0.981012,0.195866,-0.168159,-0.011890,0.996025
298,0.10D-10,0.300,0.25D+01,0.25D+04,0.10D-13,0.100,0.25D+01,0.50D+04,0.475392,-0.395913,-0.027056,0.981980,0.182696,-0.164292,-0.011620,0.997454
299,0.10D-10,0.300,0.25D+01,0.25D+04,0.10D-13,0.100,0.40D+01,0.35D+04,0.489588,-0.400363,-0.027351,0.979807,0.211999,-0.172061,-0.012163,0.993992
300,0.10D-10,0.300,0.25D+01,0.25D+04,0.10D-13,0.100,0.40D+01,0.50D+04,0.484514,-0.399005,-0.027261,0.980650,0.201557,-0.169809,-0.012006,0.995368
301,0.10D-10,0.300,0.25D+01,0.25D+04,0.10D-12,0.100,0.25D+01,0.35D+04,0.454060,-0.373362,-0.025554,0.982502,0.174857,-0.148106,-0.010487,0.996527
302,0.10D-10,0.300,0.25D+01,0.25D+04,0.10D-12,0.100,0.25D+01,0.50D+04,0.447724,-0.371119,-0.025404,0.983369,0.162194,-0.144208,-0.010214,0.997753
303,0.10D-10,0.300,0.25D+01,0.25D+04,0.10D-12,0.100,0.40D+01,0.35D+04,0.462916,-0.377234,-0.025812,0.981375,0.193052,-0.154639,-0.010945,0.994695
304,0.10D-10,0.300,0.25D+01,0.25D+04,0.10D-12,0.100,0.40D+01,0.50D+04,0.457943,-0.375795,-0.025716,0.982151,0.182758,-0.152344,-0.010784,0.995933
305,0.10D-10,0.300,0.35D+01,0.25D+04,0.10D-13,0.050,0.25D+01,0.35D+04,0.521441,-0.403972,-0.027591,0.972181,0.219959,-0.172428,-0.012188,0.992585
306,0.10D-10,0.300,0.35D+01,0.25D+04,0.10D-13,0.050,0.25D+01,0.50D+04,0.512755,-0.401792,-0.027446,0.973743,0.202728,-0.168528,-0.011916,0.994901
307,0.10D-10,0.300,0.35D+01,0.25D+04,0.10D-13,0.050,0.40D+01,0.35D+04,0.531044,-0.406168,-0.027737,0.970351,0.239034,-0.176123,-0.012446,0.989681
308,0.10D-10,0.300,0.35D+01,0.25D+04,0.10D-13,0.050,0.40D+01,0.50D+04,0.524410,-0.404798,-0.027646,0.971653,0.226047,-0.173886,-0.012290,0.991728
309,0.10D-10,0.300,0.35D+01,0.25D+04,0.10D-12,0.050,0.25D+01,0.35D+04,0.499115,-0.384761,-0.026314,0.973778,0.201402,-0.155593,-0.011012,0.993418
310,0.10D-10,0.300,0.35D+01,0.25D+04,0.10D-12,0.050,0.25D+01,0.50D+04,0.490716,-0.382508,-0.026163,0.975217,0.184619,-0.151689,-0.010738,0.995493
311,0.10D-10,0.300,0.35D+01,0.25D+04,0.10D-12,0.050,0.40D+01,0.35D+04,0.510012,-0.388566,-0.026567,0.972008,0.222898,-0.161972,-0.011458,0.990650
312,0.10D-10,0.300,0.35D+01,0.25D+04,0.10D-12,0.050,0.40D+01,0.50D+04,0.503494,-0.387123,-0.026471,0.973235,0.210046,-0.159710,-0.011300,0.992548
313,0.10D-10,0.300,0.35D+01,0.25D+04,0.10D-13,0.100,0.25D+01,0.35D+04,0.520554,-0.403647,-0.027570,0.972312,0.217445,-0.171842,-0.012148,0.992930
314,0.10D-10,0.300,0.35D+01,0.25D+04,0.10D-13,0.100,0.25D+01,0.50D+04,0.512198,-0.401497,-0.027427,0.973798,0.200854,-0.167984,-0.011878,0.995122
315,0.10D-10,0.300,0.35D+01,0.25D+04,0.10D-13,0.100,0.40D+01,0.35D+04,0.530234,-0.405943,-0.027722,0.970493,0.236927,-0.175760,-0.012421,0.990020
316,0.10D-10,0.300,0.35D+01,0.25D+04,0.10D-13,0.100,0.40D+01,0.50D+04,0.523769,-0.404585,-0.027632,0.971755,0.224291,-0.173508,-0.012264,0.991982
317,0.10D-10,0.300,0.35D+01,0.25D+04,0.10D-12,0.100,0.25D+01,0.35D+04,0.498033,-0.384270,-0.026281,0.973918,0.198574,-0.154708,-0.010950,0.993750
318,0.10D-10,0.300,0.35D+01,0.25D+04,0.10D-12,0.100,0.25D+01,0.50D+04,0.489981,-0.382051,-0.026133,0.975280,0.182455,-0.150850,-0.010679,0.995703
319,0.10D-10,0.300,0.35D+01,0.25D+04,0.10D-12,0.100,0.40D+01,0.35D+04,0.509036,-0.388213,-0.026543,0.972161,0.220522,-0.161390,-0.011417,0.990987
320,0.10D-10,0.300,0.35D+01,0.25D+04,0.10D-12,0.100,0.40D+01,0.50D+04,0.502698,-0.386786,-0.026448,0.973346,0.208036,-0.159115,-0.011258,0.992799
