17.0 10
17.238880105336115 10
17.477344324191204 10
17.714977560392963 10
17.951366296882203 10
18.18609938151138 10
18.418768808341582 10
18.648970492950706 10
18.876305040277103 10
19.100378503537023 10
19.32080313277139 10
19.537198111596908 10
19.749190280759272 10
19.956414847111063 10
20.15851607666487 10
20.355147970402456 10
20.54597492155348 10
20.730672353092782 10
20.908927334242662 10
21.08043917480673 10
21.24491999620401 10
21.40209527811633 10
21.55170437970851 10
21.693501034429236 10
21.827253817450718 10
21.952746584857497 10
22.069778883748334 10
22.178166332470646 10
22.277740970263665 10
22.368351575644958 10
22.449863952934084 10
22.52216118636821 10
22.5851438613259 10
22.63873025223809 10
22.682856476828547 10
22.717476616390265 10
22.742562801868942 10
22.75810526558969 10
22.76411235852854 10
22.76061053309597 10
22.747644291465253 10
22.725276099544025 10
22.693586266752902 10
22.65267279184005 10
22.602651175025223 10
22.543654196830982 10
22.475831664022067 10
22.399350123136664 10
22.314392542154906 10
22.22115796091058 10
22.11986111091163 10
22.01073200529311 10
21.894015499683277 10
21.769970824818706 10
21.63887109179824 10
21.501002770917527 10
21.35666514507637 10
21.206169738799286 10
21.049839723956307 10
20.88800930331529 10
20.721023073099186 10
20.549235365761817 10
20.37300957423318 10
20.19271745892072 10
20.008738438785763 10
19.821458867844648 10
19.631271298471827 10
19.438573732907273 10
19.243768864393154 10
19.047263309384242 10
18.849466832293725 10
18.650791564250135 10
18.451651217352673 10
18.25246029592059 10
18.053633306238154 10
17.855583966299577 10
17.65872441705817 10
17.463464436681253 10
17.27021065930658 10
17.07936579978745 10
16.891327885902278 10
16.70648949949027 10
16.525237027957708 10
16.34794992757972 10
16.175 10
16.006750683305608 10
15.843556359026493 10
15.685761676378917 10
15.533700895039132 10
15.387697247698469 10
15.248062323613272 10
15.115095474323184 10
14.989083242669055 10
14.87029881619744 10
14.759001505992194 10
14.655436251925291 10
14.559833155268674 10
14.472407039556902 10
14.393357040536557 10
14.322866225982985 10
14.26110124610816 10
14.208212015225145 10
14.164331425275165 10
14.129575091762668 10
14.10404113258206 10
14.08780998015711 10
14.080944227250747 10
14.083488506738743 10
14.0954694055762 10
14.116895413120686 10
14.14775690391036 10
14.188026154929974 10
14.23765739733191 10
14.29658690251381 10
14.364733102389021 10
14.44199674362094 10
14.528261075527702 10
14.623392071299579 10
14.727238682107993 10
14.839633123622539 10
14.960391194390565 10
15.089312625473383 10
15.22618146067355 10
15.37076646662945 10
15.522821571996662 10
15.682086334880053 10
15.848286437626903 10
16.02113420803922 10
16.200329166013123 10
16.385558594564774 10
16.576498134155923 10
16.772812399187732 10
16.974155615489476 10
17.18017227758854 10
17.390497824510646 10
17.60475933282405 10
17.82257622560819 10
18.043560995997638 10
18.267319943923756 10
18.493453924651853 10
18.721559107688943 10
18.95122774461753 10
19.182048944393724 10
19.41360945463413 10
19.645494447404094 10
19.87728830801163 10
20.108575425305663 10
20.338940981973963 10
20.56797174333675 10
20.795256843134265 10
21.02038856481261 10
21.24296311682071 10
21.462581400442577 10
21.678849768703227 10
21.89138077490381 10
22.099793909360937 10
22.303716322947984 10
22.502783536060914 10
22.69664013165924 10
22.88494043106286 10
23.067349151218345 10
23.243542042183627 10
23.413206503617587 10
23.576042179101083 10
23.73176152715802 10
23.88009036788973 10
24.02076840418186 10
24.15354971649193 10
24.27820323027551 10
24.394513155161384 10
24.502279395039732 10
24.601317928282693 10
24.69146115737356 10
24.772558227279127 10
24.844475311959172 10
24.907095868467664 10
24.960320858162113 10
25.004068934599886 10
25.038276597763964 10
25.06289831432449 10
25.077906603707255 10
25.083292089805333 10
25.079063518235344 10
25.065247739105686 10
25.041889655329392 10
25.009052136580166 10
24.96681589905527 10
24.91527935127433 10
24.85455840620743 10
24.784786260090293 10
24.70611313834751 10
24.618706009107534 10
24.52274826485481 10
24.418439372824963 10
24.305994494808726 10
24.185644077088174 10
24.057633411285952 10
23.92222216696348 10
23.779683896857843 10
23.630305515699185 10
23.474386753600754 10
23.312239585062144 10
23.14418763467253 10
22.97056556064547 10
22.791718417358428 10
22.60800099811076 10
22.419777159351128 10
22.227419127660752 10
22.031306790811712 10
21.83182697424992 10
21.629372704379808 10
21.424342460053442 10
21.217139413688553 10
21.008170663460426 10
20.79784645802895 10
20.586579415276713 10
20.374783736545474 10
20.16287441786646 10
19.95126645968629 10
19.740374076592687 10
19.530609908544317 10
19.322384235106313 10
19.116104194187265 10
18.91217300676468 10
18.710989209074953 10
18.51294589372926 10
18.318429961200003 10
18.127821383102642 10
17.94149247867539 10
17.759807205833894 10
17.5831204681506 10
17.41177743907783 10
17.24611290470115 10
17.086450626273987 10
16.933102723746988 10
16.786369081465754 10
16.646536777167984 10
16.513879535367227 10
16.38865720616361 10
16.271115270473704 10
16.161484372621345 10
16.059979881179213 10
15.966801478897015 10
15.882132782497017 10
15.806140993060557 10
15.738976577671107 10
15.680772982919855 10
15.63164638081925 10
15.591695447608075 10
15.561001175869187 10
15.53962672031753 10
15.527617277551993 10
15.525 10
15.53178394421866 10
15.547960053650865 10
15.573501175869186 10
15.60836211427474 10
15.652479714152582 10
15.705772982919854 10
15.768143244337772 10
15.839474326393894 10
15.919632782497013 10
16.008468145563675 10
16.105813214512544 10
16.211484372621346 10
16.325281937140367 10
16.446990539496948 10
16.576379535367224 10
16.713203443834644 10
16.857202414799083 10
17.00810272374699 10
17.16561729294065 10
17.32944623803449 10
17.499277439077826 10
17.674787134817254 10
17.855640539167222 10
18.041492478675387 10
18.231988049769306 10
18.426763294533334 10
18.625445893729264 10
18.827655875741605 10
19.03300634009801 10
19.24110419418726 10
19.451550901772976 10
19.663943241877647 10
19.877874076592683 10
20.092933126352953 10
20.30870775119978 10
20.524783736545476 10
20.740746081943385 10
20.95617979136227 10
21.17067066346043 10
21.383806080355214 10
21.595175793386773 10
21.804372704379805 10
22.01099364091658 10
22.214640124145042 10
22.41491912766074 10
22.611443826017798 10
22.803834331444083 10
22.991718417358424 10
23.174732227312134 10
23.35252096800586 10
23.52473958506214 10
23.691053420267423 10
23.851138849032516 10
24.004683896857834 10
24.151388833630147 10
24.290966744619283 10
24.423144077088168 10
24.547661161475396 10
24.664272706158293 10
24.772748264854805 10
24.8728726757742 10
24.964446471680844 10
25.047286260090292 10
25.121225072874097 10
25.186112684607664 10
25.24181589905527 10
25.288218803246828 10
25.325222988662727 10
25.352747739105688 10
25.370730184902012 10
25.379125423138667 10
25.37790660370726 10
25.367064980991156 10
25.346609931097298 10
25.316568934599886 10
25.276987524828783 10
25.227929201801 10
25.16947531195917 10
25.101724893945796 10
25.024794490706896 10
24.938817928282695 10
24.843946061706404 10
24.74034648849472 10
24.62820323027551 10
24.507716383158606 10
24.379101737515192 10
24.242590367889733 10
24.098428193824688 10
23.946875512434417 10
23.788206503617594 10
23.622708708850293 10
23.450682484551685 10
23.272440431062858 10
23.08830679832591 10
22.89861686939426 10
22.703716322947983 10
22.50396057602761 10
22.29971410823714 10
22.091349768703232 10
21.87924806710925 10
21.663796450154052 10
21.445388564812617 10
21.22442350980093 10
21.001305076670096 10
20.776440981973963 10
20.550242091972333 10
20.323121641344965 10
20.095494447404093 10
19.867776121300807 10
19.640382277727063 10
19.41372774461754 10
19.18822577435561 10
18.964287257985184 10
18.742319943923768 10
18.52272766266431 10
18.30590955894153 10
18.092259332824042 10
17.88216449117733 10
17.67600561092187 10
17.474155615489483 10
17.27697906585441 10
17.084831467489252 10
16.89805859456478 10
16.716995832679796 10
16.541967541372564 10
16.373286437626906 10
16.211253001546723 10
16.05615490533 10
15.908266466629447 10
15.767848127340216 10
15.63514595880672 10
15.51039119439057 10
15.393799790289204 10
15.285572015441328 10
15.18589207129958 10
15.094927742194367 10
15.012830076954279 10
14.939733102389022 10
14.87575356918048 10
14.820990730665248 10
14.775526154929972 10
14.739423570577026 10
14.712728746454019 10
14.695469405576201 10
14.687655173405409 10
14.689277560584081 10
14.70030998015711 10
14.720707799248725 10
14.750408425096001 10
14.789331425275162 10
14.83737868189181 10
14.894434579441494 10
14.960366225982984 10
15.03502370720322 10
15.118240372890238 10
15.209833155268665 10
15.309602918591956 10
15.417334839325523 10
15.532798816197431 10
15.655749909335722 10
15.785928807656516 10
15.923062323613266 10
16.066863914365126 10
16.217034228372466 10
16.373261676378913 10
16.535223025693153 10
16.702584016638944 10
16.875 10
17.05211659424638 10
17.23357036129103 10
17.418989499490273 10
17.607994552568943 10
17.800199133120778 10
17.99521065930659 10
18.192631103347907 10
18.3920577503915 10
18.59308396629957 10
18.795299972904825 10
18.998293629253922 10
19.20165121735267 10
19.404958230916794 10
19.607800165627044 10
19.80976330938424 10
20.010435531059816 10
20.209407066240598 10
20.40627129847183 10
20.600625534511316 10
20.792071772119087 10
20.98021745892071 10
21.16467624089985 10
21.345068699095147 10
21.52102307309918 10
21.69217596998196 10
21.85817305728963 10
22.018669738799282 10
22.173331811743033 10
22.321836104250863 10
22.46387109179824 10
22.599137491485372 10
22.727348833016606 10
22.848232005293102 10
22.961527777578294 10
23.066991294243913 10
23.164392542154904 10
23.253516789803335 10
23.3341649973554 10
23.40615419683098 10
23.46931784169189 10
23.523506125173384 10
23.568586266752902 10
23.604442766210692 10
23.63097762479859 10
23.64811053309597 10
23.65577902519521 10
23.653938598923027 10
23.64256280186894 10
23.621643283056933 10
23.591189810161882 10
23.551230252238096 10
23.501810527992568 10
23.442994519701543 10
23.374863952934085 10
23.29751824231162 10
23.211074303596998 10
23.115666332470646 10
23.011445550415004 10
22.898579918190833 10
22.777253817450717 10
22.647667701095905 10
22.51003771304185 10
22.364595278116326 10
22.21158666287069 10
22.051272508140066 10
21.883927334242667 10
21.709839019759443 10
21.529308254886814 10
21.34264797040246 10
21.15018274333155 10
20.952248180444407 10
20.749190280759272 10
20.541364778263578 10
20.329136466104714 10
20.112878503537022 10
19.892971706943772 10
19.669803826284046 10
19.44376880834159 10
19.215266048178044 10
18.98469963021554 10
18.752477560392975 10
18.519010990857865 10
18.284713438669467 10
18.050000000000004 10
17.815286561330563 10
17.580989009142126 10
17.347522439607037 10
17.11530036978447 10
16.884733951821964 10
16.656231191658435 10
16.430196173715963 10
16.20702829305624 10
15.98712149646297 10
15.770863533895279 10
15.558635221736429 10
15.350809719240734 10
15.147751819555614 10
14.94981725666846 10
14.757352029597548 10
14.570691745113178 10
14.390160980240548 10
14.216072665757352 10
14.048727491859937 10
13.888413337129327 10
13.735404721883667 10
13.589962286958155 10
13.452332298904103 10
13.322746182549288 10
13.201420081809179 10
13.088554449584997 10
12.98433366752936 10
12.888925696402998 10
12.802481757688373 10
12.725136047065917 10
12.657005480298459 10
12.598189472007437 10
12.548769747761906 10
12.508810189838119 10
12.478356716943068 10
12.457437198131057 10
12.446061401076975 10
12.444220974804793 10
12.451889466904028 10
12.469022375201412 10
12.495557233789308 10
12.531413733247096 10
12.576493874826614 10
12.630682158308105 10
12.693845803169017 10
12.765835002644598 10
12.846483210196672 10
12.935607457845094 10
13.033008705756085 10
13.1384722224217 10
13.251767994706885 10
13.37265116698339 10
13.500862508514635 10
13.636128908201767 10
13.778163895749143 10
13.92666818825695 10
14.081330261200698 10
14.241826942710365 10
14.407824030018046 10
14.578976926900813 10
14.754931300904843 10
14.935323759100143 10
15.119782541079282 10
15.307928227880902 10
15.499374465488676 10
15.693728701528162 10
15.890592933759393 10
16.089564468940175 10
16.29023669061575 10
16.492199834372933 10
16.695041769083183 10
16.89834878264734 10
17.101706370746086 10
17.304700027095183 10
17.506916033700403 10
17.707942249608475 10
17.907368896652084 10
18.104789340693422 10
18.299800866879217 10
18.49200544743105 10
18.68101050050972 10
18.866429638708965 10
19.047883405753613 10
19.224999999999994 10
19.39741598336105 10
19.56477697430684 10
19.72673832362108 10
19.88296577162753 10
20.033136085634858 10
20.176937676386714 10
20.31407119234349 10
20.444250090664283 10
20.567201183802563 10
20.682665160674464 10
20.79039708140803 10
20.890166844731333 10
20.981759627109767 10
21.06497629279678 10
21.139633774017014 10
21.2055654205585 10
21.262621318108188 10
21.310668574724836 10
21.349591574903997 10
21.379292200751273 10
21.39969001984289 10
21.410722439415917 10
21.41234482659459 10
21.4045305944238 10
21.387271253545983 10
21.360576429422974 10
21.324473845070024 10
21.279009269334757 10
21.224246430819527 10
21.160266897610985 10
21.08716992304572 10
21.00507225780563 10
20.914107928700425 10
20.814427984558677 10
20.7062002097108 10
20.589608805609434 10
20.464854041193284 10
20.33215187265979 10
20.19173353337056 10
20.043845094670004 10
19.888746998453282 10
19.726713562373103 10
19.558032458627455 10
19.383004167320223 10
19.201941405435214 10
19.015168532510742 10
18.8230209341456 10
18.62584438451054 10
18.423994389078153 10
18.217835508822677 10
18.007740667175952 10
17.79409044105848 10
17.5772723373357 10
17.35768005607624 10
17.135712742014814 10
16.91177422564439 10
16.68627225538248 10
16.459617722272956 10
16.2322238786992 10
16.004505552595916 10
15.776878358655042 10
15.549757908027685 10
15.323559018026057 10
15.098694923329903 10
14.875576490199062 10
14.654611435187391 10
14.436203549845972 10
14.220751932890778 10
14.008650231296766 10
13.800285891762861 10
13.5960394239724 10
13.396283677052024 10
13.201383130605748 10
13.01169320167409 10
12.827559568937142 10
12.649317515448331 10
12.477291291149719 10
12.31179349638241 10
12.15312448756559 10
12.001571806175317 10
11.85740963211028 10
11.720898262484816 10
11.592283616841394 10
11.471796769724488 10
11.359653511505286 10
11.256053938293611 10
11.161182071717317 10
11.075205509293102 10
10.998275106054205 10
10.93052468804083 10
10.872070798199005 10
10.823012475171218 10
10.783431065400114 10
10.753390068902704 10
10.732935019008846 10
10.722093396292742 10
10.720874576861334 10
10.729269815097988 10
10.747252260894314 10
10.774777011337271 10
10.811781196753167 10
10.858184100944733 10
10.913887315392337 10
10.978774927125901 10
11.052713739909699 10
11.135553528319146 10
11.227127324225801 10
11.327251735145195 10
11.435727293841705 10
11.5523388385246 10
11.676855922911829 10
11.809033255380717 10
11.948611166369853 10
12.095316103142153 10
12.248861150967475 10
12.408946579732573 10
12.575260414937855 10
12.747479031994127 10
12.925267772687853 10
13.10828158264156 10
13.296165668555918 10
13.48855617398221 10
13.685080872339253 10
13.885359875854935 10
14.089006359083394 10
14.295627295620196 10
14.504824206613229 10
14.716193919644777 10
14.92932933653956 10
15.143820208637722 10
15.359253918056616 10
15.575216263454523 10
15.791292248800202 10
16.007066873647027 10
16.222125923407308 10
16.436056758122348 10
16.648449098227008 10
16.858895805812722 10
17.066993659901975 10
17.272344124258396 10
17.474554106270745 10
17.673236705466667 10
17.868011950230674 10
18.058507521324593 10
18.244359460832776 10
18.425212865182736 10
18.60072256092217 10
18.77055376196551 10
18.934382707059363 10
19.09189727625302 10
19.242797585200922 10
19.386796556165336 10
19.523620464632753 10
19.653009460503053 10
19.774718062859627 10
19.888515627378645 10
19.994186785487447 10
20.09153185443631 10
20.180367217502987 10
20.26052567360611 10
20.33185675566223 10
20.394227017080144 10
20.447520285847414 10
20.491637885725254 10
20.52649882413081 10
20.552039946349133 10
20.56821605578134 10
20.575 10
20.57238272244801 10
20.56037327968247 10
20.538998824130815 10
20.508304552391927 10
20.468353619180746 10
20.419227017080143 10
20.36102342232889 10
20.293859006939442 10
20.217867217502985 10
20.13319852110299 10
20.040020118820795 10
19.938515627378663 10
19.828884729526308 10
19.711342793836383 10
19.58612046463277 10
19.45346322283202 10
19.31363091853425 10
19.166897276253017 10
19.013549373726 10
18.853887095298834 10
18.688222560922163 10
18.51687953184943 10
18.340192794166136 10
18.15850752132462 10
17.972178616897367 10
17.781570038800012 10
17.587054106270756 10
17.389010790925074 10
17.18782699323532 10
16.983895805812736 10
16.777615764893685 10
16.56939009145569 10
16.35962592340732 10
16.148733540313724 10
15.937125582133566 10
15.725216263454554 10
15.513420584723313 10
15.302153541971052 10
15.091829336539572 10
14.882860586311455 10
14.675657539946574 10
14.470627295620208 10
14.268173025750071 10
14.068693209188279 10
13.872580872339249 10
13.680222840648872 10
13.491999001889248 10
13.308281582641586 10
13.129434439354545 10
12.955812365327485 10
12.787760414937878 10
12.625613246399237 10
12.469694484300817 10
12.320316103142162 10
12.177777833036528 10
12.042366588714058 10
11.914355922911815 10
11.794005505191263 10
11.681560627175033 10
11.577251735145209 10
11.48129399089248 10
11.393886861652494 10
11.315213739909709 10
11.245441593792572 10
11.184720648725676 10
11.133184100944735 10
11.090947863419835 10
11.058110344670606 10
11.034752260894315 10
11.020936481764654 10
11.016707910194668 10
11.022093396292743 10
11.03710168567551 10
11.061723402236034 10
11.095931065400109 10
11.139679141837888 10
11.192904131532334 10
11.255524688040826 10
11.327441772720867 10
11.408538842626431 10
11.49868207171731 10
11.597720604960271 10
11.705486844838621 10
11.82179676972449 10
11.946450283508064 10
12.07923159581813 10
12.21990963211026 10
12.368238472841963 10
12.5239578208989 10
12.686793496382414 10
12.856457957816376 10
13.032650848781653 10
13.21505956893713 10
13.403359868340745 10
13.5972164639391 10
13.796283677052028 10
14.00020609063907 10
14.208619225096164 10
14.421150231296735 10
14.637418599557417 10
14.857036883179276 10
15.079611435187378 10
15.304743156865715 10
15.53202825666326 10
15.761059018026042 10
15.991424574694339 10
16.222711691988362 10
16.454505552595904 10
16.686390545365857 10
16.91795105560626 10
17.148772255382447 10
17.378440892311026 10
17.606546075348117 10
17.832680056076246 10
18.056439004002353 10
18.2774237743918 10
18.49524066717594 10
18.709502175489334 10
18.919827722411476 10
19.12584438451053 10
19.327187600812266 10
19.523501865844075 10
19.714441405435217 10
19.899670833986868 10
20.078865791960766 10
20.25171356237308 10
20.41791366511993 10
20.577178428003343 10
20.72923353337055 10
20.87381853932645 10
21.010687374526608 10
21.139608805609427 10
21.260366876377468 10
21.372761317892014 10
21.476607928700425 10
21.571738924472285 10
21.658003256379047 10
21.735266897610977 10
21.803413097486185 10
21.862342602668086 10
21.911973845070023 10
21.952243096089642 10
21.983104586879314 10
22.004530594423798 10
22.016511493261255 10
22.01905577274925 10
22.012190019842894 10
21.995958867417944 10
21.970424908237337 10
21.935668574724843 10
21.89178798477486 10
21.83889875389184 10
21.777133774017017 10
21.706642959463448 10
21.627592960443103 10
21.540166844731335 10
21.444563748074703 10
21.340998494007803 10
21.22970118380256 10
21.110916757330948 10
20.98490452567682 10
20.851937676386736 10
20.712302752301547 10
20.566299104960883 10
20.414238323621102 10
20.256443640973504 10
20.093249316694394 10
19.925000000000004 10
19.75205007242029 10
19.574762972042308 10
19.393510500509713 10
19.20867211409771 10
19.020634200212545 10
18.82978934069345 10
18.63653556331878 10
18.441275582941834 10
18.244416033700432 10
18.04636669376186 10
17.84753970407943 10
17.648348782647314 10
17.44920843574986 10
17.250533167706276 10
17.05273669061576 10
16.856231135606855 10
16.66142626709274 10
16.46872870152819 10
16.27854113215537 10
16.091261561214264 10
15.90728254107931 10
15.726990425766822 10
15.550764634238188 10
15.378976926900824 10
15.211990696684722 10
15.05016027604368 10
14.893830261200707 10
14.743334854923626 10
14.598997229082471 10
14.461128908201763 10
14.330029175181298 10
14.205984500316733 10
14.0892679947069 10
13.980138889088384 10
13.878842039089431 10
13.785607457845092 10
13.700649876863334 10
13.624168335977936 10
13.55634580316902 10
13.49734882497478 10
13.447327208159944 10
13.406413733247094 10
13.37472390045597 10
13.35235570853475 10
13.339389466904029 10
13.33588764147146 10
13.341894734410307 10
13.357437198131056 10
13.382523383609733 10
13.417143523171454 10
13.461269747761907 10
13.5148561386741 10
13.577838813631788 10
13.65013604706591 10
13.731648424355035 10
13.822259029736328 10
13.921833667529345 10
14.03022111625165 10
14.147253415142487 10
14.272746182549282 10
14.406498965570758 10
14.54829562029148 10
14.69790472188366 10
14.855080003795997 10
15.019560825193276 10
15.191072665757341 10
15.369327646907218 10
15.554025078446514 10
15.744852029597538 10
15.941483923335117 10
16.14358515288892 10
16.350809719240704 10
16.56280188840307 10
16.779196867228617 10
16.999621496462975 10
17.22369495972289 10
17.45102950704928 10
17.6812311916584 10
17.913900618488636 10
18.148633703117806 10
18.38502243960704 10
18.622655675808762 10
18.861119894663883 10
19.09999999999999 10
19.338880105336102 10
19.57734432419118 10
19.81497756039294 10
20.05136629688221 10
20.286099381511384 10
20.518768808341576 10
20.7489704929507 10
20.97630504027709 10
21.20037850353701 10
21.42080313277137 10
21.637198111596884 10
21.849190280759245 10
22.056414847111032 10
22.25851607666487 10
22.45514797040245 10
22.645974921553467 10
22.830672353092766 10
23.00892733424267 10
23.180439174806736 10
23.344919996204013 10
23.50209527811633 10
23.65170437970851 10
23.79350103442923 10
23.92725381745071 10
24.052746584857488 10
24.169778883748325 10
24.27816633247063 10
24.377740970263666 10
24.46835157564496 10
24.549863952934082 10
24.622161186368203 10
24.685143861325905 10
24.738730252238096 10
24.78285647682855 10
24.817476616390262 10
24.842562801868944 10
24.858105265589693 10
24.864112358528544 10
24.860610533095972 10
24.847644291465258 10
24.825276099544027 10
24.793586266752904 10
24.752672791840048 10
24.702651175025224 10
24.643654196830983 10
24.57583166402207 10
24.499350123136672 10
24.414392542154914 10
24.321157960910593 10
24.219861110911644 10
24.11073200529311 10
23.99401549968328 10
23.86997082481871 10
23.73887109179825 10
23.60100277091754 10
23.45666514507636 10
23.306169738799277 10
23.149839723956305 10
22.988009303315287 10
22.821023073099187 10
22.649235365761825 10
22.473009574233195 10
22.292717458920734 10
22.108738438785785 10
21.921458867844677 10
21.731271298471825 10
21.538573732907274 10
21.343768864393162 10
21.147263309384254 10
20.949466832293705 10
20.75079156425012 10
20.551651217352664 10
20.352460295920583 10
20.153633306238188 10
19.955583966299585 10
19.75872441705818 10
19.56346443668127 10
19.3702106593066 10
19.17936579978747 10
18.991327885902272 10
18.80648949949027 10
18.625237027957706 10
18.447949927579725 10
18.27500000000001 10
18.10675068330562 10
17.94355635902651 10
17.785761676378936 10
17.63370089503915 10
17.487697247698467 10
17.348062323613274 10
17.215095474323192 10
17.089083242669062 10
16.97029881619745 10
16.859001505992186 10
16.755436251925286 10
16.65983315526867 10
16.572407039556904 10
16.493357040536555 10
16.422866225982986 10
16.361101246108166 10
16.308212015225152 10
16.264331425275167 10
16.229575091762673 10
16.20404113258206 10
16.187809980157112 10
16.180944227250745 10
16.18348850673874 10
16.1954694055762 10
16.21689541312068 10
16.247756903910357 10
16.288026154929973 10
16.337657397331903 10
16.39658690251381 10
16.464733102389008 10
16.541996743620935 10
16.628261075527707 10
16.723392071299568 10
16.827238682107996 10
16.93963312362252 10
17.06039119439056 10
17.1893126254734 10
17.326181460673542 10
17.47076646662944 10
17.622821571996646 10
17.782086334880034 10
17.94828643762691 10
18.121134208039194 10
18.30032916601312 10
18.485558594564736 10
18.676498134155906 10
18.872812399187744 10
19.074155615489456 10
19.28017227758854 10
19.49049782451065 10
19.704759332824043 10
19.922576225608186 10
20.143560995997625 10
20.36731994392374 10
20.593453924651865 10
20.821559107688923 10
21.051227744617535 10
21.282048944393686 10
21.513609454634125 10
21.745494447404116 10
21.977288308011616 10
22.208575425305682 10
22.438940981973936 10
22.66797174333676 10
22.895256843134266 10
23.120388564812572 10
23.342963116820705 10
23.562581400442532 10
23.77884976870321 10
23.99138077490382 10
24.199793909360913 10
24.40371632294799 10
24.602783536060883 10
24.796640131659238 10
24.98494043106288 10
25.167349151218332 10
25.34354204218361 10
25.513206503617575 10
25.676042179101064 10
25.831761527158026 10
25.98009036788971 10
26.12076840418186 10
26.253549716491907 10
26.3782032302755 10
26.494513155161385 10
26.60227939503972 10
26.7013179282827 10
26.79146115737356 10
26.87255822727913 10
26.944475311959167 10
27.007095868467662 10
27.060320858162108 10
27.104068934599887 10
27.138276597763962 10
27.162898314324487 10
27.177906603707257 10
27.18329208980533 10
27.179063518235342 10
27.165247739105688 10
27.14188965532939 10
27.109052136580168 10
27.066815899055268 10
27.01527935127433 10
26.954558406207443 10
26.884786260090298 10
26.806113138347527 10
26.718706009107542 10
26.6227482648548 10
26.518439372824975 10
26.405994494808724 10
26.285644077088193 10
26.15763341128595 10
26.02222216696346 10
25.87968389685785 10
25.730305515699197 10
25.574386753600777 10
25.412239585062164 10
25.244187634672528 10
25.0705655606455 10
24.891718417358426 10
24.708000998110737 10
24.519777159351143 10
24.327419127660733 10
24.131306790811735 10
23.931826974249912 10
23.72937270437981 10
23.52434246005344 10
23.31713941368856 10
23.108170663460445 10
22.897846458028965 10
22.686579415276704 10
22.474783736545497 10
22.26287441786645 10
22.051266459686325 10
21.840374076592695 10
21.63060990854429 10
21.42238423510633 10
21.216104194187245 10
21.012173006764694 10
20.81098920907494 10
20.612945893729258 10
20.418429961200037 10
20.227821383102647 10
20.04149247867543 10
19.859807205833906 10
19.683120468150584 10
19.51177743907785 10
19.34611290470115 10
19.18645062627401 10
19.033102723746993 10
18.886369081465734 10
18.74653677716799 10
18.61387953536724 10
18.488657206163627 10
18.37111527047372 10
18.261484372621346 10
18.15997988117923 10
18.066801478897016 10
17.982132782497008 10
17.906140993060564 10
17.8389765776711 10
17.78077298291986 10
17.73164638081925 10
17.691695447608076 10
17.66100117586919 10
17.63962672031753 10
17.62761727755199 10
17.625 10
17.63178394421866 10
17.647960053650863 10
17.673501175869188 10
17.708362114274735 10
17.75247971415258 10
17.80577298291986 10
17.868143244337766 10
17.939474326393896 10
18.019632782497006 10
18.10846814556368 10
18.205813214512546 10
18.311484372621326 10
18.425281937140365 10
18.546990539496917 10
18.676379535367214 10
18.813203443834656 10
18.957202414799067 10
19.108102723746992 10
19.265617292940625 10
19.42944623803448 10
19.599277439077845 10
19.77478713481725 10
19.955640539167206 10
20.141492478675396 10
20.33198804976928 10
20.526763294533332 10
20.725445893729223 10
20.927655875741607 10
21.133006340098028 10
21.341104194187245 10
21.551550901772995 10
21.76394324187762 10
21.97787407659269 10
22.192933126352955 10
22.40870775119978 10
22.62478373654546 10
22.84074608194337 10
23.05617979136226 10
23.270670663460443 10
23.48380608035519 10
23.69517579338677 10
23.90437270437977 10
24.110993640916575 10
24.31464012414507 10
24.514919127660733 10
24.711443826017806 10
24.903834331444067 10
25.091718417358425 10
25.274732227312132 10
25.45252096800583 10
25.62473958506213 10
25.79105342026739 10
25.951138849032503 10
26.10468389685785 10
26.251388833630124 10
26.390966744619284 10
26.52314407708815 10
26.64766116147539 10
26.764272706158287 10
26.8727482648548 10
26.97287267577419 10
27.064446471680846 10
27.147286260090283 10
27.2212250728741 10
27.28611268460765 10
27.34181589905527 10
27.388218803246833 10
27.425222988662725 10
27.452747739105686 10
27.47073018490201 10
27.479125423138665 10
27.477906603707257 10
27.467064980991157 10
27.4466099310973 10
27.416568934599887 10
27.376987524828785 10
27.327929201801 10
27.26947531195918 10
27.201724893945794 10
27.124794490706908 10
27.038817928282697 10
26.94394606170639 10
26.840346488494724 10
26.728203230275504 10
26.607716383158618 10
26.479101737515194 10
26.34259036788973 10
26.198428193824718 10
26.046875512434422 10
25.888206503617628 10
25.722708708850305 10
25.55068248455167 10
25.37244043106289 10
25.18830679832591 10
24.998616869394283 10
24.80371632294799 10
24.603960576027617 10
24.399714108237156 10
24.19134976870325 10
23.97924806710924 10
23.763796450154082 10
23.54538856481261 10
23.324423509800972 10
23.101305076670094 10
22.876440981973943 10
22.650242091972352 10
22.423121641344956 10
22.19549444740412 10
21.967776121300798 10
21.74038227772706 10
21.51372774461754 10
21.288225774355627 10
21.064287257985207 10
20.842319943923776 10
20.622727662664296 10
20.405909558941556 10
20.19225933282405 10
19.982164491177357 10
19.776005610921878 10
19.57415561548946 10
19.37697906585442 10
19.184831467489246 10
18.9980585945648 10
18.81699583267979 10
18.64196754137256 10
18.47328643762694 10
18.311253001546728 10
18.15615490533003 10
18.00826646662946 10
17.86784812734021 10
17.735145958806736 10
17.610391194390566 10
17.49379979028919 10
17.385572015441333 10
17.285892071299582 10
17.194927742194377 10
17.112830076954282 10
17.03973310238902 10
16.975753569180487 10
16.920990730665245 10
16.87552615492998 10
16.839423570577026 10
16.812728746454017 10
16.795469405576203 10
16.78765517340541 10
16.789277560584082 10
16.80030998015711 10
16.820707799248723 10
16.850408425096 10
16.88933142527516 10
16.93737868189181 10
16.994434579441485 10
17.060366225982982 10
17.13502370720321 10
17.218240372890236 10
17.309833155268656 10
17.40960291859195 10
17.51733483932554 10
17.63279881619743 10
17.755749909335726 10
17.885928807656498 10
18.023062323613274 10
18.16686391436513 10
18.31703422837243 10
18.473261676378904 10
18.635223025693115 10
18.802584016638924 10
18.975000000000005 10
19.15211659424636 10
19.333570361291038 10
19.518989499490296 10
19.707994552568938 10
19.900199133120765 10
20.095210659306563 10
20.292631103347897 10
20.49205775039151 10
20.693083966299547 10
20.89529997290482 10
21.09829362925388 10
21.301651217352664 10
21.504958230916817 10
21.707800165627035 10
21.909763309384253 10
22.110435531059792 10
22.309407066240606 10
22.506271298471816 10
22.70062553451131 10
22.89207177211908 10
23.080217458920703 10
23.264676240899824 10
23.44506869909516 10
23.62102307309916 10
23.792175969981955 10
23.958173057289606 10
24.118669738799277 10
24.27333181174305 10
24.421836104250847 10
24.563871091798244 10
24.69913749148536 10
24.82734883301661 10
24.948232005293107 10
25.06152777757827 10
25.166991294243907 10
25.264392542154884 10
25.353516789803322 10
25.434164997355403 10
25.506154196830977 10
25.56931784169189 10
25.623506125173392 10
25.668586266752904 10
25.7044427662107 10
25.73097762479859 10
25.74811053309597 10
25.75577902519521 10
25.75393859892302 10
25.742562801868942 10
25.721643283056935 10
25.69118981016188 10
25.651230252238093 10
25.60181052799258 10
25.542994519701548 10
25.474863952934104 10
25.397518242311634 10
25.311074303597003 10
25.21566633247066 10
25.11144555041501 10
24.998579918190856 10
24.877253817450732 10
24.7476677010959 10
24.610037713041866 10
24.46459527811633 10
24.311586662870713 10
24.151272508140075 10
23.983927334242647 10
23.809839019759465 10
23.62930825488681 10
23.442647970402483 10
23.25018274333154 10
23.052248180444366 10
22.849190280759284 10
22.641364778263554 10
22.429136466104737 10
22.212878503537013 10
21.9929717069438 10
21.76980382628404 10
21.543768808341618 10
21.31526604817805 10
21.08469963021559 10
20.85247756039298 10
20.61901099085793 10
20.384713438669472 10
20.149999999999995 10
19.91528656133059 10
19.680989009142134 10
19.44752243960708 10
19.21530036978448 10
18.984733951821937 10
18.756231191658443 10
18.53019617371595 10
18.307028293056263 10
18.08712149646298 10
17.870863533895253 10
17.65863522173644 10
17.450809719240713 10
17.247751819555628 10
17.049817256668454 10
16.85735202959751 10
16.670691745113185 10
16.49016098024058 10
16.31607266575735 10
16.14872749185997 10
15.98841333712933 10
15.835404721883709 10
15.68996228695817 10
15.552332298904137 10
15.4227461825493 10
15.301420081809173 10
15.18855444958502 10
15.084333667529362 10
14.988925696402992 10
14.902481757688385 10
14.825136047065914 10
14.757005480298467 10
14.698189472007432 10
14.648769747761904 10
14.608810189838122 10
14.578356716943068 10
14.557437198131058 10
14.54606140107698 10
14.544220974804794 10
14.551889466904031 10
14.569022375201415 10
14.595557233789311 10
14.631413733247104 10
14.67649387482661 10
14.73068215830809 10
14.79384580316901 10
14.865835002644575 10
14.946483210196652 10
15.035607457845089 10
15.133008705756065 10
15.238472222421697 10
15.35176799470686 10
15.472651166983374 10
15.60086250851463 10
15.736128908201739 10
15.878163895749136 10
16.02666818825693 10
16.181330261200703 10
16.341826942710373 10
16.50782403001803 10
16.67897692690082 10
16.854931300904823 10
17.035323759100155 10
17.219782541079308 10
17.407928227880895 10
17.5993744654887 10
17.793728701528153 10
17.990592933759405 10
18.189564468940148 10
18.390236690615758 10
18.592199834372906 10
18.795041769083188 10
18.998348782647277 10
19.20170637074606 10
19.404700027095124 10
19.606916033700397 10
19.807942249608498 10
20.007368896652043 10
20.204789340693413 10
20.399800866879175 10
20.592005447431042 10
20.78101050050974 10
20.966429638708945 10
21.14788340575362 10
21.324999999999974 10
21.49741598336106 10
21.664776974306864 10
21.826738323621075 10
21.982965771627548 10
22.133136085634852 10
22.276937676386737 10
22.414071192343506 10
22.544250090664278 10
22.667201183802536 10
22.78266516067447 10
22.890397081408018 10
22.990166844731316 10
23.08175962710974 10
23.16497629279677 10
23.239633774017015 10
23.305565420558494 10
23.362621318108182 10
23.410668574724824 10
23.449591574903998 10
23.479292200751274 10
23.499690019842888 10
23.51072243941592 10
23.512344826594592 10
23.504530594423798 10
23.487271253545977 10
23.460576429422975 10
23.424473845070025 10
23.379009269334762 10
23.32424643081952 10
23.260266897610965 10
23.18716992304573 10
23.105072257805624 10
23.014107928700426 10
22.914427984558664 10
22.806200209710802 10
22.689608805609467 10
22.564854041193296 10
22.432151872659826 10
22.291733533370575 10
22.14384509467001 10
21.988746998453315 10
21.826713562373108 10
21.658032458627492 10
21.48300416732023 10
21.30194140543522 10
21.115168532510776 10
20.923020934145608 10
20.725844384510566 10
20.523994389078144 10
20.317835508822668 10
20.107740667175978 10
19.89409044105847 10
19.67727233733566 10
19.45768005607625 10
19.23571274201479 10
19.0117742256444 10
18.786272255382453 10
18.55961772227296 10
18.332223878699192 10
18.104505552595942 10
17.876878358655034 10
17.64975790802771 10
17.423559018026047 10
17.198694923329967 10
16.97557649019909 10
16.75461143518745 10
16.53620354984598 10
16.32075193289075 10
16.108650231296807 10
15.900285891762866 10
15.69603942397244 10
15.496283677052032 10
15.301383130605739 10
15.111693201674111 10
14.927559568937133 10
14.749317515448352 10
14.577291291149713 10
14.41179349638239 10
14.253124487565595 10
14.1015718061753 10
13.957409632110286 10
13.8208982624848 10
13.692283616841378 10
13.571796769724495 10
13.459653511505305 10
13.356053938293606 10
13.261182071717325 10
13.175205509293114 10
13.098275106054224 10
13.030524688040838 10
12.972070798198999 10
12.923012475171229 10
12.883431065400114 10
12.853390068902709 10
12.832935019008845 10
12.822093396292743 10
12.820874576861334 10
12.82926981509799 10
12.847252260894312 10
12.874777011337274 10
12.911781196753175 10
12.958184100944726 10
13.01388731539234 10
13.078774927125894 10
13.152713739909709 10
13.235553528319173 10
13.327127324225795 10
13.427251735145209 10
13.535727293841699 10
13.652338838524615 10
13.776855922911812 10
13.909033255380677 10
14.048611166369835 10
14.19531610314211 10
14.348861150967453 10
14.508946579732566 10
14.67526041493782 10
14.84747903199412 10
15.025267772687817 10
15.208281582641552 10
15.396165668555911 10
15.588556173982171 10
15.785080872339245 10
15.985359875854975 10
16.189006359083404 10
16.395627295620205 10
16.604824206613205 10
16.816193919644785 10
17.029329336539604 10
17.243820208637715 10
17.459253918056643 10
17.675216263454516 10
17.89129224880023 10
18.10706687364702 10
18.32212592340732 10
18.53605675812232 10
18.748449098227017 10
18.9588958058127 10
19.166993659901983 10
19.372344124258337 10
19.57455410627072 10
19.773236705466612 10
19.968011950230665 10
20.158507521324616 10
20.34435946083274 10
20.52521286518273 10
20.70072256092213 10
20.8705537619655 10
21.034382707059358 10
21.19189727625299 10
21.342797585200916 10
21.48679655616533 10
21.623620464632772 10
21.75300946050307 10
21.87471806285962 10
21.98851562737866 10
22.094186785487445 10
22.19153185443632 10
22.280367217503 10
22.360525673606105 10
22.431856755662217 10
22.494227017080142 10
22.547520285847405 10
22.591637885725255 10
22.626498824130806 10
22.652039946349134 10
22.668216055781343 10
22.675 10
22.672382722448006 10
22.660373279682474 10
22.638998824130816 10
22.60830455239192 10
22.568353619180755 10
22.519227017080144 10
22.461023422328907 10
22.393859006939444 10
22.317867217502975 10
22.233198521102995 10
22.140020118820782 10
22.03851562737867 10
21.928884729526295 10
21.811342793836367 10
21.68612046463278 10
21.553463222832 10
21.41363091853426 10
21.266897276252998 10
21.113549373726034 10
20.953887095298896 10
20.7882225609222 10
20.616879531849467 10
20.440192794166144 10
20.258507521324624 10
20.072178616897403 10
19.881570038800017 10
19.687054106270732 10
19.489010790925082 10
19.287826993235328 10
19.083895805812777 10
18.877615764893694 10
18.669390091455664 10
18.45962592340733 10
18.248733540313697 10
18.037125582133573 10
17.825216263454525 10
17.61342058472325 10
17.40215354197106 10
17.191829336539545 10
16.982860586311464 10
16.77565753994655 10
16.570627295620216 10
16.368173025750078 10
16.16869320918832 10
15.972580872339256 10
15.780222840648912 10
15.591999001889254 10
15.408281582641624 10
15.229434439354552 10
15.055812365327519 10
14.887760414937883 10
14.725613246399243 10
14.569694484300847 10
14.420316103142166 10
14.277777833036556 10
14.142366588714063 10
14.014355922911822 10
13.894005505191288 10
13.781560627175036 10
13.677251735145212 10
13.581293990892467 10
13.49388686165248 10
13.41521373990971 10
13.345441593792563 10
13.284720648725656 10
13.23318410094473 10
13.19094786341983 10
13.158110344670606 10
13.13475226089432 10
13.120936481764657 10
13.11670791019467 10
13.122093396292742 10
13.137101685675507 10
13.161723402236033 10
13.195931065400112 10
13.239679141837879 10
13.292904131532332 10
13.355524688040814 10
13.427441772720865 10
13.508538842626441 10
13.598682071717292 10
13.697720604960267 10
13.8054868448386 10
13.921796769724484 10
14.046450283508078 10
14.179231595818123 10
14.319909632110278 10
14.468238472841955 10
14.62395782089892 10
14.786793496382433 10
14.956457957816369 10
15.132650848781672 10
15.315059568937123 10
15.503359868340768 10
15.697216463939064 10
15.896283677051954 10
16.10020609063903 10
16.308619225096123 10
16.52115023129673 10
16.737418599557405 10
16.95703688317923 10
17.17961143518737 10
17.404743156865745 10
17.63202825666321 10
17.861059018026033 10
18.091424574694294 10
18.322711691988353 10
18.55450555259593 10
18.786390545365848 10
19.017951055606286 10
19.248772255382438 10
19.47844089231105 10
19.70654607534818 10
19.932680056076236 10
20.15643900400238 10
20.37742377439179 10
20.59524066717596 10
20.809502175489328 10
21.019827722411467 10
21.225844384510488 10
21.42718760081226 10
21.62350186584404 10
21.81444140543521 10
21.999670833986833 10
22.17886579196076 10
22.351713562373046 10
22.517913665119924 10
22.677178428003337 10
22.82923353337052 10
22.973818539326444 10
23.110687374526584 10
23.23960880560942 10
23.360366876377462 10
23.47276131789199 10
23.576607928700422 10
23.671738924472308 10
23.758003256379055 10
23.835266897610982 10
23.903413097486183 10
23.96234260266809 10
24.01197384507003 10
24.05224309608964 10
24.083104586879315 10
24.1045305944238 10
24.116511493261257 10
24.119055772749256 10
24.1121900198429 10
24.09595886741795 10
24.070424908237342 10
24.035668574724845 10
23.991787984774856 10
23.938898753891852 10
23.877133774017018 10
23.806642959463463 10
23.727592960443108 10
23.640166844731326 10
23.54456374807473 10
23.440998494007808 10
23.329701183802584 10
23.210916757330953 10
23.084904525676798 10
22.95193767638674 10
22.812302752301527 10
22.666299104960892 10
22.514238323621083 10
22.35644364097348 10
22.1932493166944 10
22.02499999999998 10
21.852050072420294 10
21.67476297204228 10
21.493510500509757 10
21.30867211409778 10
21.120634200212585 10
20.929789340693425 10
20.73653556331879 10
20.541275582941847 10
20.344416033700476 10
20.14636669376187 10
19.947539704079407 10
19.74834878264736 10
19.54920843574987 10
19.350533167706317 10
19.152736690615768 10
18.95623113560683 10
18.761426267092748 10
18.568728701528162 10
18.378541132155377 10
18.19126156121424 10
18.007282541079256 10
17.826990425766823 10
17.650764634238165 10
17.478976926900827 10
17.311990696684703 10
17.150160276043714 10
16.99383026120071 10
16.843334854923658 10
16.698997229082476 10
16.56112890820179 10
16.430029175181303 10
16.305984500316757 10
16.189267994706906 10
16.08013888908841 10
15.978842039089436 10
15.885607457845097 10
15.800649876863353 10
15.724168335977936 10
15.656345803169033 10
15.597348824974782 10
15.547327208159949 10
15.506413733247104 10
15.474723900455972 10
15.452355708534741 10
15.439389466904029 10
15.43588764147146 10
15.441894734410305 10
15.457437198131055 10
15.48252338360974 10
15.517143523171452 10
15.561269747761909 10
15.614856138674096 10
15.67783881363178 10
15.750136047065913 10
15.831648424355018 10
15.922259029736324 10
16.02183366752933 10
16.130221116251647 10
16.2472534151425 10
16.372746182549257 10
16.506498965570756 10
16.648295620291453 10
16.79790472188365 10
16.95508000379599 10
17.119560825193243 10
17.291072665757337 10
17.469327646907182 10
17.65402507844651 10
17.84485202959756 10
18.041483923335107 10
18.24358515288894 10
18.450809719240695 10
18.66280188840309 10
18.879196867228643 10
19.09962149646296 10
19.323694959722914 10
19.551029507049275 10
19.781231191658428 10
20.013900618488588 10
20.248633703117722 10
20.485022439606997 10
20.72265567580879 10
20.961119894663838 10
21.19999999999998 10
21.438880105336054 10
21.677344324191175 10
21.914977560392966 10
22.151366296882166 10
22.386099381511375 10
22.618768808341535 10
22.848970492950695 10
23.076305040277116 10
23.300378503536997 10
23.520803132771395 10
23.737198111596875 10
23.949190280759268 10
24.156414847111087 10
24.35851607666486 10
24.555147970402473 10
24.745974921553458 10
24.93067235309279 10
25.10892733424264 10
25.28043917480673 10
25.444919996203986 10
25.602095278116323 10
25.751704379708485 10
25.893501034429228 10
26.02725381745068 10
26.152746584857482 10
26.2697788837483 10
26.378166332470627 10
26.47774097026366 10
26.56835157564494 10
26.64986395293408 10
26.722161186368215 10
26.785143861325892 10
26.838730252238093 10
26.882856476828543 10
26.917476616390264 10
26.942562801868938 10
26.95810526558969 10
26.96411235852854 10
26.960610533095974 10
26.947644291465252 10
26.925276099544014 10
26.8935862667529 10
26.852672791840064 10
26.802651175025225 10
26.743654196831002 10
26.675831664022073 10
26.59935012313669 10
26.514392542154916 10
26.421157960910612 10
26.31986111091165 10
26.210732005293117 10
26.09401549968331 10
25.969970824818716 10
25.838871091798275 10
25.701002770917547 10
25.556665145076366 10
25.406169738799306 10
25.249839723956313 10
25.088009303315324 10
24.921023073099196 10
24.749235365761802 10
24.573009574233197 10
24.392717458920714 10
24.20873843878573 10
24.02145886784465 10
23.831271298471798 10
23.638573732907282 10
23.443768864393135 10
23.247263309384262 10
23.04946683229371 10
22.850791564250166 10
22.651651217352743 10
22.452460295920623 10
22.253633306238164 10
22.055583966299626 10
21.85872441705819 10
21.663464436681306 10
21.47021065930661 10
21.27936579978745 10
21.09132788590231 10
20.906489499490274 10
20.725237027957743 10
20.547949927579733 10
20.37499999999999 10
20.20675068330563 10
20.043556359026486 10
19.88576167637894 10
19.733700895039135 10
19.587697247698443 10
19.44806232361328 10
19.315095474323172 10
19.189083242669067 10
19.070298816197433 10
18.95900150599221 10
18.855436251925287 10
18.759833155268694 10
18.672407039556905 10
18.593357040536574 10
18.52286622598299 10
18.46110124610818 10
18.408212015225157 10
18.36433142527516 10
18.329575091762674 10
18.30404113258206 10
18.287809980157114 10
18.280944227250746 10
18.283488506738742 10
18.2954694055762 10
18.316895413120687 10
18.34775690391035 10
18.38802615492997 10
18.437657397331918 10
18.496586902513805 10
18.564733102389024 10
18.64199674362093 10
18.728261075527705 10
18.823392071299594 10
18.92723868210799 10
19.03963312362252 10
19.160391194390556 10
19.289312625473357 10
19.426181460673536 10
19.570766466629408 10
19.72282157199664 10
19.882086334880004 10
20.048286437626874 10
20.221134208039214 10
20.400329166013087 10
20.585558594564763 10
20.776498134155872 10
20.972812399187706 10
21.174155615489482 10
21.3801722775885 10
21.590497824510642 10
21.804759332824002 10
22.022576225608177 10
22.243560995997655 10
22.46731994392373 10
22.693453924651855 10
22.921559107688985 10
23.151227744617525 10
23.382048944393752 10
23.613609454634116 10
23.845494447404107 10
24.07728830801161 10
24.30857542530567 10
24.53894098197393 10
24.76797174333668 10
24.99525684313422 10
25.2203885648126 10
25.442963116820664 10
25.662581400442562 10
25.87884976870317 10
26.09138077490378 10
26.299793909360936 10
26.503716322947948 10
26.70278353606091 10
26.896640131659204 10
27.084940431062847 10
27.267349151218355 10
27.4435420421836 10
27.61320650361759 10
27.776042179101054 10
27.93176152715802 10
28.080090367889746 10
28.220768404181854 10
28.35354971649194 10
28.478203230275493 10
28.594513155161383 10
28.702279395039717 10
28.801317928282693 10
28.891461157373545 10
28.972558227279123 10
29.044475311959157 10
29.10709586846766 10
29.1603208581621 10
29.20406893459988 10
29.238276597763964 10
29.262898314324488 10
29.277906603707258 10
29.283292089805332 10
29.279063518235347 10
29.265247739105682 10
29.241889655329395 10
29.209052136580162 10
29.16681589905528 10
29.11527935127433 10
29.054558406207423 10
28.9847862600903 10
28.906113138347504 10
28.818706009107547 10
28.7227482648548 10
28.61843937282494 10
28.505994494808732 10
28.3856440770882 10
28.257633411285955 10
28.12222216696351 10
27.979683896857857 10
27.83030551569923 10
27.674386753600782 10
27.512239585062197 10
27.344187634672565 10
27.170565560645475 10
26.991718417358463 10
26.808000998110774 10
26.61977715935118 10
26.427419127660777 10
26.23130679081171 10
26.031826974249952 10
25.829372704379818 10
25.624342460053484 10
25.4171394136885 10
25.208170663460418 10
24.997846458028974 10
24.786579415276783 10
24.574783736545434 10
24.362874417866458 10
24.151266459686333 10
23.940374076592704 10
23.730609908544295 10
23.522384235106337 10
23.316104194187254 10
23.112173006764703 10
22.910989209075016 10
22.712945893729298 10
22.518429961200013 10
22.327821383102687 10
22.141492478675467 10
21.959807205833883 10
21.78312046815062 10
21.611777439077883 10
21.44611290470113 10
21.28645062627399 10
21.133102723747026 10
20.986369081465718 10
20.846536777167973 10
20.713879535367244 10
20.58865720616365 10
20.471115270473685 10
20.36148437262135 10
20.259979881179234 10
20.16680147889699 10
20.08213278249701 10
20.006140993060566 10
19.938976577671102 10
19.880772982919865 10
19.83164638081925 10
19.79169544760808 10
19.76100117586919 10
19.739626720317535 10
19.727617277551992 10
19.725 10
19.731783944218655 10
19.747960053650857 10
19.773501175869193 10
19.80836211427474 10
19.852479714152572 10
19.90577298291983 10
19.968143244337774 10
20.03947432639388 10
20.11963278249699 10
20.208468145563693 10
20.30581321451254 10
20.411484372621324 10
20.5252819371404 10
20.64699053949695 10
20.77637953536721 10
20.91320344383465 10
21.057202414799107 10
21.208102723746986 10
21.36561729294062 10
21.529446238034474 10
21.699277439077783 10
21.87478713481724 10
22.05564053916723 10
22.241492478675355 10
22.43198804976924 10
22.626763294533358 10
22.825445893729245 10
23.027655875741566 10
23.233006340097916 10
23.441104194187268 10
23.65155090177295 10
23.86394324187758 10
24.077874076592714 10
24.292933126352946 10
24.508707751199736 10
24.724783736545522 10
24.940746081943395 10
25.156179791362256 10
25.370670663460363 10
25.583806080355252 10
25.79517579338676 10
26.004372704379765 10
26.210993640916566 10
26.41464012414506 10
26.614919127660723 10
26.811443826017797 10
27.00383433144406 10
27.19171841735836 10
27.37473222731215 10
27.55252096800585 10
27.724739585062096 10
27.891053420267355 10
28.05113884903252 10
28.204683896857816 10
28.351388833630097 10
28.4909667446193 10
28.623144077088163 10
28.747661161475364 10
28.86427270615832 10
28.97274826485481 10
29.07287267577419 10
29.164446471680815 10
29.247286260090306 10
29.321225072874096 10
29.38611268460765 10
29.441815899055285 10
29.488218803246834 10
29.525222988662723 10
29.552747739105683 10
29.570730184902004 10
29.579125423138667 10
29.577906603707262 10
29.567064980991155 10
29.546609931097304 10
29.516568934599903 10
29.47698752482878 10
29.427929201801007 10
29.369475311959192 10
29.30172489394579 10
29.2247944907069 10
29.138817928282716 10
29.043946061706443 10
28.94034648849471 10
28.828203230275527 10
28.70771638315864 10
28.579101737515177 10
28.44259036788974 10
28.298428193824726 10
28.146875512434377 10
27.988206503617583 10
27.822708708850314 10
27.650682484551677 10
27.472440431062836 10
27.28830679832592 10
27.09861686939429 10
26.903716322948 10
26.703960576027654 10
26.499714108237164 10
26.291349768703228 10
26.079248067109283 10
25.863796450154123 10
25.64538856481258 10
25.424423509800945 10
25.201305076670142 10
24.97644098197406 10
24.75024209197232 10
24.523121641345 10
24.295494447404167 10
24.067776121300767 10
23.84038227772707 10
23.613727744617584 10
23.388225774355565 10
23.164287257985176 10
22.942319943923785 10
22.722727662664376 10
22.505909558941497 10
22.29225933282406 10
22.082164491177362 10
21.876005610921887 10
21.674155615489468 10
21.47697906585443 10
21.284831467489248 10
21.098058594564804 10
20.916995832679856 10
20.741967541372535 10
20.573286437626916 10
20.411253001546758 10
20.256154905330064 10
20.108266466629445 10
19.967848127340236 10
19.835145958806763 10
19.710391194390553 10
19.59379979028921 10
19.485572015441353 10
19.385892071299555 10
19.294927742194368 10
19.212830076954287 10
19.139733102389044 10
19.07575356918047 10
19.02099073066525 10
18.975526154929987 10
18.93942357057702 10
18.912728746454018 10
18.8954694055762 10
18.887655173405406 10
18.889277560584077 10
18.90030998015711 10
18.92070779924872 10
18.950408425095997 10
18.98933142527515 10
19.037378681891788 10
19.094434579441497 10
19.160366225982973 10
19.235023707203194 10
19.318240372890244 10
19.409833155268664 10
19.50960291859193 10
19.61733483932555 10
19.73279881619744 10
19.8557499093357 10
19.985928807656475 10
20.12306232361329 10
20.266863914365125 10
20.417034228372426 10
20.573261676378955 10
20.73522302569317 10
20.902584016638915 10
21.075 10
21.252116594246417 10
21.433570361291032 10
21.61898949949023 10
21.807994552568925 10
22.00019913312073 10
22.19521065930656 10
22.39263110334792 10
22.592057750391465 10
22.793083966299506 10
22.995299972904842 10
23.198293629253904 10
23.40165121735262 10
23.604958230916708 10
23.80780016562706 10
24.00976330938421 10
24.21043553105975 10
24.409407066240632 10
24.606271298471817 10
24.80062553451127 10
24.992071772119136 10
25.18021745892073 10
25.364676240899822 10
25.545068699095093 10
25.721023073099207 10
25.892175969981945 10
26.058173057289608 10
26.21866973879927 10
26.373331811743043 10
26.521836104250845 10
26.66387109179824 10
26.79913749148535 10
26.927348833016563 10
27.048232005293123 10
27.161527777578286 10
27.266991294243887 10
27.36439254215486 10
27.453516789803334 10
27.53416499735539 10
27.606154196830957 10
27.669317841691896 10
27.72350612517338 10
27.768586266752898 10
27.8044427662107 10
27.83097762479859 10
27.84811053309597 10
27.855779025195208 10
27.853938598923023 10
27.842562801868944 10
27.821643283056936 10
27.791189810161878 10
27.751230252238095 10
27.701810527992578 10
27.64299451970154 10
27.5748639529341 10
27.497518242311635 10
27.411074303597022 10
27.31566633247065 10
27.211445550415032 10
27.098579918190882 10
26.977253817450713 10
26.847667701095922 10
26.710037713041892 10
26.564595278116315 10
26.41158666287069 10
26.251272508140104 10
26.083927334242627 10
25.909839019759445 10
25.729308254886845 10
25.54264797040252 10
25.350182743331516 10
25.15224818044441 10
24.949190280759325 10
24.741364778263527 10
24.529136466104717 10
24.31287850353706 10
24.092971706943764 10
23.869803826284013 10
23.64376880834159 10
23.415266048178104 10
23.184699630215555 10
22.952477560393028 10
22.719010990857903 10
22.484713438669445 10
22.250000000000043 10
22.015286561330633 10
21.78098900914211 10
21.547522439607054 10
21.315300369784524 10
21.084733951822052 10
20.856231191658413 10
20.630196173716 10
20.40702829305631 10
20.18712149646295 10
19.970863533895294 10
19.758635221736483 10
19.550809719240686 10
19.3477518195556 10
19.14981725666849 10
18.957352029597548 10
18.770691745113165 10
18.590160980240565 10
18.41607266575738 10
18.24872749185995 10
18.088413337129317 10
17.935404721883693 10
17.78996228695815 10
17.652332298904124 10
17.52274618254933 10
17.401420081809157 10
17.288554449585003 10
17.18433366752938 10
17.08892569640304 10
17.002481757688372 10
16.925136047065926 10
16.85700548029848 10
16.79818947200743 10
16.748769747761912 10
16.708810189838125 10
16.678356716943068 10
16.65743719813106 10
16.646061401076977 10
16.644220974804792 10
16.651889466904034 10
16.66902237520141 10
16.6955572337893 10
16.731413733247106 10
16.776493874826617 10
16.830682158308104 10
16.893845803169015 10
16.96583500264458 10
17.04648321019667 10
17.1356074578451 10
17.233008705756074 10
17.33847222242167 10
17.451767994706834 10
17.572651166983388 10
17.700862508514597 10
17.836128908201715 10
17.97816389574916 10
18.126668188256954 10
18.281330261200672 10
18.441826942710392 10
18.607824030018044 10
18.778976926900782 10
18.954931300904782 10
19.13532375910018 10
19.319782541079274 10
19.50792822788086 10
19.699374465488727 10
19.89372870152818 10
20.090592933759364 10
20.28956446894017 10
20.49023669061578 10
20.69219983437294 10
20.895041769083157 10
21.098348782647307 10
21.301706370746018 10
21.504700027095154 10
21.706916033700416 10
21.907942249608453 10
22.107368896651998 10
22.30478934069344 10
22.499800866879202 10
22.692005447431008 10
22.881010500509646 10
23.066429638708964 10
23.247883405753583 10
23.424999999999933 10
23.597415983361074 10
23.764776974306827 10
23.926738323621045 10
24.08296577162757 10
24.23313608563487 10
24.376937676386706 10
24.514071192343472 10
24.644250090664293 10
24.767201183802552 10
24.882665160674442 10
24.990397081408034 10
25.090166844731336 10
25.181759627109756 10
25.264976292796774 10
25.339633774017 10
25.40556542055848 10
25.462621318108187 10
25.510668574724825 10
25.549591574903992 10
25.579292200751265 10
25.59969001984289 10
25.61072243941592 10
25.612344826594594 10
25.604530594423796 10
25.58727125354598 10
25.56057642942298 10
25.524473845070023 10
25.479009269334757 10
25.424246430819537 10
25.360266897611005 10
25.287169923045717 10
25.20507225780564 10
25.114107928700445 10
25.01442798455868 10
24.906200209710796 10
24.789608805609458 10
24.664854041193284 10
24.53215187265981 10
24.391733533370562 10
24.24384509466999 10
24.088746998453296 10
23.926713562373138 10
23.75803245862752 10
23.58300416732021 10
23.40194140543526 10
23.215168532510816 10
23.02302093414558 10
22.82584438451054 10
22.623994389078184 10
22.41783550882264 10
22.207740667175948 10
21.994090441058514 10
21.777272337335773 10
21.557680056076222 10
21.335712742014834 10
21.111774225644442 10
20.886272255382423 10
20.659617722272937 10
20.432223878699237 10
20.20450555259592 10
19.976878358655007 10
19.749757908027686 10
19.523559018026095 10
19.298694923329936 10
19.075576490199133 10
18.854611435187426 10
18.636203549845952 10
18.4207519328908 10
18.20865023129685 10
18.000285891762843 10
17.796039423972417 10
17.59628367705207 10
17.401383130605716 10
17.211693201674088 10
17.027559568937168 10
16.849317515448384 10
16.677291291149693 10
16.511793496382424 10
16.35312448756563 10
16.20157180617528 10
16.057409632110268 10
15.920898262484826 10
15.792283616841399 10
15.67179676972448 10
15.559653511505296 10
15.456053938293628 10
15.361182071717316 10
15.275205509293105 10
15.198275106054217 10
15.130524688040829 10
15.07207079819901 10
15.023012475171235 10
14.983431065400111 10
14.953390068902706 10
14.93293501900885 10
14.922093396292746 10
14.920874576861333 10
14.929269815097985 10
14.947252260894306 10
14.974777011337274 10
15.011781196753168 10
15.058184100944718 10
15.11388731539235 10
15.178774927125902 10
15.25271373990969 10
15.335553528319126 10
15.427127324225806 10
15.527251735145185 10
15.63572729384168 10
15.75233883852459 10
15.876855922911831 10
16.009033255380697 10
16.148611166369854 10
16.295316103142127 10
16.448861150967474 10
16.608946579732585 10
16.77526041493784 10
16.947479031994085 10
17.12526777268778 10
17.308281582641577 10
17.49616566855587 10
17.688556173982132 10
17.88508087233927 10
18.085359875854934 10
18.28900635908336 10
18.49562729562023 10
18.70482420661323 10
18.91619391964474 10
19.12932933653949 10
19.343820208637737 10
19.559253918056598 10
19.77521626345447 10
19.991292248800256 10
20.207066873647047 10
20.42212592340728 10
20.636056758122347 10
20.848449098227043 10
21.058895805812725 10
21.266993659901942 10
21.472344124258363 10
21.67455410627068 10
21.87323670546664 10
22.06801195023069 10
22.258507521324578 10
22.444359460832704 10
22.62521286518275 10
22.800722560922154 10
22.97055376196547 10
23.13438270705938 10
23.29189727625301 10
23.442797585200886 10
23.5867965561653 10
23.723620464632788 10
23.853009460503046 10
23.974718062859598 10
24.088515627378673 10
24.194186785487453 10
24.291531854436307 10
24.380367217502982 10
24.460525673606114 10
24.531856755662222 10
24.59422701708013 10
24.647520285847413 10
24.691637885725257 10
24.726498824130807 10
24.752039946349136 10
24.768216055781338 10
24.775 10
24.772382722448008 10
24.760373279682472 10
24.738998824130817 10
24.708304552391944 10
24.66835361918075 10
24.619227017080156 10
24.56102342232892 10
24.493859006939434 10
24.417867217502994 10
24.333198521103014 10
24.24002011882077 10
24.138515627378652 10
24.028884729526318 10
23.911342793836354 10
23.78612046463276 10
23.65346322283203 10
23.513630918534286 10
23.366897276253027 10
23.213549373726014 10
23.053887095298876 10
22.888222560922177 10
22.716879531849443 10
22.54019279416612 10
22.3585075213246 10
22.17217861689738 10
21.981570038800058 10
21.787054106270837 10
21.58901079092506 10
21.38782699323537 10
21.18389580581282 10
20.977615764893667 10
20.76939009145571 10
20.559625923407374 10
20.348733540313674 10
20.13712558213355 10
19.92521626345457 10
19.713420584723362 10
19.502153541971033 10
19.291829336539585 10
19.082860586311504 10
18.875657539946523 10
18.67062729562019 10
18.468173025750122 10
18.268693209188296 10
18.07258087233923 10
17.880222840648887 10
17.691999001889293 10
17.508281582641597 10
17.32943443935459 10
17.155812365327495 10
16.987760414937863 10
16.825613246399275 10
16.66969448430088 10
16.52031610314215 10
16.37777783303654 10
16.24236658871409 10
16.114355922911805 10
15.994005505191273 10
15.881560627175059 10
15.777251735145235 10
15.681293990892456 10
15.5938868616525 10
15.51521373990973 10
15.445441593792554 10
15.384720648725668 10
15.333184100944738 10
15.290947863419841 10
15.258110344670602 10
15.234752260894318 10
15.220936481764658 10
15.216707910194671 10
15.222093396292738 10
15.237101685675505 10
15.261723402236035 10
15.295931065400106 10
15.33967914183787 10
15.39290413153234 10
15.455524688040823 10
15.527441772720852 10
15.608538842626402 10
15.6986820717173 10
15.797720604960245 10
15.905486844838578 10
16.0217967697245 10
16.146450283508052 10
16.2792315958181 10
16.419909632110297 10
16.568238472841973 10
16.723957820898885 10
16.886793496382452 10
17.056457957816388 10
17.23265084878164 10
17.415059568937085 10
17.603359868340732 10
17.797216463939087 10
17.99628367705198 10
18.200206090639053 10
18.40861922509615 10
18.621150231296753 10
18.837418599557434 10
19.057036883179258 10
19.279611435187324 10
19.50474315686563 10
19.732028256663238 10
19.96105901802599 10
20.191424574694246 10
20.422711691988383 10
20.654505552595886 10
20.8863905453658 10
21.117951055606316 10
21.348772255382467 10
21.578440892311008 10
21.80654607534806 10
22.03268005607626 10
22.256439004002335 10
22.477423774391745 10
22.695240667175987 10
22.90950217548935 10
23.119827722411426 10
23.325844384510518 10
23.52718760081228 10
23.723501865844057 10
23.914441405435234 10
24.099670833986853 10
24.278865791960726 10
24.451713562373065 10
24.617913665119943 10
24.77717842800331 10
24.9292335333705 10
25.073818539326457 10
25.2106873745266 10
25.339608805609398 10
25.460366876377478 10
25.572761317892006 10
25.676607928700403 10
25.771738924472267 10
25.85800325637906 10
25.935266897610965 10
26.003413097486167 10
26.062342602668096 10
26.111973845070025 10
26.152243096089634 10
26.183104586879317 10
26.2045305944238 10
26.216511493261258 10
26.21905577274925 10
26.212190019842893 10
26.195958867417936 10
26.170424908237337 10
26.13566857472484 10
26.091787984774868 10
26.038898753891868 10
25.97713377401701 10
25.906642959463454 10
25.827592960443123 10
25.740166844731373 10
25.644563748074717 10
25.54099849400783 10
25.429701183802614 10
25.31091675733094 10
25.184904525676835 10
25.051937676386764 10
24.912302752301507 10
24.76629910496087 10
24.614238323621112 10
24.45644364097346 10
24.29324931669438 10
24.125000000000018 10
23.952050072420334 10
23.774762972042257 10
23.593510500509723 10
23.408672114097755 10
23.220634200212494 10
23.029789340693394 10
22.836535563318762 10
22.641275582941752 10
22.444416033700385 10
22.246366693761846 10
22.04753970407944 10
21.848348782647257 10
21.649208435749838 10
21.45053316770629 10
21.252736690615816 10
21.056231135606804 10
20.86142626709272 10
20.668728701528206 10
20.478541132155417 10
20.29126156121434 10
20.107282541079286 10
19.926990425766867 10
19.750764634238266 10
19.57897692690093 10
19.411990696684743 10
19.250160276043754 10
19.093830261200797 10
18.943334854923638 10
18.79899722908251 10
18.66112890820182 10
18.530029175181287 10
18.405984500316745 10
18.289267994706933 10
18.180138889088433 10
18.07884203908942 10
17.985607457845113 10
17.90064987686337 10
17.82416833597793 10
17.756345803169026 10
17.697348824974796 10
17.647327208159947 10
17.606413733247102 10
17.574723900455975 10
17.552355708534748 10
17.539389466904026 10
17.535887641471458 10
17.541894734410306 10
17.55743719813106 10
17.582523383609736 10
17.617143523171446 10
17.66126974776191 10
17.7148561386741 10
17.77783881363178 10
17.85013604706589 10
17.931648424355053 10
18.022259029736333 10
18.121833667529337 10
18.230221116251695 10
18.347253415142507 10
18.472746182549262 10
18.606498965570808 10
18.748295620291508 10
18.897904721883666 10
19.055080003795965 10
19.219560825193312 10
19.391072665757356 10
19.569327646907205 10
19.754025078446475 10
19.944852029597463 10
20.141483923335123 10
20.34358515288891 10
20.55080971924066 10
20.762801888402986 10
20.97919686722861 10
21.19962149646293 10
21.423694959722802 10
21.651029507049152 10
21.881231191658387 10
22.113900618488547 10
22.348633703117677 10
22.585022439607027 10
22.822655675808747 10
23.061119894663793 10
23.300000000000008 10
23.53888010533608 10
23.777344324191127 10
24.014977560392847 10
24.251366296882196 10
24.48609938151133 10
24.71876880834149 10
24.948970492950725 10
25.17630504027707 10
25.400378503536952 10
25.620803132771414 10
25.837198111596898 10
26.049190280759227 10
26.25641484711098 10
26.458516076664885 10
26.65514797040244 10
26.845974921553427 10
27.030672353092807 10
27.208927334242652 10
27.380439174806696 10
27.54491999620405 10
27.70209527811634 10
27.851704379708497 10
27.993501034429286 10
28.12725381745073 10
28.252746584857487 10
28.36977888374831 10
28.478166332470664 10
28.57774097026367 10
28.668351575644948 10
28.74986395293411 10
28.82216118636822 10
28.8851438613259 10
28.938730252238088 10
28.982856476828537 10
29.017476616390258 10
29.042562801868936 10
29.058105265589695 10
29.064112358528547 10
29.060610533095968 10
29.047644291465268 10
29.025276099544037 10
28.993586266752928 10
28.952672791840055 10
28.90265117502524 10
28.843654196831015 10
28.775831664022117 10
28.699350123136682 10
28.614392542154942 10
28.521157960910642 10
28.419861110911633 10
28.31073200529314 10
28.19401549968333 10
28.069970824818704 10
27.938871091798262 10
27.801002770917577 10
27.656665145076353 10
27.506169738799287 10
27.349839723956343 10
27.188009303315354 10
27.021023073099173 10
26.84923536576184 10
26.67300957423324 10
26.49271745892069 10
26.308738438785767 10
26.121458867844694 10
25.93127129847177 10
25.738573732907255 10
25.543768864393172 10
25.347263309384303 10
25.149466832293687 10
24.95079156425014 10
24.751651217352716 10
24.552460295920525 10
24.35363330623813 10
24.155583966299595 10
23.958724417058093 10
23.763464436681215 10
23.570210659306582 10
23.379365799787482 10
23.191327885902226 10
23.006489499490254 10
22.825237027957712 10
22.64794992757977 10
22.47499999999996 10
22.3067506833056 10
22.143556359026526 10
21.98576167637898 10
21.83370089503922 10
21.687697247698477 10
21.54806232361331 10
21.415095474323245 10
21.289083242669136 10
21.17029881619746 10
21.059001505992235 10
20.95543625192535 10
20.859833155268685 10
20.77240703955693 10
20.69335704053659 10
20.62286622598298 10
20.56110124610817 10
20.508212015225165 10
20.464331425275187 10
20.429575091762672 10
20.40404113258207 10
20.38780998015712 10
20.380944227250744 10
20.38348850673874 10
20.395469405576193 10
20.416895413120688 10
20.447756903910356 10
20.488026154929965 10
20.53765739733189 10
20.596586902513817 10
20.664733102389018 10
20.74199674362091 10
20.828261075527713 10
20.923392071299574 10
21.02723868210797 10
21.139633123622566 10
21.26039119439057 10
21.38931262547337 10
21.52618146067351 10
21.670766466629466 10
21.822821571996656 10
21.982086334880016 10
22.148286437626947 10
22.321134208039233 10
22.500329166013106 10
22.685558594564842 10
22.876498134155955 10
23.072812399187725 10
23.27415561548944 10
23.480172277588586 10
23.690497824510665 10
23.904759332824025 10
24.122576225608135 10
24.343560995997546 10
24.567319943923756 10
24.79345392465181 10
25.021559107688866 10
25.25122774461741 10
25.48204894439371 10
25.713609454634074 10
25.945494447403988 10
26.17728830801149 10
26.408575425305628 10
26.63894098197388 10
26.867971743336632 10
27.09525684313425 10
27.320388564812554 10
27.54296311682062 10
27.76258140044259 10
27.9788497687032 10
28.191380774903738 10
28.399793909360834 10
28.60371632294797 10
28.802783536060865 10
28.996640131659163 10
29.18494043106287 10
29.36734915121832 10
29.54354204218357 10
29.713206503617617 10
29.876042179101077 10
30.031761527157986 10
30.18009036788976 10
30.32076840418187 10
30.453549716491917 10
30.578203230275474 10
30.6945131551614 10
30.802279395039733 10
30.901317928282676 10
30.99146115737358 10
31.07255822727913 10
31.144475311959162 10
31.207095868467682 10
31.260320858162117 10
31.304068934599883 10
31.338276597763958 10
31.362898314324493 10
31.377906603707252 10
31.38329208980533 10
31.379063518235334 10
31.365247739105676 10
31.341889655329393 10
31.30905213658017 10
31.266815899055292 10
31.215279351274326 10
31.15455840620744 10
31.084786260090315 10
31.00611313834755 10
30.91870600910753 10
30.822748264854823 10
30.718439372825003 10
30.605994494808797 10
30.485644077088185 10
30.35763341128598 10
30.22222216696354 10
30.079683896857837 10
29.93030551569921 10
29.774386753600815 10
29.61223958506223 10
29.444187634672545 10
29.270565560645515 10
29.091718417358507 10
28.90800099811075 10
28.719777159351157 10
28.527419127660814 10
28.331306790811688 10
28.131826974249925 10
27.92937270437986 10
27.724342460053528 10
27.51713941368854 10
27.30817066346046 10
27.097846458029018 10
26.886579415276685 10
26.67478373654548 10
26.4628744178665 10
26.25126645968624 10
26.040374076592677 10
25.83060990854434 10
25.62238423510638 10
25.416104194187227 10
25.21217300676468 10
25.010989209074992 10
24.812945893729207 10
24.618429961199986 10
24.427821383102664 10
24.24149247867532 10
24.059807205833863 10
23.883120468150597 10
23.711777439077864 10
23.546112904701108 10
23.38645062627397 10
23.233102723747006 10
23.086369081465797 10
22.946536777167957 10
22.813879535367228 10
22.688657206163633 10
22.571115270473747 10
22.461484372621406 10
22.35997988117922 10
22.266801478897037 10
22.182132782497053 10
22.106140993060606 10
22.038976577671114 10
21.980772982919873 10
21.931646380819274 10
21.89169544760808 10
21.861001175869195 10
21.83962672031754 10
21.827617277551994 10
21.825 10
21.831783944218657 10
21.847960053650855 10
21.873501175869187 10
21.90836211427473 10
21.952479714152563 10
22.005772982919858 10
22.06814324433776 10
22.139474326393866 10
22.219632782497026 10
22.308468145563673 10
22.40581321451252 10
22.5114843726213 10
22.625281937140375 10
22.746990539496927 10
22.87637953536718 10
23.013203443834666 10
23.15720241479908 10
23.308102723746956 10
23.46561729294069 10
23.629446238034497 10
23.799277439077805 10
23.97478713481732 10
24.15564053916725 10
24.341492478675377 10
24.531988049769268 10
24.726763294533384 10
24.92544589372927 10
25.12765587574159 10
25.333006340098077 10
25.541104194187294 10
25.75155090177298 10
25.9639432418776 10
26.177874076592744 10
26.392933126352972 10
26.608707751199766 10
26.824783736545406 10
27.04074608194328 10
27.256179791362282 10
27.47067066346039 10
27.683806080355136 10
27.89517579338665 10
28.10437270437979 10
28.310993640916525 10
28.514640124144954 10
28.714919127660618 10
28.91144382601776 10
29.10383433144402 10
29.291718417358318 10
29.474732227312117 10
29.652520968005817 10
29.824739585062066 10
29.991053420267427 10
30.151138849032492 10
30.30468389685779 10
30.45138883363016 10
30.590966744619273 10
30.72314407708814 10
30.84766116147534 10
30.964272706158297 10
31.07274826485479 10
31.172872675774173 10
31.264446471680856 10
31.347286260090286 10
31.42122507287408 10
31.486112684607676 10
31.54181589905527 10
31.588218803246825 10
31.625222988662717 10
31.65274773910569 10
31.670730184902013 10
31.679125423138665 10
31.677906603707257 10
31.667064980991153 10
31.646609931097302 10
31.616568934599876 10
31.576987524828777 10
31.527929201801 10
31.469475311959187 10
31.40172489394578 10
31.324794490706893 10
31.238817928282707 10
31.143946061706366 10
31.040346488494702 10
30.928203230275514 10
30.807716383158628 10
30.679101737515246 10
30.542590367889723 10
30.398428193824703 10
30.246875512434457 10
30.088206503617663 10
29.922708708850294 10
29.75068248455171 10
29.57244043106293 10
29.388306798326013 10
29.198616869394264 10
29.003716322948037 10
28.803960576027695 10
28.599714108237137 10
28.391349768703265 10
28.179248067109327 10
27.96379645015417 10
27.74538856481263 10
27.524423509800993 10
27.301305076670186 10
27.07644098197396 10
26.85024209197237 10
26.623121641345044 10
26.395494447404065 10
26.167776121300818 10
25.940382277727117 10
25.71372774461763 10
25.48822577435561 10
25.264287257985217 10
25.04231994392383 10
24.822727662664278 10
24.605909558941544 10
24.392259332824104 10
24.18216449117727 10
23.976005610921863 10
23.77415561548951 10
23.576979065854466 10
23.384831467489228 10
23.198058594564785 10
23.016995832679832 10
22.84196754137252 10
22.6732864376269 10
22.511253001546745 10
22.356154905329948 10
22.20826646662943 10
22.06784812734022 10
21.93514595880674 10
21.810391194390544 10
21.693799790289205 10
21.585572015441347 10
21.485892071299602 10
21.39492774219436 10
21.312830076954278 10
21.23973310238903 10
21.175753569180493 10
21.120990730665266 10
21.075526154929978 10
21.039423570577032 10
21.01272874645403 10
20.995469405576205 10
20.987655173405404 10
20.989277560584075 10
21.0003099801571 10
21.02070779924872 10
21.05040842509599 10
21.089331425275144 10
21.13737868189181 10
21.194434579441484 10
21.260366225982956 10
21.335023707203177 10
21.418240372890224 10
21.509833155268645 10
21.609602918591904 10
21.71733483932553 10
21.832798816197418 10
21.955749909335676 10
22.085928807656533 10
22.22306232361326 10
22.366863914365094 10
22.517034228372495 10
22.673261676378925 10
22.83522302569314 10
23.002584016638885 10
23.175000000000026 10
23.352116594246375 10
23.533570361290995 10
23.718989499490313 10
23.90799455256895 10
24.100199133120753 10
24.29521065930665 10
24.492631103347954 10
24.6920577503915 10
24.893083966299535 10
25.09529997290487 10
25.298293629253934 10
25.501651217352645 10
25.704958230916876 10
25.907800165627094 10
26.109763309384242 10
26.310435531059774 10
26.509407066240662 10
26.706271298471844 10
26.900625534511295 10
27.092071772119027 10
27.280217458920617 10
27.464676240899852 10
27.645068699095113 10
27.821023073099113 10
27.99217596998185 10
28.15817305728962 10
28.318669738799233 10
28.47333181174296 10
28.621836104250853 10
28.76387109179821 10
28.899137491485327 10
29.02734883301654 10
29.148232005293096 10
29.261527777578262 10
29.36699129424386 10
29.4643925421549 10
29.55351678980331 10
29.634164997355374 10
29.706154196830994 10
29.769317841691887 10
29.82350612517337 10
29.868586266752885 10
29.904442766210693 10
29.93097762479858 10
29.948110533095964 10
29.955779025195213 10
29.95393859892303 10
29.94256280186895 10
29.92164328305693 10
29.891189810161883 10
29.851230252238096 10
29.801810527992586 10
29.742994519701533 10
29.67486395293409 10
29.59751824231165 10
29.511074303596985 10
29.415666332470643 10
29.311445550415023 10
29.198579918190795 10
29.0772538174507 10
28.94766770109591 10
28.81003771304188 10
28.664595278116302 10
28.511586662870677 10
28.351272508140095 10
28.18392733424261 10
28.009839019759426 10
27.829308254886822 10
27.64264797040249 10
27.450182743331606 10
27.252248180444393 10
27.049190280759298 10
26.84136477826363 10
26.62913646610482 10
26.412878503537037 10
26.19297170694381 10
25.96980382628412 10
25.743768808341706 10
25.515266048178074 10
25.284699630215606 10
25.052477560393076 10
24.81901099085787 10
24.58471343866949 10
24.350000000000087 10
24.11528656133068 10
23.880989009142148 10
23.647522439607105 10
23.415300369784575 10
23.184733951821954 10
22.95623119165846 10
22.730196173716042 10
22.50702829305621 10
22.28712149646299 10
22.070863533895334 10
21.858635221736517 10
21.650809719240726 10
21.44775181955564 10
21.249817256668535 10
21.057352029597524 10
20.8706917451132 10
20.6901609802406 10
20.5160726657573 10
20.348727491859925 10
20.188413337129354 10
20.03540472188363 10
19.88996228695814 10
19.752332298904108 10
19.622746182549317 10
19.501420081809144 10
19.388554449584994 10
19.28433366752937 10
19.18892569640298 10
19.10248175768837 10
19.025136047065924 10
18.957005480298466 10
18.898189472007424 10
18.848769747761907 10
18.808810189838123 10
18.77835671694307 10
18.757437198131065 10
18.746061401076986 10
18.74422097480479 10
18.751889466904018 10
18.769022375201395 10
18.795557233789296 10
18.83141373324708 10
18.876493874826586 10
18.93068215830806 10
18.993845803169002 10
19.06583500264457 10
19.146483210196617 10
19.23560745784508 10
19.33300870575605 10
19.438472222421645 10
19.551767994706882 10
19.672651166983368 10
19.800862508514577 10
19.936128908201773 10
20.078163895749125 10
20.22666818825692 10
20.381330261200638 10
20.541826942710355 10
20.70782403001801 10
20.878976926900744 10
21.05493130090487 10
21.23532375910014 10
21.419782541079233 10
21.60792822788094 10
21.799374465488686 10
21.993728701528138 10
22.19059293375932 10
22.3895644689402 10
22.590236690615747 10
22.792199834372894 10
22.995041769083244 10
23.198348782647333 10
23.401706370746048 10
23.60470002709524 10
23.806916033700446 10
24.007942249608483 10
24.207368896652035 10
24.40478934069347 10
24.599800866879228 10
24.79200544743103 10
24.981010500509793 10
25.16642963870899 10
25.347883405753606 10
25.52499999999995 10
25.697415983361108 10
25.864776974306857 10
26.026738323621068 10
26.182965771627483 10
26.333136085634784 10
26.476937676386726 10
26.614071192343445 10
26.744250090664217 10
26.867201183802482 10
26.98266516067446 10
27.090397081408007 10
27.190166844731277 10
27.281759627109757 10
27.364976292796758 10
27.439633774016983 10
27.505565420558465 10
27.562621318108185 10
27.610668574724823 10
27.649591574903983 10
27.679292200751274 10
27.699690019842883 10
27.710722439415914 10
27.712344826594588 10
27.704530594423797 10
27.687271253545983 10
27.660576429422992 10
27.62447384507003 10
27.57900926933477 10
27.524246430819545 10
27.46026689761097 10
27.387169923045732 10
27.30507225780565 10
27.214107928700408 10
27.114427984558674 10
27.00620020971082 10
26.88960880560948 10
26.764854041193267 10
26.632151872659794 10
26.491733533370592 10
26.343845094669973 10
26.188746998453276 10
26.02671356237313 10
25.858032458627395 10
25.683004167320192 10
25.50194140543524 10
25.315168532510672 10
25.123020934145558 10
24.925844384510516 10
24.72399438907816 10
24.517835508822625 10
24.30774066717593 10
24.09409044105849 10
23.877272337335743 10
23.657680056076334 10
23.435712742014807 10
23.21177422564441 10
22.986272255382538 10
22.759617722273052 10
22.53222387869922 10
22.304505552595963 10
22.076878358655122 10
21.849757908027804 10
21.62355901802606 10
21.39869492332998 10
21.175576490199177 10
20.9546114351874 10
20.736203549846 10
20.52075193289084 10
20.30865023129689 10
20.100285891762883 10
19.896039423972454 10
19.696283677052108 10
19.501383130605753 10
19.311693201674125 10
19.12755956893721 10
18.94931751544831 10
18.777291291149727 10
18.611793496382457 10
18.453124487565557 10
18.30157180617531 10
18.157409632110294 10
18.02089826248485 10
17.89228361684139 10
17.771796769724503 10
17.65965351150532 10
17.556053938293584 10
17.461182071717307 10
17.37520550929312 10
17.298275106054184 10
17.23052468804082 10
17.17207079819901 10
17.123012475171237 10
17.08343106540011 10
17.053390068902704 10
17.03293501900885 10
17.022093396292743 10
17.020874576861335 10
17.02926981509799 10
17.04725226089431 10
17.074777011337282 10
17.111781196753174 10
17.158184100944727 10
17.213887315392313 10
17.278774927125912 10
17.352713739909703 10
17.435553528319133 10
17.527127324225756 10
17.62725173514513 10
17.73572729384169 10
17.852338838524567 10
17.97685592291176 10
18.109033255380623 10
18.248611166369823 10
18.395316103142097 10
18.54886115096739 10
18.708946579732554 10
18.875260414937806 10
19.04747903199405 10
19.22526777268786 10
19.408281582641536 10
19.596165668555834 10
19.78855617398222 10
19.98508087233923 10
20.185359875854893 10
20.389006359083318 10
20.59562729562019 10
20.804824206613187 10
21.0161939196447 10
21.229329336539585 10
21.443820208637696 10
21.659253918056557 10
21.87521626345457 10
22.09129224880021 10
22.307066873647003 10
22.52212592340723 10
22.736056758122373 10
22.948449098226998 10
23.158895805812683 10
23.366993659902032 10
23.57234412425839 10
23.774554106270706 10
23.973236705466725 10
24.168011950230714 10
24.3585075213246 10
24.544359460832727 10
24.725212865182776 10
24.900722560922176 10
25.070553761965485 10
25.2343827070594 10
25.391897276253026 10
25.542797585200905 10
25.68679655616532 10
25.823620464632803 10
25.95300946050306 10
26.07471806285961 10
26.188515627378617 10
26.294186785487405 10
26.391531854436316 10
26.480367217502963 10
26.560525673606076 10
26.631856755662188 10
26.694227017080138 10
26.7475202858474 10
26.791637885725237 10
26.826498824130812 10
26.85203994634913 10
26.86821605578134 10
26.875 10
26.87238272244801 10
26.860373279682477 10
26.838998824130826 10
26.808304552391924 10
26.76835361918076 10
26.71922701708017 10
26.66102342232889 10
26.59385900693945 10
26.51786721750301 10
26.43319852110303 10
26.34002011882079 10
26.238515627378675 10
26.12888472952634 10
26.011342793836377 10
25.88612046463279 10
25.75346322283206 10
25.61363091853422 10
25.46689727625301 10
25.313549373726048 10
25.1538870952988 10
24.988222560922154 10
24.81687953184942 10
24.640192794166158 10
24.458507521324577 10
24.272178616897357 10
24.081570038800038 10
23.887054106270682 10
23.689010790925032 10
23.487826993235345 10
23.283895805812655 10
23.077615764893643 10
22.86939009145568 10
22.659625923407347 10
22.448733540313643 10
22.237125582133523 10
22.025216263454542 10
21.813420584723335 10
21.602153541971145 10
21.39182933653956 10
21.18286058631148 10
20.975657539946635 10
20.7706272956203 10
20.56817302575023 10
20.368693209188336 10
20.17258087233934 10
19.980222840648988 10
19.79199900188927 10
19.608281582641638 10
19.429434439354626 10
19.255812365327476 10
19.087760414937897 10
18.92561324639931 10
18.769694484300913 10
18.62031610314218 10
18.477777833036566 10
18.342366588714118 10
18.214355922911828 10
18.094005505191298 10
17.981560627175085 10
17.877251735145187 10
17.781293990892475 10
17.69388686165252 10
17.61521373990969 10
17.545441593792567 10
17.48472064872568 10
17.43318410094475 10
17.390947863419832 10
17.35811034467061 10
17.334752260894323 10
17.320936481764647 10
17.316707910194665 10
17.32209339629274 10
17.337101685675513 10
17.361723402236038 10
17.39593106540011 10
17.439679141837875 10
17.492904131532345 10
17.55552468804083 10
17.627441772720854 10
17.70853884262646 10
17.798682071717312 10
17.897720604960256 10
18.005486844838593 10
18.12179676972451 10
18.246450283508068 10
18.379231595818112 10
18.51990963211022 10
18.66823847284199 10
18.823957820898904 10
18.98679349638237 10
19.156457957816304 10
19.332650848781547 10
19.51505956893711 10
19.703359868340698 10
19.89721646393898 10
20.096283677052003 10
20.300206090639016 10
20.50861922509611 10
20.721150231296644 10
20.93741859955739 10
21.157036883179217 10
21.379611435187282 10
21.604743156865723 10
21.832028256663193 10
22.061059018025944 10
22.291424574694346 10
22.522711691988334 10
22.754505552595838 10
22.986390545365758 10
23.21795105560627 10
23.448772255382416 10
23.678440892310956 10
23.90654607534816 10
24.132680056076218 10
24.35643900400229 10
24.577423774391843 10
24.79524066717595 10
25.00950217548931 10
25.219827722411388 10
25.425844384510533 10
25.627187600812242 10
25.823501865844023 10
26.014441405435253 10
26.199670833986872 10
26.37886579196074 10
26.55171356237314 10
26.717913665119962 10
26.87717842800332 10
27.029233533370597 10
27.173818539326472 10
27.31068737452661 10
27.43960880560941 10
27.560366876377493 10
27.672761317892014 10
27.776607928700415 10
27.871738924472275 10
27.95800325637907 10
28.035266897610974 10
28.103413097486182 10
28.162342602668073 10
28.21197384507001 10
28.252243096089636 10
28.283104586879315 10
28.30453059442379 10
28.316511493261252 10
28.319055772749252 10
28.312190019842895 10
28.29595886741796 10
28.270424908237338 10
28.23566857472485 10
28.191787984774884 10
28.13889875389188 10
28.077133774017025 10
28.00664295946347 10
27.927592960443143 10
27.840166844731332 10
27.744563748074736 10
27.640998494007853 10
27.529701183802562 10
27.410916757330956 10
27.284904525676858 10
27.151937676386794 10
27.012302752301537 10
26.866299104960902 10
26.714238323621146 10
26.556443640973498 10
26.393249316694416 10
26.225000000000055 10
26.052050072420247 10
25.874762972042294 10
25.693510500509767 10
25.50867211409767 10
25.320634200212535 10
25.129789340693435 10
24.936535563318806 10
24.741275582941796 10
24.544416033700415 10
24.34636669376188 10
24.14753970407935 10
23.948348782647304 10
23.749208435749882 10
23.5505331677062 10
23.35273669061572 10
23.156231135606845 10
22.96142626709276 10
22.768728701528108 10
22.578541132155323 10
22.39126156121425 10
22.207282541079337 10
22.026990425766908 10
21.85076463423818 10
21.67897692690085 10
21.51199069668477 10
21.35016027604378 10
21.19383026120083 10
21.04333485492367 10
20.89899722908254 10
20.76112890820185 10
20.630029175181317 10
20.50598450031677 10
20.38926799470696 10
20.280138889088377 10
20.178842039089442 10
20.085607457845136 10
20.00064987686333 10
19.92416833597795 10
19.856345803169045 10
19.79734882497481 10
19.74732720815995 10
19.706413733247103 10
19.674723900455984 10
19.652355708534742 10
19.63938946690403 10
19.635887641471463 10
19.64189473441031 10
19.65743719813106 10
19.682523383609734 10
19.71714352317143 10
19.761269747761904 10
19.81485613867409 10
19.87783881363177 10
19.950136047065925 10
20.03164842435504 10
20.122259029736316 10
20.221833667529374 10
20.330221116251664 10
20.447253415142484 10
20.572746182549242 10
20.706498965570784 10
20.84829562029148 10
20.99790472188364 10
21.15508000379603 10
21.319560825193285 10
21.49107266575731 10
21.66932764690717 10
21.854025078446547 10
22.044852029597536 10
22.2414839233351 10
22.443585152888872 10
22.650809719240748 10
22.862801888403073 10
23.079196867228553 10
23.299621496462876 10
23.523694959722757 10
23.751029507049257 10
23.981231191658342 10
24.213900618488502 10
24.448633703117785 10
24.685022439606982 10
24.922655675808702 10
25.161119894663738 10
25.399999999999963 10
25.638880105336032 10
25.877344324191082 10
26.11497756039295 10
26.35136629688215 10
26.58609938151129 10
26.818768808341584 10
27.048970492950673 10
27.276305040277023 10
27.500378503536908 10
27.720803132771376 10
27.937198111596857 10
28.14919028075919 10
28.356414847111076 10
28.55851607666485 10
28.75514797040239 10
28.945974921553503 10
29.13067235309277 10
29.30892733424262 10
29.480439174806772 10
29.644919996204024 10
29.80209527811631 10
29.95170437970847 10
30.09350103442925 10
30.22725381745071 10
30.352746584857464 10
30.46977888374836 10
30.578166332470644 10
30.677740970263653 10
30.76835157564499 10
30.849863952934097 10
30.9221611863682 10
30.98514386132588 10
31.038730252238096 10
31.082856476828546 10
31.117476616390256 10
31.142562801868944 10
31.15810526558969 10
31.16411235852854 10
31.160610533095973 10
31.147644291465262 10
31.125276099544045 10
31.0935862667529 10
31.052672791840067 10
31.002651175025257 10
30.943654196831034 10
30.875831664022083 10
30.7993501231367 10
30.714392542154954 10
30.621157960910587 10
30.519861110911656 10
30.410732005293163 10
30.294015499683358 10
30.169970824818733 10
30.038871091798292 10
29.901002770917607 10
29.756665145076376 10
29.60616973879932 10
29.44983972395638 10
29.28800930331528 10
29.12102307309921 10
28.94923536576188 10
28.773009574233157 10
28.59271745892073 10
28.4087384387858 10
28.221458867844728 10
28.031271298471815 10
27.8385737329073 10
27.643768864393216 10
27.447263309384212 10
27.249466832293727 10
27.050791564250183 10
26.851651217352618 10
26.65246029592057 10
26.453633306238174 10
26.255583966299636 10
26.058724417058137 10
25.863464436681255 10
25.670210659306623 10
25.4793657997874 10
25.291327885902255 10
25.106489499490284 10
24.925237027957632 10
24.747949927579683 10
24.574999999999996 10
24.406750683305635 10
24.243556359026563 10
24.0857616763789 10
23.933700895039145 10
23.78769724769851 10
23.64806232361334 10
23.515095474323175 10
23.38908324266908 10
23.27029881619749 10
23.159001505992258 10
23.055436251925304 10
22.959833155268697 10
22.87240703955694 10
22.793357040536605 10
22.722866225982997 10
22.66110124610818 10
22.608212015225178 10
22.56433142527517 10
22.52957509176268 10
22.504041132582074 10
22.48780998015711 10
22.480944227250745 10
22.48348850673874 10
22.495469405576195 10
22.516895413120686 10
22.547756903910354 10
22.58802615492996 10
22.637657397331914 10
22.696586902513797 10
22.764733102388995 10
22.841996743620946 10
22.9282610755277 10
23.023392071299554 10
23.12723868210795 10
23.239633123622546 10
23.360391194390548 10
23.489312625473346 10
23.626181460673564 10
23.77076646662944 10
23.922821571996625 10
24.082086334880092 10
24.248286437626916 10
24.4211342080392 10
24.600329166013186 10
24.785558594564797 10
24.97649813415591 10
25.172812399187688 10
25.374155615489528 10
25.580172277588545 10
25.790497824510624 10
26.00475933282399 10
26.22257622560823 10
26.443560995997636 10
26.66731994392371 10
26.893453924651766 10
27.121559107688963 10
27.351227744617503 10
27.582048944393662 10
27.813609454634026 10
28.045494447403946 10
28.27728830801159 10
28.50857542530558 10
28.738940981973837 10
28.967971743336733 10
29.195256843134203 10
29.420388564812512 10
29.642963116820578 10
29.862581400442547 10
30.078849768703158 10
30.291380774903693 10
30.49979390936092 10
30.703716322947933 10
30.90278353606083 10
31.09664013165925 10
31.284940431062836 10
31.467349151218286 10
31.64354204218354 10
31.81320650361758 10
31.97604217910104 10
32.13176152715796 10
32.280090367889734 10
32.42076840418184 10
32.553549716491894 10
32.67820323027553 10
32.79451315516138 10
32.90227939503971 10
33.00131792828272 10
33.09146115737356 10
33.17255822727911 10
33.24447531195915 10
33.30709586846767 10
33.36032085816211 10
33.40406893459988 10
33.438276597763966 10
33.46289831432449 10
33.477906603707254 10
33.48329208980533 10
33.47906351823534 10
33.465247739105685 10
33.4418896553294 10
33.40905213658015 10
33.36681589905527 10
33.31527935127433 10
33.25455840620745 10
33.18478626009028 10
33.10611313834751 10
33.018706009107554 10
32.922748264854846 10
32.818439372825026 10
32.705994494808735 10
32.58564407708821 10
32.45763341128601 10
32.32222216696357 10
32.17968389685787 10
32.03030551569924 10
31.87438675360085 10
31.712239585062157 10
31.544187634672582 10
31.370565560645545 10
31.19171841735842 10
31.008000998110788 10
30.819777159351197 10
30.627419127660854 10
30.43130679081173 10
30.23182697424997 10
30.0293727043799 10
29.82434246005343 10
29.617139413688584 10
29.408170663460503 10
29.19784645802892 10
28.98657941527673 10
28.774783736545523 10
28.562874417866546 10
28.351266459686283 10
28.140374076592718 10
27.930609908544383 10
27.722384235106286 10
27.51610419418727 10
27.312173006764716 10
27.1109892090749 10
26.91294589372925 10
26.718429961200023 10
26.527821383102705 10
26.341492478675356 10
26.1598072058339 10
25.983120468150634 10
25.811777439077787 10
25.64611290470114 10
25.486450626274003 10
25.333102723746936 10
25.186369081465728 10
25.046536777167983 10
24.91387953536725 10
24.788657206163663 10
24.671115270473692 10
24.561484372621358 10
24.45997988117924 10
24.36680147889706 10
24.282132782497015 10
24.206140993060572 10
24.13897657767113 10
24.080772982919886 10
24.031646380819254 10
23.991695447608087 10
23.9610011758692 10
23.93962672031754 10
23.927617277551995 10
23.924999999999997 10
23.93178394421865 10
23.947960053650863 10
23.973501175869178 10
24.008362114274725 10
24.052479714152582 10
24.105772982919845 10
24.16814324433775 10
24.23947432639385 10
24.31963278249701 10
24.408468145563656 10
24.5058132145125 10
24.611484372621348 10
24.725281937140352 10
24.8469905394969 10
24.976379535367244 10
25.11320344383464 10
25.25720241479905 10
25.408102723746925 10
25.565617292940654 10
25.729446238034463 10
25.89927743907777 10
26.074787134817285 10
26.255640539167217 10
26.441492478675343 10
26.631988049769355 10
26.826763294533343 10
27.02544589372923 10
27.227655875741682 10
27.433006340098036 10
27.641104194187253 10
27.851550901772935 10
28.063943241877695 10
28.277874076592703 10
28.49293312635293 10
28.708707751199718 10
