   900.00000000000000       -5.0000000000000044E-003   12.153480945297398     
   900.00000000000000       -1.5000000000000005E-002   12.122108249467280     
   900.00000000000000       -2.5000000000000005E-002   12.093069470881764     
   900.00000000000000       -3.5000000000000003E-002   12.067855000496476     
   900.00000000000000       -4.5000000000000005E-002   12.046366809104574     
   900.00000000000000       -5.5000000000000007E-002   12.027818155530733     
   900.00000000000000       -6.5000000000000002E-002   12.010973684373168     
   900.00000000000000       -7.4999999999999997E-002   11.994435006103984     
   900.00000000000000       -8.4999999999999992E-002   11.976899441946882     
   900.00000000000000       -9.4999999999999987E-002   11.957348018338095     
   900.00000000000000      -0.10499999999999998        11.935146750221381     
   900.00000000000000      -0.11499999999999998        11.910062595543414     
   900.00000000000000      -0.12499999999999997        11.882207114701897     
   900.00000000000000      -0.13499999999999998        11.851930949725702     
   900.00000000000000      -0.14499999999999999        11.819698852371816     
   900.00000000000000      -0.15500000000000000        11.785973743786137     
   900.00000000000000      -0.16500000000000001        11.751128465612121     
   900.00000000000000      -0.17500000000000002        11.715390391995077     
   900.00000000000000      -0.18500000000000003        11.678813955096167     
   900.00000000000000      -0.19500000000000003        11.641273705019449     
   900.00000000000000      -0.20500000000000004        11.602474962220262     
   900.00000000000000      -0.21500000000000005        11.561985470188835     
   900.00000000000000      -0.22500000000000006        11.519293604482582     
   900.00000000000000      -0.23500000000000007        11.473892933190353     
   900.00000000000000      -0.24500000000000008        11.425380679034438     
   900.00000000000000      -0.25500000000000006        11.373545726173377     
   900.00000000000000      -0.26500000000000007        11.318418893004822     
   900.00000000000000      -0.27500000000000008        11.260268703869700     
   900.00000000000000      -0.28500000000000009        11.199545929490098     
   900.00000000000000      -0.29500000000000010        11.136799337948364     
   900.00000000000000      -0.30500000000000010        11.072593533993704     
   900.00000000000000      -0.31500000000000011        11.007454546541810     
   900.00000000000000      -0.32500000000000012        10.941854631446573     
   900.00000000000000      -0.33500000000000013        10.876232219498601     
   900.00000000000000      -0.34500000000000014        10.811031507866204     
   900.00000000000000      -0.35500000000000015        10.746740606153498     
   900.00000000000000      -0.36500000000000016        10.683907292384069     
   900.00000000000000      -0.37500000000000017        10.623117511888180     
   900.00000000000000      -0.38500000000000018        10.564934024958394     
   900.00000000000000      -0.39500000000000018        10.509808991779165     
   900.00000000000000      -0.40500000000000019        10.457998667697378     
   900.00000000000000      -0.41500000000000020        10.409512758407095     
   900.00000000000000      -0.42500000000000021        10.364120990041538     
   900.00000000000000      -0.43500000000000022        10.321418885209910     
   900.00000000000000      -0.44500000000000023        10.280934100556154     
   900.00000000000000      -0.45500000000000024        10.242243926137601     
   900.00000000000000      -0.46500000000000025        10.205076072701454     
   900.00000000000000      -0.47500000000000026        10.169372954579382     
   900.00000000000000      -0.48500000000000026        10.135306566423711     
   900.00000000000000      -0.49500000000000027        10.103234292232800     
   900.00000000000000      -0.50500000000000023        10.073590799515992     
   900.00000000000000      -0.51500000000000024        10.046725651557596     
   900.00000000000000      -0.52500000000000024        10.022722200596935     
   900.00000000000000      -0.53500000000000025        10.001259705391130     
   900.00000000000000      -0.54500000000000026        9.9816132218928608     
   1800.0000000000000       -5.0000000000000044E-003   12.112991665094132     
   1800.0000000000000       -1.5000000000000005E-002   12.096244779107453     
   1800.0000000000000       -2.5000000000000005E-002   12.078497274732467     
   1800.0000000000000       -3.5000000000000003E-002   12.060244881945204     
   1800.0000000000000       -4.5000000000000005E-002   12.041310957290323     
   1800.0000000000000       -5.5000000000000007E-002   12.021644651450694     
   1800.0000000000000       -6.5000000000000002E-002   12.001216354535728     
   1800.0000000000000       -7.4999999999999997E-002   11.979945961521866     
   1800.0000000000000       -8.4999999999999992E-002   11.957680904128916     
   1800.0000000000000       -9.4999999999999987E-002   11.934217867253350     
   1800.0000000000000      -0.10499999999999998        11.909347678270368     
   1800.0000000000000      -0.11499999999999998        11.882900179716225     
   1800.0000000000000      -0.12499999999999997        11.854772732639622     
   1800.0000000000000      -0.13499999999999998        11.824936142487688     
   1800.0000000000000      -0.14499999999999999        11.793420321993885     
   1800.0000000000000      -0.15500000000000000        11.760286887197525     
   1800.0000000000000      -0.16500000000000001        11.725597313688064     
   1800.0000000000000      -0.17500000000000002        11.689384377069397     
   1800.0000000000000      -0.18500000000000003        11.651632506106111     
   1800.0000000000000      -0.19500000000000003        11.612270193088655     
   1800.0000000000000      -0.20500000000000004        11.571175185407574     
   1800.0000000000000      -0.21500000000000005        11.528191048937309     
   1800.0000000000000      -0.22500000000000006        11.483151982924351     
   1800.0000000000000      -0.23500000000000007        11.435911612987574     
   1800.0000000000000      -0.24500000000000008        11.386371045098482     
   1800.0000000000000      -0.25500000000000006        11.334501838366553     
   1800.0000000000000      -0.26500000000000007        11.280360726480220     
   1800.0000000000000      -0.27500000000000008        11.224094667354588     
   1800.0000000000000      -0.28500000000000009        11.165936721431519     
   1800.0000000000000      -0.29500000000000010        11.106194858506205     
   1800.0000000000000      -0.30500000000000010        11.045236652633827     
   1800.0000000000000      -0.31500000000000011        10.983472753562518     
   1800.0000000000000      -0.32500000000000012        10.921341136203663     
   1800.0000000000000      -0.33500000000000013        10.859292814494671     
   1800.0000000000000      -0.34500000000000014        10.797778488353456     
   1800.0000000000000      -0.35500000000000015        10.737234948749848     
   1800.0000000000000      -0.36500000000000016        10.678070252372034     
   1800.0000000000000      -0.37500000000000017        10.620647633758399     
   1800.0000000000000      -0.38500000000000018        10.565269486703388     
   1800.0000000000000      -0.39500000000000018        10.512163973415015     
   1800.0000000000000      -0.40500000000000019        10.461477370515340     
   1800.0000000000000      -0.41500000000000020        10.413274794965899     
   1800.0000000000000      -0.42500000000000021        10.367550458353646     
   1800.0000000000000      -0.43500000000000022        10.324246411370583     
   1800.0000000000000      -0.44500000000000023        10.283276451939443     
   1800.0000000000000      -0.45500000000000024        10.244550146844206     
   1800.0000000000000      -0.46500000000000025        10.207991305799387     
   1800.0000000000000      -0.47500000000000026        10.173546026160919     
   1800.0000000000000      -0.48500000000000026        10.141177537959143     
   1800.0000000000000      -0.49500000000000027        10.110848153333750     
   1800.0000000000000      -0.50500000000000023        10.082492061844057     
   1800.0000000000000      -0.51500000000000024        10.055985761535716     
   1800.0000000000000      -0.52500000000000024        10.031124724314228     
   1800.0000000000000      -0.53500000000000025        10.007614704840206     
   1800.0000000000000      -0.54500000000000026        9.9850966910344674     
   2700.0000000000000       -5.0000000000000044E-003   12.090805386615569     
   2700.0000000000000       -1.5000000000000005E-002   12.077351964584107     
   2700.0000000000000       -2.5000000000000005E-002   12.062811991482164     
   2700.0000000000000       -3.5000000000000003E-002   12.047123876333037     
   2700.0000000000000       -4.5000000000000005E-002   12.030023458179905     
   2700.0000000000000       -5.5000000000000007E-002   12.011410645535909     
   2700.0000000000000       -6.5000000000000002E-002   11.991291382332111     
   2700.0000000000000       -7.4999999999999997E-002   11.969714191752862     
   2700.0000000000000       -8.4999999999999992E-002   11.946723475986607     
   2700.0000000000000       -9.4999999999999987E-002   11.922336673868511     
   2700.0000000000000      -0.10499999999999998        11.896541567072223     
   2700.0000000000000      -0.11499999999999998        11.869305029332100     
   2700.0000000000000      -0.12499999999999997        11.840584760500050     
   2700.0000000000000      -0.13499999999999998        11.810338451349308     
   2700.0000000000000      -0.14499999999999999        11.778528094095151     
   2700.0000000000000      -0.15500000000000000        11.745119622752025     
   2700.0000000000000      -0.16500000000000001        11.710079482934365     
   2700.0000000000000      -0.17500000000000002        11.673370260688941     
   2700.0000000000000      -0.18500000000000003        11.634947401446674     
   2700.0000000000000      -0.19500000000000003        11.594758547938454     
   2700.0000000000000      -0.20500000000000004        11.552746305455058     
   2700.0000000000000      -0.21500000000000005        11.508854464476004     
   2700.0000000000000      -0.22500000000000006        11.463037013895935     
   2700.0000000000000      -0.23500000000000007        11.415268769382838     
   2700.0000000000000      -0.24500000000000008        11.365556183733474     
   2700.0000000000000      -0.25500000000000006        11.313946911227150     
   2700.0000000000000      -0.26500000000000007        11.260536930071222     
   2700.0000000000000      -0.27500000000000008        11.205474413473798     
   2700.0000000000000      -0.28500000000000009        11.148959990036259     
   2700.0000000000000      -0.29500000000000010        11.091243459647790     
   2700.0000000000000      -0.30500000000000010        11.032617365672019     
   2700.0000000000000      -0.31500000000000011        10.973408035678039     
   2700.0000000000000      -0.32500000000000012        10.913964796550022     
   2700.0000000000000      -0.33500000000000013        10.854648079182809     
   2700.0000000000000      -0.34500000000000014        10.795817099998860     
   2700.0000000000000      -0.35500000000000015        10.737817780676584     
   2700.0000000000000      -0.36500000000000016        10.680971561325837     
   2700.0000000000000      -0.37500000000000017        10.625565763294185     
   2700.0000000000000      -0.38500000000000018        10.571846129552265     
   2700.0000000000000      -0.39500000000000018        10.520012066986096     
   2700.0000000000000      -0.40500000000000019        10.470214902433341     
   2700.0000000000000      -0.41500000000000020        10.422559139616748     
   2700.0000000000000      -0.42500000000000021        10.377106306289672     
   2700.0000000000000      -0.43500000000000022        10.333880585815200     
   2700.0000000000000      -0.44500000000000023        10.292875131485150     
   2700.0000000000000      -0.45500000000000024        10.254057851114691     
   2700.0000000000000      -0.46500000000000025        10.217375571461607     
   2700.0000000000000      -0.47500000000000026        10.182755835974683     
   2700.0000000000000      -0.48500000000000026        10.150106093985407     
   2700.0000000000000      -0.49500000000000027        10.119310620567916     
   2700.0000000000000      -0.50500000000000023        10.090226093019197     
   2700.0000000000000      -0.51500000000000024        10.062677283369995     
   2700.0000000000000      -0.52500000000000024        10.036454713207830     
   2700.0000000000000      -0.53500000000000025        10.011316455458697     
   2700.0000000000000      -0.54500000000000026        9.9870363589278099     
   3600.0000000000000       -5.0000000000000044E-003   12.068000510722033     
   3600.0000000000000       -1.5000000000000005E-002   12.056673565976254     
   3600.0000000000000       -2.5000000000000005E-002   12.044367351043970     
   3600.0000000000000       -3.5000000000000003E-002   12.030562610828643     
   3600.0000000000000       -4.5000000000000005E-002   12.014990083875297     
   3600.0000000000000       -5.5000000000000007E-002   11.997536884712741     
   3600.0000000000000       -6.5000000000000002E-002   11.978213455117077     
   3600.0000000000000       -7.4999999999999997E-002   11.957096765644838     
   3600.0000000000000       -8.4999999999999992E-002   11.934280383463541     
   3600.0000000000000       -9.4999999999999987E-002   11.909843440535326     
   3600.0000000000000      -0.10499999999999998        11.883837914236940     
   3600.0000000000000      -0.11499999999999998        11.856288077128285     
   3600.0000000000000      -0.12499999999999997        11.827195633557418     
   3600.0000000000000      -0.13499999999999998        11.796546115261453     
   3600.0000000000000      -0.14499999999999999        11.764314403363521     
   3600.0000000000000      -0.15500000000000000        11.730468836602114     
   3600.0000000000000      -0.16500000000000001        11.694974178034252     
   3600.0000000000000      -0.17500000000000002        11.657793998560070     
   3600.0000000000000      -0.18500000000000003        11.618893045369941     
   3600.0000000000000      -0.19500000000000003        11.578240043439463     
   3600.0000000000000      -0.20500000000000004        11.535811195564184     
   3600.0000000000000      -0.21500000000000005        11.491594435448279     
   3600.0000000000000      -0.22500000000000006        11.445594277884814     
   3600.0000000000000      -0.23500000000000007        11.397836930226337     
   3600.0000000000000      -0.24500000000000008        11.348375205930555     
   3600.0000000000000      -0.25500000000000006        11.297292730203162     
   3600.0000000000000      -0.26500000000000007        11.244706952548057     
   3600.0000000000000      -0.27500000000000008        11.190770571966141     
   3600.0000000000000      -0.28500000000000009        11.135671119314042     
   3600.0000000000000      -0.29500000000000010        11.079628605341547     
   3600.0000000000000      -0.30500000000000010        11.022891310016986     
   3600.0000000000000      -0.31500000000000011        10.965729940430840     
   3600.0000000000000      -0.32500000000000012        10.908430507925184     
   3600.0000000000000      -0.33500000000000013        10.851286362654955     
   3600.0000000000000      -0.34500000000000014        10.794589872532679     
   3600.0000000000000      -0.35500000000000015        10.738624243078876     
   3600.0000000000000      -0.36500000000000016        10.683655946238037     
   3600.0000000000000      -0.37500000000000017        10.629928161772099     
   3600.0000000000000      -0.38500000000000018        10.577655538181169     
   3600.0000000000000      -0.39500000000000018        10.527020457971126     
   3600.0000000000000      -0.40500000000000019        10.478170855896371     
   3600.0000000000000      -0.41500000000000020        10.431219504926439     
   3600.0000000000000      -0.42500000000000021        10.386244572814281     
   3600.0000000000000      -0.43500000000000022        10.343291179681760     
   3600.0000000000000      -0.44500000000000023        10.302373659812059     
   3600.0000000000000      -0.45500000000000024        10.263478232063683     
   3600.0000000000000      -0.46500000000000025        10.226565769907733     
   3600.0000000000000      -0.47500000000000026        10.191574282351217     
   3600.0000000000000      -0.48500000000000026        10.158420562191182     
   3600.0000000000000      -0.49500000000000027        10.127000333158390     
   3600.0000000000000      -0.50500000000000023        10.097186378490477     
   3600.0000000000000      -0.51500000000000024        10.068824833985238     
   3600.0000000000000      -0.52500000000000024        10.041731097361112     
   3600.0000000000000      -0.53500000000000025        10.015688312207416     
   3600.0000000000000      -0.54500000000000026        9.9904788339536701     
   4500.0000000000000       -5.0000000000000044E-003   12.044802323283163     
   4500.0000000000000       -1.5000000000000005E-002   12.035247834366114     
   4500.0000000000000       -2.5000000000000005E-002   12.024314687197213     
   4500.0000000000000       -3.5000000000000003E-002   12.011836876639087     
   4500.0000000000000       -4.5000000000000005E-002   11.997458181942827     
   4500.0000000000000       -5.5000000000000007E-002   11.981021612643751     
   4500.0000000000000       -6.5000000000000002E-002   11.962516054920862     
   4500.0000000000000       -7.4999999999999997E-002   11.942012413375048     
   4500.0000000000000       -8.4999999999999992E-002   11.919610808480414     
   4500.0000000000000       -9.4999999999999987E-002   11.895406913135959     
   4500.0000000000000      -0.10499999999999998        11.869476082220606     
   4500.0000000000000      -0.11499999999999998        11.841869489717133     
   4500.0000000000000      -0.12499999999999997        11.812616393221184     
   4500.0000000000000      -0.13499999999999998        11.781728564193374     
   4500.0000000000000      -0.14499999999999999        11.749204948055343     
   4500.0000000000000      -0.15500000000000000        11.715035939819264     
   4500.0000000000000      -0.16500000000000001        11.679207266549607     
   4500.0000000000000      -0.17500000000000002        11.641703636806692     
   4500.0000000000000      -0.18500000000000003        11.602512302750274     
   4500.0000000000000      -0.19500000000000003        11.561626617995040     
   4500.0000000000000      -0.20500000000000004        11.519049609981971     
   4500.0000000000000      -0.21500000000000005        11.474797525096742     
   4500.0000000000000      -0.22500000000000006        11.428903247786126     
   4500.0000000000000      -0.23500000000000007        11.381419444084079     
   4500.0000000000000      -0.24500000000000008        11.332421242791137     
   4500.0000000000000      -0.25500000000000006        11.282008250960894     
   4500.0000000000000      -0.26500000000000007        11.230305709173756     
   4500.0000000000000      -0.27500000000000008        11.177464626486520     
   4500.0000000000000      -0.28500000000000009        11.123660791758743     
   4500.0000000000000      -0.29500000000000010        11.069092630435801     
   4500.0000000000000      -0.30500000000000010        11.013977955843718     
   4500.0000000000000      -0.31500000000000011        10.958549742517851     
   4500.0000000000000      -0.32500000000000012        10.903051118244305     
   4500.0000000000000      -0.33500000000000013        10.847729824332472     
   4500.0000000000000      -0.34500000000000014        10.792832425852719     
   4500.0000000000000      -0.35500000000000015        10.738598562448509     
   4500.0000000000000      -0.36500000000000016        10.685255516174301     
   4500.0000000000000      -0.37500000000000017        10.633013337414658     
   4500.0000000000000      -0.38500000000000018        10.582060717756843     
   4500.0000000000000      -0.39500000000000018        10.532561735053292     
   4500.0000000000000      -0.40500000000000019        10.484653528082136     
   4500.0000000000000      -0.41500000000000020        10.438444893387844     
   4500.0000000000000      -0.42500000000000021        10.394015742652170     
   4500.0000000000000      -0.43500000000000022        10.351417319777665     
   4500.0000000000000      -0.44500000000000023        10.310673051927644     
   4500.0000000000000      -0.45500000000000024        10.271779886041163     
   4500.0000000000000      -0.46500000000000025        10.234709919283297     
   4500.0000000000000      -0.47500000000000026        10.199412045197558     
   4500.0000000000000      -0.48500000000000026        10.165813215081482     
   4500.0000000000000      -0.49500000000000027        10.133818835804847     
   4500.0000000000000      -0.50500000000000023        10.103311955627339     
   4500.0000000000000      -0.51500000000000024        10.074151398918008     
   4500.0000000000000      -0.52500000000000024        10.046169890540547     
   4500.0000000000000      -0.53500000000000025        10.019174185401646     
   4500.0000000000000      -0.54500000000000026        9.9929629620716991     
   5400.0000000000000       -5.0000000000000044E-003   12.020397054130871     
   5400.0000000000000       -1.5000000000000005E-002   12.013142186452946     
   5400.0000000000000       -2.5000000000000005E-002   12.003730900837340     
   5400.0000000000000       -3.5000000000000003E-002   11.992690934731352     
   5400.0000000000000       -4.5000000000000005E-002   11.979580172195023     
   5400.0000000000000       -5.5000000000000007E-002   11.964209756989895     
   5400.0000000000000       -6.5000000000000002E-002   11.946564097953562     
   5400.0000000000000       -7.4999999999999997E-002   11.926723121188980     
   5400.0000000000000       -8.4999999999999992E-002   11.904802621031596     
   5400.0000000000000       -9.4999999999999987E-002   11.880917111613039     
   5400.0000000000000      -0.10499999999999998        11.855162341891965     
   5400.0000000000000      -0.11499999999999998        11.827610797603962     
   5400.0000000000000      -0.12499999999999997        11.798313733017228     
   5400.0000000000000      -0.13499999999999998        11.767305469496941     
   5400.0000000000000      -0.14499999999999999        11.734607927691533     
   5400.0000000000000      -0.15500000000000000        11.700234781682301     
   5400.0000000000000      -0.16500000000000001        11.664195242059401     
   5400.0000000000000      -0.17500000000000002        11.626497613084195     
   5400.0000000000000      -0.18500000000000003        11.587152719299800     
   5400.0000000000000      -0.19500000000000003        11.546177217644475     
   5400.0000000000000      -0.20500000000000004        11.503596754718847     
   5400.0000000000000      -0.21500000000000005        11.459448897290226     
   5400.0000000000000      -0.22500000000000006        11.413785747517501     
   5400.0000000000000      -0.23500000000000007        11.366676145334006     
   5400.0000000000000      -0.24500000000000008        11.318207357611874     
   5400.0000000000000      -0.25500000000000006        11.268486158085686     
   5400.0000000000000      -0.26500000000000007        11.217639215318696     
   5400.0000000000000      -0.27500000000000008        11.165812728832250     
   5400.0000000000000      -0.28500000000000009        11.113171284985636     
   5400.0000000000000      -0.29500000000000010        11.059895942065985     
   5400.0000000000000      -0.30500000000000010        11.006181595005645     
   5400.0000000000000      -0.31500000000000011        10.952233710446299     
   5400.0000000000000      -0.32500000000000012        10.898264558674358     
   5400.0000000000000      -0.33500000000000013        10.844489096947346     
   5400.0000000000000      -0.34500000000000014        10.791120676345283     
   5400.0000000000000      -0.35500000000000015        10.738366750071300     
   5400.0000000000000      -0.36500000000000016        10.686424754748131     
   5400.0000000000000      -0.37500000000000017        10.635478318576167     
   5400.0000000000000      -0.38500000000000018        10.585693923019441     
   5400.0000000000000      -0.39500000000000018        10.537218110646167     
   5400.0000000000000      -0.40500000000000019        10.490175294059361     
   5400.0000000000000      -0.41500000000000020        10.444666183212821     
   5400.0000000000000      -0.42500000000000021        10.400766814492567     
   5400.0000000000000      -0.43500000000000022        10.358528137795249     
   5400.0000000000000      -0.44500000000000023        10.317976097992924     
   5400.0000000000000      -0.45500000000000024        10.279112130692178     
   5400.0000000000000      -0.46500000000000025        10.241913969659137     
   5400.0000000000000      -0.47500000000000026        10.206336624955503     
   5400.0000000000000      -0.48500000000000026        10.172313340731284     
   5400.0000000000000      -0.49500000000000027        10.139756317584347     
   5400.0000000000000      -0.50500000000000023        10.108557063642447     
   5400.0000000000000      -0.51500000000000024        10.078586499673637     
   5400.0000000000000      -0.52500000000000024        10.049695377326671     
   5400.0000000000000      -0.53500000000000025        10.021716278802630     
   5400.0000000000000      -0.54500000000000026        9.9945091705436706     
   6300.0000000000000       -5.0000000000000044E-003   11.976275043508343     
   6300.0000000000000       -1.5000000000000005E-002   11.975048487052353     
   6300.0000000000000       -2.5000000000000005E-002   11.971901660024521     
   6300.0000000000000       -3.5000000000000003E-002   11.965986192212002     
   6300.0000000000000       -4.5000000000000005E-002   11.956887044512596     
   6300.0000000000000       -5.5000000000000007E-002   11.944513126056476     
   6300.0000000000000       -6.5000000000000002E-002   11.929010596260099     
   6300.0000000000000       -7.4999999999999997E-002   11.910645955015074     
   6300.0000000000000       -8.4999999999999992E-002   11.889709178002470     
   6300.0000000000000       -9.4999999999999987E-002   11.866456166698022     
   6300.0000000000000      -0.10499999999999998        11.841087150303240     
   6300.0000000000000      -0.11499999999999998        11.813747902551608     
   6300.0000000000000      -0.12499999999999997        11.784540838234040     
   6300.0000000000000      -0.13499999999999998        11.753537667982243     
   6300.0000000000000      -0.14499999999999999        11.720789989534378     
   6300.0000000000000      -0.15500000000000000        11.686337161849636     
   6300.0000000000000      -0.16500000000000001        11.650212048072254     
   6300.0000000000000      -0.17500000000000002        11.612445409330460     
   6300.0000000000000      -0.18500000000000003        11.573069519488994     
   6300.0000000000000      -0.19500000000000003        11.532121307843296     
   6300.0000000000000      -0.20500000000000004        11.489645148591240     
   6300.0000000000000      -0.21500000000000005        11.445695311050098     
   6300.0000000000000      -0.22500000000000006        11.400338036010089     
   6300.0000000000000      -0.23500000000000007        11.353653185739805     
   6300.0000000000000      -0.24500000000000008        11.305735412840605     
   6300.0000000000000      -0.25500000000000006        11.256694799339867     
   6300.0000000000000      -0.26500000000000007        11.206656929660131     
   6300.0000000000000      -0.27500000000000008        11.155762377899174     
   6300.0000000000000      -0.28500000000000009        11.104165610535217     
   6300.0000000000000      -0.29500000000000010        11.052033328521238     
   6300.0000000000000      -0.30500000000000010        10.999542296522941     
   6300.0000000000000      -0.31500000000000011        10.946876729560175     
   6300.0000000000000      -0.32500000000000012        10.894225327163454     
   6300.0000000000000      -0.33500000000000013        10.841778060310792     
   6300.0000000000000      -0.34500000000000014        10.789722826092593     
   6300.0000000000000      -0.35500000000000015        10.738242088065149     
   6300.0000000000000      -0.36500000000000016        10.687509616950475     
   6300.0000000000000      -0.37500000000000017        10.637687436771571     
   6300.0000000000000      -0.38500000000000018        10.588923067466343     
   6300.0000000000000      -0.39500000000000018        10.541347138120605     
   6300.0000000000000      -0.40500000000000019        10.495071428789233     
   6300.0000000000000      -0.41500000000000020        10.450187386725064     
   6300.0000000000000      -0.42500000000000021        10.406765158707159     
   6300.0000000000000      -0.43500000000000022        10.364853184519566     
   6300.0000000000000      -0.44500000000000023        10.324478398775943     
   6300.0000000000000      -0.45500000000000024        10.285647063333167     
   6300.0000000000000      -0.46500000000000025        10.248346159132009     
   6300.0000000000000      -0.47500000000000026        10.212545064593153     
   6300.0000000000000      -0.48500000000000026        10.178196951742132     
   6300.0000000000000      -0.49500000000000027        10.145239073594894     
   6300.0000000000000      -0.50500000000000023        10.113591171377537     
   6300.0000000000000      -0.51500000000000024        10.083151892041169     
   6300.0000000000000      -0.52500000000000024        10.053794403701447     
   6300.0000000000000      -0.53500000000000025        10.025363993045250     
   6300.0000000000000      -0.54500000000000026        9.9977080123555648     
   7200.0000000000000       -5.0000000000000044E-003   11.951560416935212     
   7200.0000000000000       -1.5000000000000005E-002   11.950313263209658     
   7200.0000000000000       -2.5000000000000005E-002   11.946840669702654     
   7200.0000000000000       -3.5000000000000003E-002   11.941177860125997     
   7200.0000000000000       -4.5000000000000005E-002   11.932834097566792     
   7200.0000000000000       -5.5000000000000007E-002   11.921576129227129     
   7200.0000000000000       -6.5000000000000002E-002   11.907372675490500     
   7200.0000000000000       -7.4999999999999997E-002   11.890322015293984     
   7200.0000000000000       -8.4999999999999992E-002   11.870587827816715     
   7200.0000000000000       -9.4999999999999987E-002   11.848353371962142     
   7200.0000000000000      -0.10499999999999998        11.823794536850775     
   7200.0000000000000      -0.11499999999999998        11.797067207779278     
   7200.0000000000000      -0.12499999999999997        11.768303529178839     
   7200.0000000000000      -0.13499999999999998        11.737612931357603     
   7200.0000000000000      -0.14499999999999999        11.705085424333475     
   7200.0000000000000      -0.15500000000000000        11.670795838226443     
   7200.0000000000000      -0.16500000000000001        11.634808330145150     
   7200.0000000000000      -0.17500000000000002        11.597180781113035     
   7200.0000000000000      -0.18500000000000003        11.557968859369408     
   7200.0000000000000      -0.19500000000000003        11.517229622688991     
   7200.0000000000000      -0.20500000000000004        11.475024600436681     
   7200.0000000000000      -0.21500000000000005        11.431422339583770     
   7200.0000000000000      -0.22500000000000006        11.386500420181543     
   7200.0000000000000      -0.23500000000000007        11.340346951338978     
   7200.0000000000000      -0.24500000000000008        11.293061556677062     
   7200.0000000000000      -0.25500000000000006        11.244755855367030     
   7200.0000000000000      -0.26500000000000007        11.195553445035138     
   7200.0000000000000      -0.27500000000000008        11.145589397547235     
   7200.0000000000000      -0.28500000000000009        11.095009287443588     
   7200.0000000000000      -0.29500000000000010        11.043967784532049     
   7200.0000000000000      -0.30500000000000010        10.992626855131956     
   7200.0000000000000      -0.31500000000000011        10.941153629448205     
   7200.0000000000000      -0.32500000000000012        10.889718004032165     
   7200.0000000000000      -0.33500000000000013        10.838490057540579     
   7200.0000000000000      -0.34500000000000014        10.787637364081009     
   7200.0000000000000      -0.35500000000000015        10.737322291283931     
   7200.0000000000000      -0.36500000000000016        10.687699369471375     
   7200.0000000000000      -0.37500000000000017        10.638912814385980     
   7200.0000000000000      -0.38500000000000018        10.591094278843498     
   7200.0000000000000      -0.39500000000000018        10.544360899165151     
   7200.0000000000000      -0.40500000000000019        10.498813690566410     
   7200.0000000000000      -0.41500000000000020        10.454536333119623     
   7200.0000000000000      -0.42500000000000021        10.411594377069173     
   7200.0000000000000      -0.43500000000000022        10.370034883482214     
   7200.0000000000000      -0.44500000000000023        10.329886499038686     
   7200.0000000000000      -0.45500000000000024        10.291159930875082     
   7200.0000000000000      -0.46500000000000025        10.253848718229191     
   7200.0000000000000      -0.47500000000000026        10.217930075032232     
   7200.0000000000000      -0.48500000000000026        10.183365415880683     
   7200.0000000000000      -0.49500000000000027        10.150100064835135     
   7200.0000000000000      -0.50500000000000023        10.118061752683088     
   7200.0000000000000      -0.51500000000000024        10.087158009180916     
   7200.0000000000000      -0.52500000000000024        10.057273445535088     
   7200.0000000000000      -0.53500000000000025        10.028269116423164     
   7200.0000000000000      -0.54500000000000026        10.000027019914688     
   8100.0000000000000       -5.0000000000000044E-003   11.905999288505695     
   8100.0000000000000       -1.5000000000000005E-002   11.910248447832315     
   8100.0000000000000       -2.5000000000000005E-002   11.912041942162778     
   8100.0000000000000       -3.5000000000000003E-002   11.910815700476292     
   8100.0000000000000       -4.5000000000000005E-002   11.906032699695592     
   8100.0000000000000       -5.5000000000000007E-002   11.897534925425537     
   8100.0000000000000       -6.5000000000000002E-002   11.885435308106521     
   8100.0000000000000       -7.4999999999999997E-002   11.869992028860247     
   8100.0000000000000       -8.4999999999999992E-002   11.851507266352110     
   8100.0000000000000       -9.4999999999999987E-002   11.830266033096814     
   8100.0000000000000      -0.10499999999999998        11.806510832494968     
   8100.0000000000000      -0.11499999999999998        11.780439013651986     
   8100.0000000000000      -0.12499999999999997        11.752210173045677     
   8100.0000000000000      -0.13499999999999998        11.721955567667173     
   8100.0000000000000      -0.14499999999999999        11.689786095039080     
   8100.0000000000000      -0.15500000000000000        11.655798230389740     
   8100.0000000000000      -0.16500000000000001        11.620078441448513     
   8100.0000000000000      -0.17500000000000002        11.582706731849379     
   8100.0000000000000      -0.18500000000000003        11.543759731139929     
   8100.0000000000000      -0.19500000000000003        11.503313499310361     
   8100.0000000000000      -0.20500000000000004        11.461446059362595     
   8100.0000000000000      -0.21500000000000005        11.418239607992300     
   8100.0000000000000      -0.22500000000000006        11.373782345827173     
   8100.0000000000000      -0.23500000000000007        11.328169882944080     
   8100.0000000000000      -0.24500000000000008        11.281506195005839     
   8100.0000000000000      -0.25500000000000006        11.233904122910303     
   8100.0000000000000      -0.26500000000000007        11.185485422941909     
   8100.0000000000000      -0.27500000000000008        11.136380385672974     
   8100.0000000000000      -0.28500000000000009        11.086727051483825     
   8100.0000000000000      -0.29500000000000010        11.036670059250689     
   8100.0000000000000      -0.30500000000000010        10.986359172902644     
   8100.0000000000000      -0.31500000000000011        10.935947538008804     
   8100.0000000000000      -0.32500000000000012        10.885589727111755     
   8100.0000000000000      -0.33500000000000013        10.835439637664274     
   8100.0000000000000      -0.34500000000000014        10.785648309846765     
   8100.0000000000000      -0.35500000000000015        10.736361732809803     
   8100.0000000000000      -0.36500000000000016        10.687718706890243     
   8100.0000000000000      -0.37500000000000017        10.639848825939641     
   8100.0000000000000      -0.38500000000000018        10.592870638396848     
   8100.0000000000000      -0.39500000000000018        10.546890038684786     
   8100.0000000000000      -0.40500000000000019        10.501998933368379     
   8100.0000000000000      -0.41500000000000020        10.458274221320785     
   8100.0000000000000      -0.42500000000000021        10.415777126229681     
   8100.0000000000000      -0.43500000000000022        10.374552922737392     
   8100.0000000000000      -0.44500000000000023        10.334631096260333     
   8100.0000000000000      -0.45500000000000024        10.296025948334171     
   8100.0000000000000      -0.46500000000000025        10.258737566287648     
   8100.0000000000000      -0.47500000000000026        10.222752882936636     
   8100.0000000000000      -0.48500000000000026        10.188046274937605     
   8100.0000000000000      -0.49500000000000027        10.154578919517119     
   8100.0000000000000      -0.50500000000000023        10.122296216574586     
   8100.0000000000000      -0.51500000000000024        10.091123271157043     
   8100.0000000000000      -0.52500000000000024        10.060959735316322     
   8100.0000000000000      -0.53500000000000025        10.031676785942858     
   8100.0000000000000      -0.54500000000000026        10.003133000080473     
   9000.0000000000000       -5.0000000000000044E-003   11.881453584729391     
   9000.0000000000000       -1.5000000000000005E-002   11.884775425599397     
   9000.0000000000000       -2.5000000000000005E-002   11.886048952415216     
   9000.0000000000000       -3.5000000000000003E-002   11.884838391161756     
   9000.0000000000000       -4.5000000000000005E-002   11.880602481065468     
   9000.0000000000000       -5.5000000000000007E-002   11.873073500900004     
   9000.0000000000000       -6.5000000000000002E-002   11.862201661261610     
   9000.0000000000000       -7.4999999999999997E-002   11.848081860550421     
   9000.0000000000000       -8.4999999999999992E-002   11.830887520479903     
   9000.0000000000000       -9.4999999999999987E-002   11.810822595819157     
   9000.0000000000000      -0.10499999999999998        11.788092606611594     
   9000.0000000000000      -0.11499999999999998        11.762890130345507     
   9000.0000000000000      -0.12499999999999997        11.735389253821262     
   9000.0000000000000      -0.13499999999999998        11.705744814913203     
   9000.0000000000000      -0.14499999999999999        11.674093966568748     
   9000.0000000000000      -0.15500000000000000        11.640558807148784     
   9000.0000000000000      -0.16500000000000001        11.605249459764146     
   9000.0000000000000      -0.17500000000000002        11.568267261980616     
   9000.0000000000000      -0.18500000000000003        11.529707849930091     
   9000.0000000000000      -0.19500000000000003        11.489663993474243     
   9000.0000000000000      -0.20500000000000004        11.448228094682884     
   9000.0000000000000      -0.21500000000000005        11.405494303183747     
   9000.0000000000000      -0.22500000000000006        11.361560228589651     
   9000.0000000000000      -0.23500000000000007        11.316528244736251     
   9000.0000000000000      -0.24500000000000008        11.270506388006492     
   9000.0000000000000      -0.25500000000000006        11.223608856971625     
   9000.0000000000000      -0.26500000000000007        11.175956125576286     
   9000.0000000000000      -0.27500000000000008        11.127674688082253     
   9000.0000000000000      -0.28500000000000009        11.078896460803486     
   9000.0000000000000      -0.29500000000000010        11.029757872791208     
   9000.0000000000000      -0.30500000000000010        10.980398684446339     
   9000.0000000000000      -0.31500000000000011        10.930960579110096     
   9000.0000000000000      -0.32500000000000012        10.881585577657972     
   9000.0000000000000      -0.33500000000000013        10.832414329812771     
   9000.0000000000000      -0.34500000000000014        10.783584338127433     
   9000.0000000000000      -0.35500000000000015        10.735228171304534     
   9000.0000000000000      -0.36500000000000016        10.687471722582190     
   9000.0000000000000      -0.37500000000000017        10.640432566227938     
   9000.0000000000000      -0.38500000000000018        10.594218460472685     
   9000.0000000000000      -0.39500000000000018        10.548926038219705     
   9000.0000000000000      -0.40500000000000019        10.504639717239593     
   9000.0000000000000      -0.41500000000000020        10.461430849315372     
   9000.0000000000000      -0.42500000000000021        10.419357113320610     
   9000.0000000000000      -0.43500000000000022        10.378462141328292     
   9000.0000000000000      -0.44500000000000023        10.338775349681374     
   9000.0000000000000      -0.45500000000000024        10.300311926375167     
   9000.0000000000000      -0.46500000000000025        10.263072896718951     
   9000.0000000000000      -0.47500000000000026        10.227045146621508     
   9000.0000000000000      -0.48500000000000026        10.192201235876759     
   9000.0000000000000      -0.49500000000000027        10.158498822536382     
   9000.0000000000000      -0.50500000000000023        10.125879618842449     
   9000.0000000000000      -0.51500000000000024        10.094268080933958     
   9000.0000000000000      -0.52500000000000024        10.063570478948838     
   9000.0000000000000      -0.53500000000000025        10.033675597843944     
   9000.0000000000000      -0.54500000000000026        10.004485445192460     
   9900.0000000000000       -5.0000000000000044E-003   11.857400091047325     
   9900.0000000000000       -1.5000000000000005E-002   11.860653806828793     
   9900.0000000000000       -2.5000000000000005E-002   11.861962077132805     
   9900.0000000000000       -3.5000000000000003E-002   11.860937520543731     
   9900.0000000000000       -4.5000000000000005E-002   11.857061914560234     
   9900.0000000000000       -5.5000000000000007E-002   11.850065544828654     
   9900.0000000000000       -6.5000000000000002E-002   11.839875055950213     
   9900.0000000000000       -7.4999999999999997E-002   11.826546938490461     
   9900.0000000000000       -8.4999999999999992E-002   11.810209460962971     
   9900.0000000000000       -9.4999999999999987E-002   11.791022304324217     
   9900.0000000000000      -0.10499999999999998        11.769153424397553     
   9900.0000000000000      -0.11499999999999998        11.744767969276850     
   9900.0000000000000      -0.12499999999999997        11.718023807053138     
   9900.0000000000000      -0.13499999999999998        11.689070004805282     
   9900.0000000000000      -0.14499999999999999        11.658046493482093     
   9900.0000000000000      -0.15500000000000000        11.625084333507465     
   9900.0000000000000      -0.16500000000000001        11.590306468820980     
   9900.0000000000000      -0.17500000000000002        11.553828928343405     
   9900.0000000000000      -0.18500000000000003        11.515762374081167     
   9900.0000000000000      -0.19500000000000003        11.476213842399703     
   9900.0000000000000      -0.20500000000000004        11.435288515710548     
   9900.0000000000000      -0.21500000000000005        11.393091385005880     
   9900.0000000000000      -0.22500000000000006        11.349728700186057     
   9900.0000000000000      -0.23500000000000007        11.305309141034554     
   9900.0000000000000      -0.24500000000000008        11.259944671235020     
   9900.0000000000000      -0.25500000000000006        11.213751060049828     
   9900.0000000000000      -0.26500000000000007        11.166848072450465     
   9900.0000000000000      -0.27500000000000008        11.119359340371922     
   9900.0000000000000      -0.28500000000000009        11.071411936766557     
   9900.0000000000000      -0.29500000000000010        11.023135681259371     
   9900.0000000000000      -0.30500000000000010        10.974662211954746     
   9900.0000000000000      -0.31500000000000011        10.926123862580154     
   9900.0000000000000      -0.32500000000000012        10.877652387660865     
   9900.0000000000000      -0.33500000000000013        10.829377580757562     
   9900.0000000000000      -0.34500000000000014        10.781425831791157     
   9900.0000000000000      -0.35500000000000015        10.733918669029082     
   9900.0000000000000      -0.36500000000000016        10.686971329277313     
   9900.0000000000000      -0.37500000000000017        10.640691396259282     
   9900.0000000000000      -0.38500000000000018        10.595177542252028     
   9900.0000000000000      -0.39500000000000018        10.550518402453658     
   9900.0000000000000      -0.40500000000000019        10.506791606458098     
   9900.0000000000000      -0.41500000000000020        10.464062988548827     
   9900.0000000000000      -0.42500000000000021        10.422386000235417     
   9900.0000000000000      -0.43500000000000022        10.381801354768903     
   9900.0000000000000      -0.44500000000000023        10.342336938764937     
   9900.0000000000000      -0.45500000000000024        10.304008014837203     
   9900.0000000000000      -0.46500000000000025        10.266817684518994     
   9900.0000000000000      -0.47500000000000026        10.230757457372187     
   9900.0000000000000      -0.48500000000000026        10.195807588624149     
   9900.0000000000000      -0.49500000000000027        10.161936690738761     
   9900.0000000000000      -0.50500000000000023        10.129100172723176     
   9900.0000000000000      -0.51500000000000024        10.097237506409163     
   9900.0000000000000      -0.52500000000000024        10.066269176448110     
   9900.0000000000000      -0.53500000000000025        10.036095376129806     
   9900.0000000000000      -0.54500000000000026        10.006639441372961     
   10800.000000000000       -5.0000000000000044E-003   11.833489761353979     
   10800.000000000000       -1.5000000000000005E-002   11.836977632818636     
   10800.000000000000       -2.5000000000000005E-002   11.838544323530268     
   10800.000000000000       -3.5000000000000003E-002   11.837839313720693     
   10800.000000000000       -4.5000000000000005E-002   11.834358292536903     
   10800.000000000000       -5.5000000000000007E-002   11.827836674953733     
   10800.000000000000       -6.5000000000000002E-002   11.818197752999948     
   10800.000000000000       -7.4999999999999997E-002   11.805487501502327     
   10800.000000000000       -8.4999999999999992E-002   11.789818610292297     
   10800.000000000000       -9.4999999999999987E-002   11.771332593766138     
   10800.000000000000      -0.10499999999999998        11.750179100577910     
   10800.000000000000      -0.11499999999999998        11.726506919047626     
   10800.000000000000      -0.12499999999999997        11.700461017212254     
   10800.000000000000      -0.13499999999999998        11.672181870788942     
   10800.000000000000      -0.14499999999999999        11.641805340987530     
   10800.000000000000      -0.15500000000000000        11.609462627287085     
   10800.000000000000      -0.16500000000000001        11.575280337138789     
   10800.000000000000      -0.17500000000000002        11.539380793696361     
   10800.000000000000      -0.18500000000000003        11.501882623949472     
   10800.000000000000      -0.19500000000000003        11.462901582881031     
   10800.000000000000      -0.20500000000000004        11.422551521625644     
   10800.000000000000      -0.21500000000000005        11.380945396027705     
   10800.000000000000      -0.22500000000000006        11.338196221740066     
   10800.000000000000      -0.23500000000000007        11.294417900332137     
   10800.000000000000      -0.24500000000000008        11.249725861104560     
   10800.000000000000      -0.25500000000000006        11.204237482368816     
   10800.000000000000      -0.26500000000000007        11.158072272824374     
   10800.000000000000      -0.27500000000000008        11.111351808079297     
   10800.000000000000      -0.28500000000000009        11.064199429341857     
   10800.000000000000      -0.29500000000000010        11.016739720987704     
   10800.000000000000      -0.30500000000000010        10.969097791285927     
   10800.000000000000      -0.31500000000000011        10.921398386244064     
   10800.000000000000      -0.32500000000000012        10.873764870538167     
   10800.000000000000      -0.33500000000000013        10.826318111992622     
   10800.000000000000      -0.34500000000000014        10.779175307270107     
   10800.000000000000      -0.35500000000000015        10.732448786463618     
   10800.000000000000      -0.36500000000000016        10.686244833370964     
   10800.000000000000      -0.37500000000000017        10.640662556574400     
   10800.000000000000      -0.38500000000000018        10.595792844448111     
   10800.000000000000      -0.39500000000000018        10.551717435459430     
   10800.000000000000      -0.40500000000000019        10.508508134779809     
   10800.000000000000      -0.41500000000000020        10.466226210850506     
   10800.000000000000      -0.42500000000000021        10.424922012628091     
   10800.000000000000      -0.43500000000000022        10.384634858336053     
   10800.000000000000      -0.44500000000000023        10.345393250371622     
   10800.000000000000      -0.45500000000000024        10.307215444799178     
   10800.000000000000      -0.46500000000000025        10.270110309075990     
   10800.000000000000      -0.47500000000000026        10.234078203245796     
   10800.000000000000      -0.48500000000000026        10.199111334971912     
   10800.000000000000      -0.49500000000000027        10.165192801535431     
   10800.000000000000      -0.50500000000000023        10.132293612895252     
   10800.000000000000      -0.51500000000000024        10.100367676215086     
   10800.000000000000      -0.52500000000000024        10.069346031589216     
   10800.000000000000      -0.53500000000000025        10.039133216050693     
   10800.000000000000      -0.54500000000000026        10.009636180462119     
   11700.000000000000       -5.0000000000000044E-003   11.808794902062328     
   11700.000000000000       -1.5000000000000005E-002   11.812839027479864     
   11700.000000000000       -2.5000000000000005E-002   11.814967532653839     
   11700.000000000000       -3.5000000000000003E-002   11.814816318696932     
   11700.000000000000       -4.5000000000000005E-002   11.811887474331570     
   11700.000000000000       -5.5000000000000007E-002   11.805924448206751     
   11700.000000000000       -6.5000000000000002E-002   11.796857982658924     
   11700.000000000000       -7.4999999999999997E-002   11.784738964433307     
   11700.000000000000       -8.4999999999999992E-002   11.769681424105769     
   11700.000000000000       -9.4999999999999987E-002   11.751824709895677     
   11700.000000000000      -0.10499999999999998        11.731313690931435     
   11700.000000000000      -0.11499999999999998        11.708291047037045     
   11700.000000000000      -0.12499999999999997        11.682895591683137     
   11700.000000000000      -0.13499999999999998        11.655262632032866     
   11700.000000000000      -0.14499999999999999        11.625524522383440     
   11700.000000000000      -0.15500000000000000        11.593810931824548     
   11700.000000000000      -0.16500000000000001        11.560248919505892     
   11700.000000000000      -0.17500000000000002        11.524963012907202     
   11700.000000000000      -0.18500000000000003        11.488075409496721     
   11700.000000000000      -0.19500000000000003        11.449706329060984     
   11700.000000000000      -0.20500000000000004        11.409974485072906     
   11700.000000000000      -0.21500000000000005        11.368997618450726     
   11700.000000000000      -0.22500000000000006        11.326893033083822     
   11700.000000000000      -0.23500000000000007        11.283778078113556     
   11700.000000000000      -0.24500000000000008        11.239770531442806     
   11700.000000000000      -0.25500000000000006        11.194988849652056     
   11700.000000000000      -0.26500000000000007        11.149552260500426     
   11700.000000000000      -0.27500000000000008        11.103580684898990     
   11700.000000000000      -0.28500000000000009        11.057194485285558     
   11700.000000000000      -0.29500000000000010        11.010514046311124     
   11700.000000000000      -0.30500000000000010        10.963659201469898     
   11700.000000000000      -0.31500000000000011        10.916748525615834     
   11700.000000000000      -0.32500000000000012        10.869898518252327     
   11700.000000000000      -0.33500000000000013        10.823222706110105     
   11700.000000000000      -0.34500000000000014        10.776830696017010     
   11700.000000000000      -0.35500000000000015        10.730827210523115     
   11700.000000000000      -0.36500000000000016        10.685311139310146     
   11700.000000000000      -0.37500000000000017        10.640374639071206     
   11700.000000000000      -0.38500000000000018        10.596102313226471     
   11700.000000000000      -0.39500000000000018        10.552570500380062     
   11700.000000000000      -0.40500000000000019        10.509846696835018     
   11700.000000000000      -0.41500000000000020        10.467989134088539     
   11700.000000000000      -0.42500000000000021        10.427046527643983     
   11700.000000000000      -0.43500000000000022        10.387058008409079     
   11700.000000000000      -0.44500000000000023        10.348053238414220     
   11700.000000000000      -0.45500000000000024        10.310052686930378     
   11700.000000000000      -0.46500000000000025        10.273067981212982     
   11700.000000000000      -0.47500000000000026        10.237102130264052     
   11700.000000000000      -0.48500000000000026        10.202149264413913     
   11700.000000000000      -0.49500000000000027        10.168193424690804     
   11700.000000000000      -0.50500000000000023        10.135206043781510     
   11700.000000000000      -0.51500000000000024        10.103142259288589     
   11700.000000000000      -0.52500000000000024        10.071937083902586     
   11700.000000000000      -0.53500000000000025        10.041503644881873     
   11700.000000000000      -0.54500000000000026        10.011776569189223     
   12600.000000000000       -5.0000000000000044E-003   11.784620418008764     
   12600.000000000000       -1.5000000000000005E-002   11.789408687287761     
   12600.000000000000       -2.5000000000000005E-002   11.791913584545798     
   12600.000000000000       -3.5000000000000003E-002   11.792181170585577     
   12600.000000000000       -4.5000000000000005E-002   11.789714452612790     
   12600.000000000000       -5.5000000000000007E-002   11.784253984738330     
   12600.000000000000       -6.5000000000000002E-002   11.775725287197758     
   12600.000000000000       -7.4999999999999997E-002   11.764172758686744     
   12600.000000000000       -8.4999999999999992E-002   11.749703924150953     
   12600.000000000000       -9.4999999999999987E-002   11.732452339244528     
   12600.000000000000      -0.10499999999999998        11.712558009389289     
   12600.000000000000      -0.11499999999999998        11.690159627009354     
   12600.000000000000      -0.12499999999999997        11.665392798381362     
   12600.000000000000      -0.13499999999999998        11.638390372800215     
   12600.000000000000      -0.14499999999999999        11.609283035450622     
   12600.000000000000      -0.15500000000000000        11.578199637298772     
   12600.000000000000      -0.16500000000000001        11.545267301014157     
   12600.000000000000      -0.17500000000000002        11.510611461999529     
   12600.000000000000      -0.18500000000000003        11.474355952963833     
   12600.000000000000      -0.19500000000000003        11.436623167664463     
   12600.000000000000      -0.20500000000000004        11.397534292833877     
   12600.000000000000      -0.21500000000000005        11.357209577414993     
   12600.000000000000      -0.22500000000000006        11.315768603730355     
   12600.000000000000      -0.23500000000000007        11.273330527105216     
   12600.000000000000      -0.24500000000000008        11.230014254607671     
   12600.000000000000      -0.25500000000000006        11.185938538621890     
   12600.000000000000      -0.26500000000000007        11.141221966756767     
   12600.000000000000      -0.27500000000000008        11.095982835949211     
   12600.000000000000      -0.28500000000000009        11.050338905323221     
   12600.000000000000      -0.29500000000000010        11.004407029008993     
   12600.000000000000      -0.30500000000000010        10.958302676395565     
   12600.000000000000      -0.31500000000000011        10.912139352856173     
   12600.000000000000      -0.32500000000000012        10.866027938694337     
   12600.000000000000      -0.33500000000000013        10.820075967742614     
   12600.000000000000      -0.34500000000000014        10.774386869679574     
   12600.000000000000      -0.35500000000000015        10.729059201622860     
   12600.000000000000      -0.36500000000000016        10.684185894927595     
   12600.000000000000      -0.37500000000000017        10.639853542340921     
   12600.000000000000      -0.38500000000000018        10.596141748944909     
   12600.000000000000      -0.39500000000000018        10.553122568121848     
   12600.000000000000      -0.40500000000000019        10.510860042292654     
   12600.000000000000      -0.41500000000000020        10.469409869258451     
   12600.000000000000      -0.42500000000000021        10.428819220638712     
   12600.000000000000      -0.43500000000000022        10.389126748548838     
   12600.000000000000      -0.44500000000000023        10.350362821927341     
   12600.000000000000      -0.45500000000000024        10.312550011896834     
   12600.000000000000      -0.46500000000000025        10.275703758066566     
   12600.000000000000      -0.47500000000000026        10.239832959363119     
   12600.000000000000      -0.48500000000000026        10.204939959674055     
   12600.000000000000      -0.49500000000000027        10.171019172259038     
   12600.000000000000      -0.50500000000000023        10.138053675540535     
   12600.000000000000      -0.51500000000000024        10.106009801324484     
   12600.000000000000      -0.52500000000000024        10.074831040342589     
   12600.000000000000      -0.53500000000000025        10.044434067021280     
   12600.000000000000      -0.54500000000000026        10.014723668160411     
   13500.000000000000       -5.0000000000000044E-003   11.739090238532661     
   13500.000000000000       -1.5000000000000005E-002   11.749419577816436     
   13500.000000000000       -2.5000000000000005E-002   11.757188237499182     
   13500.000000000000       -3.5000000000000003E-002   11.761824009020614     
   13500.000000000000       -4.5000000000000005E-002   11.762777793650409     
   13500.000000000000       -5.5000000000000007E-002   11.759874655128570     
   13500.000000000000       -6.5000000000000002E-002   11.753206777150508     
   13500.000000000000       -7.4999999999999997E-002   11.743009707844227     
   13500.000000000000       -8.4999999999999992E-002   11.729563698917607     
   13500.000000000000       -9.4999999999999987E-002   11.713135410938573     
   13500.000000000000      -0.10499999999999998        11.693955298754769     
   13500.000000000000      -0.11499999999999998        11.672217175083532     
   13500.000000000000      -0.12499999999999997        11.648087023446923     
   13500.000000000000      -0.13499999999999998        11.621712882964188     
   13500.000000000000      -0.14499999999999999        11.593232357206274     
   13500.000000000000      -0.15500000000000000        11.562777250367121     
   13500.000000000000      -0.16500000000000001        11.530476042313223     
   13500.000000000000      -0.17500000000000002        11.496455080745669     
   13500.000000000000      -0.18500000000000003        11.460839135023610     
   13500.000000000000      -0.19500000000000003        11.423751679056695     
   13500.000000000000      -0.20500000000000004        11.385315074790830     
   13500.000000000000      -0.21500000000000005        11.345650718970322     
   13500.000000000000      -0.22500000000000006        11.304879165360278     
   13500.000000000000      -0.23500000000000007        11.263120214583743     
   13500.000000000000      -0.24500000000000008        11.220492957697884     
   13500.000000000000      -0.25500000000000006        11.177115759376417     
   13500.000000000000      -0.26500000000000007        11.133106168871675     
   13500.000000000000      -0.27500000000000008        11.088580750439784     
   13500.000000000000      -0.28500000000000009        11.043654829129856     
   13500.000000000000      -0.29500000000000010        10.998442152308355     
   13500.000000000000      -0.30500000000000010        10.953054471782258     
   13500.000000000000      -0.31500000000000011        10.907601055559923     
   13500.000000000000      -0.32500000000000012        10.862188142034672     
   13500.000000000000      -0.33500000000000013        10.816918352461020     
   13500.000000000000      -0.34500000000000014        10.771890080023123     
   13500.000000000000      -0.35500000000000015        10.727196875413661     
   13500.000000000000      -0.36500000000000016        10.682926849668215     
   13500.000000000000      -0.37500000000000017        10.639162114798529     
   13500.000000000000      -0.38500000000000018        10.595978281368019     
   13500.000000000000      -0.39500000000000018        10.553444029070947     
   13500.000000000000      -0.40500000000000019        10.511620761304611     
   13500.000000000000      -0.41500000000000020        10.470562347373313     
   13500.000000000000      -0.42500000000000021        10.430314946703936     
   13500.000000000000      -0.43500000000000022        10.390916898781200     
   13500.000000000000      -0.44500000000000023        10.352398650520144     
   13500.000000000000      -0.45500000000000024        10.314782677013946     
   13500.000000000000      -0.46500000000000025        10.278083326630441     
   13500.000000000000      -0.47500000000000026        10.242306482520233     
   13500.000000000000      -0.48500000000000026        10.207448888655803     
   13500.000000000000      -0.49500000000000027        10.173496979289123     
   13500.000000000000      -0.50500000000000023        10.140425151323200     
   13500.000000000000      -0.51500000000000024        10.108193701163819     
   13500.000000000000      -0.52500000000000024        10.076747092621508     
   13500.000000000000      -0.53500000000000025        10.046013924589618     
   13500.000000000000      -0.54500000000000026        10.015950639262249     
   14400.000000000000       -5.0000000000000044E-003   11.714170892712264     
   14400.000000000000       -1.5000000000000005E-002   11.723867754142187     
   14400.000000000000       -2.5000000000000005E-002   11.731025783023638     
   14400.000000000000       -3.5000000000000003E-002   11.735579366860554     
   14400.000000000000       -4.5000000000000005E-002   11.736970509224422     
   14400.000000000000       -5.5000000000000007E-002   11.734916424264968     
   14400.000000000000       -6.5000000000000002E-002   11.729354017732490     
   14400.000000000000       -7.4999999999999997E-002   11.720366454984642     
   14400.000000000000       -8.4999999999999992E-002   11.708117721791609     
   14400.000000000000       -9.4999999999999987E-002   11.692805679651400     
   14400.000000000000      -0.10499999999999998        11.674634165244036     
   14400.000000000000      -0.11499999999999998        11.653799379239112     
   14400.000000000000      -0.12499999999999997        11.630484926722776     
   14400.000000000000      -0.13499999999999998        11.604861249844699     
   14400.000000000000      -0.14499999999999999        11.577086944846773     
   14400.000000000000      -0.15500000000000000        11.547310715484441     
   14400.000000000000      -0.16500000000000001        11.515673395302533     
   14400.000000000000      -0.17500000000000002        11.482309781602018     
   14400.000000000000      -0.18500000000000003        11.447350166009098     
   14400.000000000000      -0.19500000000000003        11.410921526373697     
   14400.000000000000      -0.20500000000000004        11.373148396712343     
   14400.000000000000      -0.21500000000000005        11.334153461635804     
   14400.000000000000      -0.22500000000000006        11.294057931480859     
   14400.000000000000      -0.23500000000000007        11.252981749722633     
   14400.000000000000      -0.24500000000000008        11.211043672489245     
   14400.000000000000      -0.25500000000000006        11.168361247083809     
   14400.000000000000      -0.26500000000000007        11.125050705926768     
   14400.000000000000      -0.27500000000000008        11.081226785462979     
   14400.000000000000      -0.28500000000000009        11.037002476186972     
   14400.000000000000      -0.29500000000000010        10.992488709152180     
   14400.000000000000      -0.30500000000000010        10.947793985240519     
   14400.000000000000      -0.31500000000000011        10.903023955224571     
   14400.000000000000      -0.32500000000000012        10.858280960675645     
   14400.000000000000      -0.33500000000000013        10.813663547577285     
   14400.000000000000      -0.34500000000000014        10.769265965814325     
   14400.000000000000      -0.35500000000000015        10.725177668274490     
   14400.000000000000      -0.36500000000000016        10.681482823027826     
   14400.000000000000      -0.37500000000000017        10.638259850944285     
   14400.000000000000      -0.38500000000000018        10.595580999518512     
   14400.000000000000      -0.39500000000000018        10.553511962421851     
   14400.000000000000      -0.40500000000000019        10.512111555075672     
   14400.000000000000      -0.41500000000000020        10.471431461796600     
   14400.000000000000      -0.42500000000000021        10.431516082215182     
   14400.000000000000      -0.43500000000000022        10.392402523010961     
   14400.000000000000      -0.44500000000000023        10.354120796049372     
   14400.000000000000      -0.45500000000000024        10.316694270485788     
   14400.000000000000      -0.46500000000000025        10.280140342672079     
   14400.000000000000      -0.47500000000000026        10.244471094617184     
   14400.000000000000      -0.48500000000000026        10.209693422689860     
   14400.000000000000      -0.49500000000000027        10.175807865855303     
   14400.000000000000      -0.50500000000000023        10.142805420201752     
   14400.000000000000      -0.51500000000000024        10.110662288145047     
   14400.000000000000      -0.52500000000000024        10.079333804093913     
   14400.000000000000      -0.53500000000000025        10.048750367317771     
   14400.000000000000      -0.54500000000000026        10.018845781254281     
   15300.000000000000       -5.0000000000000044E-003   11.668829807260245     
   15300.000000000000       -1.5000000000000005E-002   11.683464209200276     
   15300.000000000000       -2.5000000000000005E-002   11.695289845781879     
   15300.000000000000       -3.5000000000000003E-002   11.703721918825625     
   15300.000000000000       -4.5000000000000005E-002   11.708219343563796     
   15300.000000000000       -5.5000000000000007E-002   11.708593769758181     
   15300.000000000000       -6.5000000000000002E-002   11.704926523609686     
   15300.000000000000       -7.4999999999999997E-002   11.697453027879387     
   15300.000000000000       -8.4999999999999992E-002   11.686465599054261     
   15300.000000000000       -9.4999999999999987E-002   11.672253419219025     
   15300.000000000000      -0.10499999999999998        11.655076720045608     
   15300.000000000000      -0.11499999999999998        11.635162785404754     
   15300.000000000000      -0.12499999999999997        11.612711568379062     
   15300.000000000000      -0.13499999999999998        11.587903133350736     
   15300.000000000000      -0.14499999999999999        11.560903589467141     
   15300.000000000000      -0.15500000000000000        11.531868946830834     
   15300.000000000000      -0.16500000000000001        11.500947435999061     
   15300.000000000000      -0.17500000000000002        11.468280966958012     
   15300.000000000000      -0.18500000000000003        11.434006183429373     
   15300.000000000000      -0.19500000000000003        11.398255328760685     
   15300.000000000000      -0.20500000000000004        11.361156989646092     
   15300.000000000000      -0.21500000000000005        11.322836719487045     
   15300.000000000000      -0.22500000000000006        11.283417529017331     
   15300.000000000000      -0.23500000000000007        11.243020238121867     
   15300.000000000000      -0.24500000000000008        11.201763692712419     
   15300.000000000000      -0.25500000000000006        11.159764857741216     
   15300.000000000000      -0.26500000000000007        11.117138800845419     
   15300.000000000000      -0.27500000000000008        11.073998581716870     
   15300.000000000000      -0.28500000000000009        11.030455061478957     
   15300.000000000000      -0.29500000000000010        10.986616645101529     
   15300.000000000000      -0.30500000000000010        10.942588968848980     
   15300.000000000000      -0.31500000000000011        10.898474544111563     
   15300.000000000000      -0.32500000000000012        10.854372368789226     
   15300.000000000000      -0.33500000000000013        10.810377517519704     
   15300.000000000000      -0.34500000000000014        10.766580722416155     
   15300.000000000000      -0.35500000000000015        10.723067956432466     
   15300.000000000000      -0.36500000000000016        10.679920031996488     
   15300.000000000000      -0.37500000000000017        10.637212227965188     
   15300.000000000000      -0.38500000000000018        10.595013958210508     
   15300.000000000000      -0.39500000000000018        10.553388494997595     
   15300.000000000000      -0.40500000000000019        10.512392759829675     
   15300.000000000000      -0.41500000000000020        10.472077193741304     
   15300.000000000000      -0.42500000000000021        10.432485718594988     
   15300.000000000000      -0.43500000000000022        10.393655800015011     
   15300.000000000000      -0.44500000000000023        10.355618616789371     
   15300.000000000000      -0.45500000000000024        10.318399318603515     
   15300.000000000000      -0.46500000000000025        10.282017293432135     
   15300.000000000000      -0.47500000000000026        10.246486249718076     
   15300.000000000000      -0.48500000000000026        10.211813761104663     
   15300.000000000000      -0.49500000000000027        10.177999809921118     
   15300.000000000000      -0.50500000000000023        10.145033970820007     
   15300.000000000000      -0.51500000000000024        10.112891373378680     
   15300.000000000000      -0.52500000000000024        10.081528465889976     
   15300.000000000000      -0.53500000000000025        10.050880596597306     
   15300.000000000000      -0.54500000000000026        10.020877202940172     
   16200.000000000000       -5.0000000000000044E-003   11.622234564359909     
   16200.000000000000       -1.5000000000000005E-002   11.640464604778593     
   16200.000000000000       -2.5000000000000005E-002   11.656047959711797     
   16200.000000000000       -3.5000000000000003E-002   11.667926412215939     
   16200.000000000000       -4.5000000000000005E-002   11.675513789105043     
   16200.000000000000       -5.5000000000000007E-002   11.678605327282080     
   16200.000000000000       -6.5000000000000002E-002   11.677291751376556     
   16200.000000000000       -7.4999999999999997E-002   11.671838322470688     
   16200.000000000000       -8.4999999999999992E-002   11.662580160130505     
   16200.000000000000       -9.4999999999999987E-002   11.649854748716701     
   16200.000000000000      -0.10499999999999998        11.633970003922514     
   16200.000000000000      -0.11499999999999998        11.615196142600645     
   16200.000000000000      -0.12499999999999997        11.593769194514515     
   16200.000000000000      -0.13499999999999998        11.569897997524027     
   16200.000000000000      -0.14499999999999999        11.543770779873842     
   16200.000000000000      -0.15500000000000000        11.515560199257470     
   16200.000000000000      -0.16500000000000001        11.485426943878149     
   16200.000000000000      -0.17500000000000002        11.453522308458895     
   16200.000000000000      -0.18500000000000003        11.419990093813754     
   16200.000000000000      -0.19500000000000003        11.384968047148156     
   16200.000000000000      -0.20500000000000004        11.348588965671683     
   16200.000000000000      -0.21500000000000005        11.310981536234506     
   16200.000000000000      -0.22500000000000006        11.272270959960549     
   16200.000000000000      -0.23500000000000007        11.232579398607083     
   16200.000000000000      -0.24500000000000008        11.192026271087846     
   16200.000000000000      -0.25500000000000006        11.150728422559480     
   16200.000000000000      -0.26500000000000007        11.108800184036477     
   16200.000000000000      -0.27500000000000008        11.066353337741972     
   16200.000000000000      -0.28500000000000009        11.023497001752885     
   16200.000000000000      -0.29500000000000010        10.980337446740153     
   16200.000000000000      -0.30500000000000010        10.936977857165532     
   16200.000000000000      -0.31500000000000011        10.893518049178571     
   16200.000000000000      -0.32500000000000012        10.850054157307785     
   16200.000000000000      -0.33500000000000013        10.806678302040195     
   16200.000000000000      -0.34500000000000014        10.763478250226802     
   16200.000000000000      -0.35500000000000015        10.720537080107741     
   16200.000000000000      -0.36500000000000016        10.677932862206072     
   16200.000000000000      -0.37500000000000017        10.635738366452456     
   16200.000000000000      -0.38500000000000018        10.594020804122758     
   16200.000000000000      -0.39500000000000018        10.552841610541487     
   16200.000000000000      -0.40500000000000019        10.512256270662299     
   16200.000000000000      -0.41500000000000020        10.472314185194113     
   16200.000000000000      -0.42500000000000021        10.433058570342022     
   16200.000000000000      -0.43500000000000022        10.394526380514389     
   16200.000000000000      -0.44500000000000023        10.356748239494292     
   16200.000000000000      -0.45500000000000024        10.319748357697671     
   16200.000000000000      -0.46500000000000025        10.283544392398650     
   16200.000000000000      -0.47500000000000026        10.248147166418619     
   16200.000000000000      -0.48500000000000026        10.213560104680973     
   16200.000000000000      -0.49500000000000027        10.179778217672004     
   16200.000000000000      -0.50500000000000023        10.146786535161992     
   16200.000000000000      -0.51500000000000024        10.114558152821484     
   16200.000000000000      -0.52500000000000024        10.083052489190859     
   16200.000000000000      -0.53500000000000025        10.052215062185789     
   16200.000000000000      -0.54500000000000026        10.022020794687633     
   17100.000000000000       -5.0000000000000044E-003   11.597124147508987     
   17100.000000000000       -1.5000000000000005E-002   11.613518127196773     
   17100.000000000000       -2.5000000000000005E-002   11.627509805175407     
   17100.000000000000       -3.5000000000000003E-002   11.638582533725911     
   17100.000000000000       -4.5000000000000005E-002   11.646125838858749     
   17100.000000000000       -5.5000000000000007E-002   11.649816479215229     
   17100.000000000000       -6.5000000000000002E-002   11.649566076750874     
   17100.000000000000       -7.4999999999999997E-002   11.645450000117595     
   17100.000000000000       -8.4999999999999992E-002   11.637641692539328     
   17100.000000000000       -9.4999999999999987E-002   11.626363489350616     
   17100.000000000000      -0.10499999999999998        11.611855149475199     
   17100.000000000000      -0.11499999999999998        11.594356118593353     
   17100.000000000000      -0.12499999999999997        11.574096576220656     
   17100.000000000000      -0.13499999999999998        11.551293484306758     
   17100.000000000000      -0.14499999999999999        11.526149362660194     
   17100.000000000000      -0.15500000000000000        11.498852574349959     
   17100.000000000000      -0.16500000000000001        11.469578452187450     
   17100.000000000000      -0.17500000000000002        11.438490842343576     
   17100.000000000000      -0.18500000000000003        11.405743768015041     
   17100.000000000000      -0.19500000000000003        11.371483012638960     
   17100.000000000000      -0.20500000000000004        11.335847507127724     
   17100.000000000000      -0.21500000000000005        11.298970473165117     
   17100.000000000000      -0.22500000000000006        11.260980319693715     
   17100.000000000000      -0.23500000000000007        11.222001313989340     
   17100.000000000000      -0.24500000000000008        11.182154057890385     
   17100.000000000000      -0.25500000000000006        11.141555800417803     
   17100.000000000000      -0.26500000000000007        11.100320614764456     
   17100.000000000000      -0.27500000000000008        11.058559463562544     
   17100.000000000000      -0.28500000000000009        11.016380172571129     
   17100.000000000000      -0.29500000000000010        10.973887330082883     
   17100.000000000000      -0.30500000000000010        10.931182127220181     
   17100.000000000000      -0.31500000000000011        10.888362152832421     
   17100.000000000000      -0.32500000000000012        10.845521155563084     
   17100.000000000000      -0.33500000000000013        10.802748784720443     
   17100.000000000000      -0.34500000000000014        10.760130320612202     
   17100.000000000000      -0.35500000000000015        10.717746403915593     
   17100.000000000000      -0.36500000000000016        10.675672772359919     
   17100.000000000000      -0.37500000000000017        10.633980011582164     
   17100.000000000000      -0.38500000000000018        10.592733325822868     
   17100.000000000000      -0.39500000000000018        10.551992333950164     
   17100.000000000000      -0.40500000000000019        10.511810898732794     
   17100.000000000000      -0.41500000000000020        10.472237004519199     
   17100.000000000000      -0.42500000000000021        10.433312712668732     
   17100.000000000000      -0.43500000000000022        10.395074243978968     
   17100.000000000000      -0.44500000000000023        10.357552253113285     
   17100.000000000000      -0.45500000000000024        10.320772345850537     
   17100.000000000000      -0.46500000000000025        10.284755804202529     
   17100.000000000000      -0.47500000000000026        10.249520287971119     
   17100.000000000000      -0.48500000000000026        10.215079988398070     
   17100.000000000000      -0.49500000000000027        10.181444453679966     
   17100.000000000000      -0.50500000000000023        10.148615361867869     
   17100.000000000000      -0.51500000000000024        10.116581178854537     
   17100.000000000000      -0.52500000000000024        10.085310935482799     
   17100.000000000000      -0.53500000000000025        10.054749950323414     
   17100.000000000000      -0.54500000000000026        10.024847896845579     
   18000.000000000000       -5.0000000000000044E-003   11.572770344659167     
   18000.000000000000       -1.5000000000000005E-002   11.588560292271923     
   18000.000000000000       -2.5000000000000005E-002   11.602076187741766     
   18000.000000000000       -3.5000000000000003E-002   11.612883702579003     
   18000.000000000000       -4.5000000000000005E-002   11.620412683401835     
   18000.000000000000       -5.5000000000000007E-002   11.624352179410735     
   18000.000000000000       -6.5000000000000002E-002   11.624599777022675     
   18000.000000000000       -7.4999999999999997E-002   11.621195889848035     
   18000.000000000000       -8.4999999999999992E-002   11.614265867897844     
   18000.000000000000       -9.4999999999999987E-002   11.603979186261670     
   18000.000000000000      -0.10499999999999998        11.590525293832599     
   18000.000000000000      -0.11499999999999998        11.574101050864444     
   18000.000000000000      -0.12499999999999997        11.554904442148770     
   18000.000000000000      -0.13499999999999998        11.533131047038976     
   18000.000000000000      -0.14499999999999999        11.508971631070418     
   18000.000000000000      -0.15500000000000000        11.482610380711838     
   18000.000000000000      -0.16500000000000001        11.454223746319073     
   18000.000000000000      -0.17500000000000002        11.423979901032956     
   18000.000000000000      -0.18500000000000003        11.392038740387836     
   18000.000000000000      -0.19500000000000003        11.358552278981600     
   18000.000000000000      -0.20500000000000004        11.323665282884287     
   18000.000000000000      -0.21500000000000005        11.287515996911335     
   18000.000000000000      -0.22500000000000006        11.250236863066858     
   18000.000000000000      -0.23500000000000007        11.211955164211982     
   18000.000000000000      -0.24500000000000008        11.172793557936922     
   18000.000000000000      -0.25500000000000006        11.132870487734852     
   18000.000000000000      -0.26500000000000007        11.092300472835761     
   18000.000000000000      -0.27500000000000008        11.051194286317056     
   18000.000000000000      -0.28500000000000009        11.009659035234012     
   18000.000000000000      -0.29500000000000010        10.967798158031512     
   18000.000000000000      -0.30500000000000010        10.925711354517002     
   18000.000000000000      -0.31500000000000011        10.883494462941838     
   18000.000000000000      -0.32500000000000012        10.841239297723916     
   18000.000000000000      -0.33500000000000013        10.799033460339096     
   18000.000000000000      -0.34500000000000014        10.756960135084796     
   18000.000000000000      -0.35500000000000015        10.715097880882480     
   18000.000000000000      -0.36500000000000016        10.673520430074442     
   18000.000000000000      -0.37500000000000017        10.632296505239065     
   18000.000000000000      -0.38500000000000018        10.591489665247467     
   18000.000000000000      -0.39500000000000018        10.551158191897846     
   18000.000000000000      -0.40500000000000019        10.511355028347428     
   18000.000000000000      -0.41500000000000020        10.472127780321104     
   18000.000000000000      -0.42500000000000021        10.433518790936530     
   18000.000000000000      -0.43500000000000022        10.395565299171006     
   18000.000000000000      -0.44500000000000023        10.358299685925118     
   18000.000000000000      -0.45500000000000024        10.321749788118828     
   18000.000000000000      -0.46500000000000025        10.285939199834802     
   18000.000000000000      -0.47500000000000026        10.250887362399748     
   18000.000000000000      -0.48500000000000026        10.216609087121446     
   18000.000000000000      -0.49500000000000027        10.183113042560914     
   18000.000000000000      -0.50500000000000023        10.150398843749796     
   18000.000000000000      -0.51500000000000024        10.118452879142806     
   18000.000000000000      -0.52500000000000024        10.087243897006452     
   18000.000000000000      -0.53500000000000025        10.056720565539441     
   18000.000000000000      -0.54500000000000026        10.026854094266531     
   18900.000000000000       -5.0000000000000044E-003   11.548125675119739     
   18900.000000000000       -1.5000000000000005E-002   11.563553131911254     
   18900.000000000000       -2.5000000000000005E-002   11.577139801886331     
   18900.000000000000       -3.5000000000000003E-002   11.588080933381489     
   18900.000000000000       -4.5000000000000005E-002   11.595833995271800     
   18900.000000000000       -5.5000000000000007E-002   11.600107635244372     
   18900.000000000000       -6.5000000000000002E-002   11.600809182738370     
   18900.000000000000       -7.4999999999999997E-002   11.597978819198621     
   18900.000000000000       -8.4999999999999992E-002   11.591732429084665     
   18900.000000000000       -9.4999999999999987E-002   11.582222746622699     
   18900.000000000000      -0.10499999999999998        11.569617970898459     
   18900.000000000000      -0.11499999999999998        11.554092136423858     
   18900.000000000000      -0.12499999999999997        11.535821376828514     
   18900.000000000000      -0.13499999999999998        11.514982241691008     
   18900.000000000000      -0.14499999999999999        11.491750339636186     
   18900.000000000000      -0.15500000000000000        11.466298904468411     
   18900.000000000000      -0.16500000000000001        11.438797415848011     
   18900.000000000000      -0.17500000000000002        11.409410477303075     
   18900.000000000000      -0.18500000000000003        11.378297057705595     
   18900.000000000000      -0.19500000000000003        11.345610097228302     
   18900.000000000000      -0.20500000000000004        11.311496415867550     
   18900.000000000000      -0.21500000000000005        11.276096839984735     
   18900.000000000000      -0.22500000000000006        11.239546464098161     
   18900.000000000000      -0.23500000000000007        11.201974978026881     
   18900.000000000000      -0.24500000000000008        11.163507005614457     
   18900.000000000000      -0.25500000000000006        11.124262417005104     
   18900.000000000000      -0.26500000000000007        11.084356590220885     
   18900.000000000000      -0.27500000000000008        11.043900609101998     
   18900.000000000000      -0.28500000000000009        11.003001393392557     
   18900.000000000000      -0.29500000000000010        10.961761763123764     
   18900.000000000000      -0.30500000000000010        10.920280443755228     
   18900.000000000000      -0.31500000000000011        10.878652021258896     
   18900.000000000000      -0.32500000000000012        10.836966857839224     
   18900.000000000000      -0.33500000000000013        10.795310979693364     
   18900.000000000000      -0.34500000000000014        10.753765948353911     
   18900.000000000000      -0.35500000000000015        10.712408726941648     
   18900.000000000000      -0.36500000000000016        10.671311552119192     
   18900.000000000000      -0.37500000000000017        10.630541821745723     
   18900.000000000000      -0.38500000000000018        10.590162007244150     
   18900.000000000000      -0.39500000000000018        10.550229598925199     
   18900.000000000000      -0.40500000000000019        10.510797092896800     
   18900.000000000000      -0.41500000000000020        10.471912031454028     
   18900.000000000000      -0.42500000000000021        10.433617116705010     
   18900.000000000000      -0.43500000000000022        10.395950428925476     
   18900.000000000000      -0.44500000000000023        10.358945788126855     
   18900.000000000000      -0.45500000000000024        10.322633276648517     
   18900.000000000000      -0.46500000000000025        10.287039854022074     
   18900.000000000000      -0.47500000000000026        10.252189807741907     
   18900.000000000000      -0.48500000000000026        10.218104510986189     
   18900.000000000000      -0.49500000000000027        10.184800733146272     
   18900.000000000000      -0.50500000000000023        10.152286839435565     
   18900.000000000000      -0.51500000000000024        10.120556906709220     
   18900.000000000000      -0.52500000000000024        10.089584089844632     
   18900.000000000000      -0.53500000000000025        10.059316151406220     
   18900.000000000000      -0.54500000000000026        10.029703601354509     
   19800.000000000000       -5.0000000000000044E-003   11.544638790638373     
   19800.000000000000       -1.5000000000000005E-002   11.555498302678430     
   19800.000000000000       -2.5000000000000005E-002   11.564471596836027     
   19800.000000000000       -3.5000000000000003E-002   11.571761314253402     
   19800.000000000000       -4.5000000000000005E-002   11.576892520533567     
   19800.000000000000       -5.5000000000000007E-002   11.579500516833486     
   19800.000000000000       -6.5000000000000002E-002   11.579332104572483     
   19800.000000000000       -7.4999999999999997E-002   11.576236645385157     
   19800.000000000000       -8.4999999999999992E-002   11.570152177487333     
   19800.000000000000       -9.4999999999999987E-002   11.561088719805989     
   19800.000000000000      -0.10499999999999998        11.549111197883041     
   19800.000000000000      -0.11499999999999998        11.534323882116981     
   19800.000000000000      -0.12499999999999997        11.516857411796925     
   19800.000000000000      -0.13499999999999998        11.496858726897344     
   19800.000000000000      -0.14499999999999999        11.474483703390540     
   19800.000000000000      -0.15500000000000000        11.449892015851637     
   19800.000000000000      -0.16500000000000001        11.423243683372212     
   19800.000000000000      -0.17500000000000002        11.394696811847188     
   19800.000000000000      -0.18500000000000003        11.364406154463518     
   19800.000000000000      -0.19500000000000003        11.332522223030074     
   19800.000000000000      -0.20500000000000004        11.299190771375839     
   19800.000000000000      -0.21500000000000005        11.264552532838618     
   19800.000000000000      -0.22500000000000006        11.228743131464846     
   19800.000000000000      -0.23500000000000007        11.191893108631794     
   19800.000000000000      -0.24500000000000008        11.154128020302240     
   19800.000000000000      -0.25500000000000006        11.115568569627145     
   19800.000000000000      -0.26500000000000007        11.076330747554707     
   19800.000000000000      -0.27500000000000008        11.036525961383614     
   19800.000000000000      -0.28500000000000009        10.996261137918353     
   19800.000000000000      -0.29500000000000010        10.955638793866349     
   19800.000000000000      -0.30500000000000010        10.914757071168234     
   19800.000000000000      -0.31500000000000011        10.873709738989891     
   19800.000000000000      -0.32500000000000012        10.832586167156331     
   19800.000000000000      -0.33500000000000013        10.791471277984298     
   19800.000000000000      -0.34500000000000014        10.750445484923256     
   19800.000000000000      -0.35500000000000015        10.709584627287668     
   19800.000000000000      -0.36500000000000016        10.668959910750731     
   19800.000000000000      -0.37500000000000017        10.628637863172044     
   19800.000000000000      -0.38500000000000018        10.588680314661477     
   19800.000000000000      -0.39500000000000018        10.549144409427619     
   19800.000000000000      -0.40500000000000019        10.510082654978506     
   19800.000000000000      -0.41500000000000020        10.471543012070358     
   19800.000000000000      -0.42500000000000021        10.433569027136036     
   19800.000000000000      -0.43500000000000022        10.396200007570911     
   19800.000000000000      -0.44500000000000023        10.359471235212048     
   19800.000000000000      -0.45500000000000024        10.323414192869450     
   19800.000000000000      -0.46500000000000025        10.288056722520182     
   19800.000000000000      -0.47500000000000026        10.253422923608543     
   19800.000000000000      -0.48500000000000026        10.219532449563582     
   19800.000000000000      -0.49500000000000027        10.186398756174690     
   19800.000000000000      -0.50500000000000023        10.154025966279569     
   19800.000000000000      -0.51500000000000024        10.122404515292548     
   19800.000000000000      -0.52500000000000024        10.091506625060864     
   19800.000000000000      -0.53500000000000025        10.061283838178490     
   19800.000000000000      -0.54500000000000026        10.031709705297271     
   20700.000000000000       -5.0000000000000044E-003   11.500951772371032     
   20700.000000000000       -1.5000000000000005E-002   11.517901607934636     
   20700.000000000000       -2.5000000000000005E-002   11.532714442974399     
   20700.000000000000       -3.5000000000000003E-002   11.544515031329482     
   20700.000000000000       -4.5000000000000005E-002   11.552799143070439     
   20700.000000000000       -5.5000000000000007E-002   11.557395664300428     
   20700.000000000000       -6.5000000000000002E-002   11.558365770585615     
   20700.000000000000       -7.4999999999999997E-002   11.555890382551357     
   20700.000000000000       -8.4999999999999992E-002   11.550183515686811     
   20700.000000000000       -9.4999999999999987E-002   11.541444830463671     
   20700.000000000000      -0.10499999999999998        11.529845316868746     
   20700.000000000000      -0.11499999999999998        11.515532050669817     
   20700.000000000000      -0.12499999999999997        11.498639226424741     
   20700.000000000000      -0.13499999999999998        11.479297866802153     
   20700.000000000000      -0.14499999999999999        11.457641525589192     
   20700.000000000000      -0.15500000000000000        11.433808239051102     
   20700.000000000000      -0.16500000000000001        11.407940048284241     
   20700.000000000000      -0.17500000000000002        11.380181389783262     
   20700.000000000000      -0.18500000000000003        11.350677231970208     
   20700.000000000000      -0.19500000000000003        11.319571412930385     
   20700.000000000000      -0.20500000000000004        11.287005344201855     
   20700.000000000000      -0.21500000000000005        11.253117088078305     
   20700.000000000000      -0.22500000000000006        11.218040749478300     
   20700.000000000000      -0.23500000000000007        11.181906106789407     
   20700.000000000000      -0.24500000000000008        11.144838411749014     
   20700.000000000000      -0.25500000000000006        11.106958301396384     
   20700.000000000000      -0.26500000000000007        11.068381778751908     
   20700.000000000000      -0.27500000000000008        11.029220230670632     
   20700.000000000000      -0.28500000000000009        10.989580460892384     
   20700.000000000000      -0.29500000000000010        10.949564723832914     
   20700.000000000000      -0.30500000000000010        10.909270750588986     
   20700.000000000000      -0.31500000000000011        10.868791763222774     
   20700.000000000000      -0.32500000000000012        10.828216476961581     
   20700.000000000000      -0.33500000000000013        10.787629092573420     
   20700.000000000000      -0.34500000000000014        10.747109283031619     
   20700.000000000000      -0.35500000000000015        10.706732179630544     
   20700.000000000000      -0.36500000000000016        10.666568363075552     
   20700.000000000000      -0.37500000000000017        10.626683864712609     
   20700.000000000000      -0.38500000000000018        10.587140182264166     
