   900.00000000000000       -5.0000000000000044E-003   5.6323996167615842E-007
   900.00000000000000       -1.5000000000000005E-002   5.7461443762949608E-007
   900.00000000000000       -2.5000000000000005E-002   5.7696167104809720E-007
   900.00000000000000       -3.5000000000000003E-002   5.7600742280601591E-007
   900.00000000000000       -4.5000000000000005E-002   5.7358218994166006E-007
   900.00000000000000       -5.5000000000000007E-002   5.7027632584770788E-007
   900.00000000000000       -6.5000000000000002E-002   5.6628626639460801E-007
   900.00000000000000       -7.4999999999999997E-002   5.6168421492145535E-007
   900.00000000000000       -8.4999999999999992E-002   5.5650406554521914E-007
   900.00000000000000       -9.4999999999999987E-002   5.5076875329573714E-007
   900.00000000000000      -0.10499999999999998        5.4449893131312116E-007
   900.00000000000000      -0.11499999999999998        5.3771569277089900E-007
   900.00000000000000      -0.12499999999999997        5.3044139069997166E-007
   900.00000000000000      -0.13499999999999998        5.2269984810095232E-007
   900.00000000000000      -0.14499999999999999        5.1451637004591055E-007
   900.00000000000000      -0.15500000000000000        5.0591768955304624E-007
   900.00000000000000      -0.16500000000000001        4.9693188905080918E-007
   900.00000000000000      -0.17500000000000002        4.8758831130564236E-007
   900.00000000000000      -0.18500000000000003        4.7791746430470183E-007
   900.00000000000000      -0.19500000000000003        4.6795092135424152E-007
   900.00000000000000      -0.20500000000000004        4.5772121824666195E-007
   900.00000000000000      -0.21500000000000005        4.4726174641236669E-007
   900.00000000000000      -0.22500000000000006        4.3660664391611684E-007
   900.00000000000000      -0.23500000000000007        4.2579068379107964E-007
   900.00000000000000      -0.24500000000000008        4.1484916033373194E-007
   900.00000000000000      -0.25500000000000006        4.0381777385252103E-007
   900.00000000000000      -0.26500000000000007        3.9273251401162818E-007
   900.00000000000000      -0.27500000000000008        3.8162954240508137E-007
   900.00000000000000      -0.28500000000000009        3.7054507449764611E-007
   900.00000000000000      -0.29500000000000010        3.5951526155722242E-007
   900.00000000000000      -0.30500000000000010        3.4857607273805211E-007
   900.00000000000000      -0.31500000000000011        3.3776317790851500E-007
   900.00000000000000      -0.32500000000000012        3.2711183140963931E-007
   900.00000000000000      -0.33500000000000013        3.1665675730323623E-007
   900.00000000000000      -0.34500000000000014        3.0643203630963035E-007
   900.00000000000000      -0.35500000000000015        2.9647099496451669E-007
   900.00000000000000      -0.36500000000000016        2.8680609719666431E-007
   900.00000000000000      -0.37500000000000017        2.7746883882117438E-007
   900.00000000000000      -0.38500000000000018        2.6848964515781158E-007
   900.00000000000000      -0.39500000000000018        2.5989777221541409E-007
   900.00000000000000      -0.40500000000000019        2.5172121166610034E-007
   900.00000000000000      -0.41500000000000020        2.4398659998864881E-007
   900.00000000000000      -0.42500000000000021        2.3671913201689769E-007
   900.00000000000000      -0.43500000000000022        2.2994247920002728E-007
   900.00000000000000      -0.44500000000000023        2.2367871283489059E-007
   900.00000000000000      -0.45500000000000024        2.1794823248309606E-007
   900.00000000000000      -0.46500000000000025        2.1276969986292991E-007
   900.00000000000000      -0.47500000000000026        2.0815997834357497E-007
   900.00000000000000      -0.48500000000000026        2.0413407832550641E-007
   900.00000000000000      -0.49500000000000027        2.0070510858884920E-007
   900.00000000000000      -0.50500000000000023        1.9788423385561238E-007
   900.00000000000000      -0.51500000000000024        1.9568063860272652E-007
   900.00000000000000      -0.52500000000000024        1.9410149735191318E-007
   900.00000000000000      -0.53500000000000025        1.9315195140192464E-007
   900.00000000000000      -0.54500000000000026        1.9315195140192464E-007
   1800.0000000000000       -5.0000000000000044E-003   3.3429119857286243E-007
   1800.0000000000000       -1.5000000000000005E-002   3.8700998851303688E-007
   1800.0000000000000       -2.5000000000000005E-002   4.0364394463745417E-007
   1800.0000000000000       -3.5000000000000003E-002   4.0872079461820889E-007
   1800.0000000000000       -4.5000000000000005E-002   4.1005883265017932E-007
   1800.0000000000000       -5.5000000000000007E-002   4.1015084544398529E-007
   1800.0000000000000       -6.5000000000000002E-002   4.0979243309816159E-007
   1800.0000000000000       -7.4999999999999997E-002   4.0923843636820863E-007
   1800.0000000000000       -8.4999999999999992E-002   4.0857151299778601E-007
   1800.0000000000000       -9.4999999999999987E-002   4.0781960695197451E-007
   1800.0000000000000      -0.10499999999999998        4.0699338340460494E-007
   1800.0000000000000      -0.11499999999999998        4.0609815441181042E-007
   1800.0000000000000      -0.12499999999999997        4.0513767367304758E-007
   1800.0000000000000      -0.13499999999999998        4.0411533929221247E-007
   1800.0000000000000      -0.14499999999999999        4.0303456995388481E-007
   1800.0000000000000      -0.15500000000000000        4.0189891720543620E-007
   1800.0000000000000      -0.16500000000000001        4.0071209322255623E-007
   1800.0000000000000      -0.17500000000000002        3.9947797114692186E-007
   1800.0000000000000      -0.18500000000000003        3.9820057702275430E-007
   1800.0000000000000      -0.19500000000000003        3.9688407644623369E-007
   1800.0000000000000      -0.20500000000000004        3.9553276375015489E-007
   1800.0000000000000      -0.21500000000000005        3.9415104579177389E-007
   1800.0000000000000      -0.22500000000000006        3.9274342909536956E-007
   1800.0000000000000      -0.23500000000000007        3.9131450462879550E-007
   1800.0000000000000      -0.24500000000000008        3.8986893293025645E-007
   1800.0000000000000      -0.25500000000000006        3.8841142891485653E-007
   1800.0000000000000      -0.26500000000000007        3.8694674649617905E-007
   1800.0000000000000      -0.27500000000000008        3.8547966308156544E-007
   1800.0000000000000      -0.28500000000000009        3.8401496399325975E-007
   1800.0000000000000      -0.29500000000000010        3.8255742685635691E-007
   1800.0000000000000      -0.30500000000000010        3.8111180601640723E-007
   1800.0000000000000      -0.31500000000000011        3.7968281702778408E-007
   1800.0000000000000      -0.32500000000000012        3.7827512127195952E-007
   1800.0000000000000      -0.33500000000000013        3.7689331074541411E-007
   1800.0000000000000      -0.34500000000000014        3.7554189308017709E-007
   1800.0000000000000      -0.35500000000000015        3.7422527683140837E-007
   1800.0000000000000      -0.36500000000000016        3.7294775709517673E-007
   1800.0000000000000      -0.37500000000000017        3.7171350148524292E-007
   1800.0000000000000      -0.38500000000000018        3.7052653653913335E-007
   1800.0000000000000      -0.39500000000000018        3.6939073456782904E-007
   1800.0000000000000      -0.40500000000000019        3.6830980102266587E-007
   1800.0000000000000      -0.41500000000000020        3.6728726239564917E-007
   1800.0000000000000      -0.42500000000000021        3.6632645470939774E-007
   1800.0000000000000      -0.43500000000000022        3.6543051262724570E-007
   1800.0000000000000      -0.44500000000000023        3.6460235921558799E-007
   1800.0000000000000      -0.45500000000000024        3.6384469640612318E-007
   1800.0000000000000      -0.46500000000000025        3.6315999616779756E-007
   1800.0000000000000      -0.47500000000000026        3.6255049244240675E-007
   1800.0000000000000      -0.48500000000000026        3.6201817384143490E-007
   1800.0000000000000      -0.49500000000000027        3.6156477716458944E-007
   1800.0000000000000      -0.50500000000000023        3.6119178171288789E-007
   1800.0000000000000      -0.51500000000000024        3.6090040447587946E-007
   1800.0000000000000      -0.52500000000000024        3.6069159614005097E-007
   1800.0000000000000      -0.53500000000000025        3.6056603799880672E-007
   1800.0000000000000      -0.54500000000000026        3.6056603799880672E-007
   2700.0000000000000       -5.0000000000000044E-003   3.7516637791145079E-007
   2700.0000000000000       -1.5000000000000005E-002   3.8131785061277229E-007
   2700.0000000000000       -2.5000000000000005E-002   3.8326350564808964E-007
   2700.0000000000000       -3.5000000000000003E-002   3.8386369935904352E-007
   2700.0000000000000       -4.5000000000000005E-002   3.8403015844156163E-007
   2700.0000000000000       -5.5000000000000007E-002   3.8405355141111508E-007
   2700.0000000000000       -6.5000000000000002E-002   3.8402661653676863E-007
   2700.0000000000000       -7.4999999999999997E-002   3.8397902233073166E-007
   2700.0000000000000       -8.4999999999999992E-002   3.8392035040103168E-007
   2700.0000000000000       -9.4999999999999987E-002   3.8385379470728716E-007
   2700.0000000000000      -0.10499999999999998        3.8378052739973451E-007
   2700.0000000000000      -0.11499999999999998        3.8370108983789474E-007
   2700.0000000000000      -0.12499999999999997        3.8361583541944989E-007
   2700.0000000000000      -0.13499999999999998        3.8352507015792331E-007
   2700.0000000000000      -0.14499999999999999        3.8342909688673538E-007
   2700.0000000000000      -0.15500000000000000        3.8332822859991014E-007
   2700.0000000000000      -0.16500000000000001        3.8322279264808098E-007
   2700.0000000000000      -0.17500000000000002        3.8311312960556081E-007
   2700.0000000000000      -0.18500000000000003        3.8299959513602776E-007
   2700.0000000000000      -0.19500000000000003        3.8288255654845310E-007
   2700.0000000000000      -0.20500000000000004        3.8276239324413932E-007
   2700.0000000000000      -0.21500000000000005        3.8263949493826751E-007
   2700.0000000000000      -0.22500000000000006        3.8251426053042092E-007
   2700.0000000000000      -0.23500000000000007        3.8238709682701123E-007
   2700.0000000000000      -0.24500000000000008        3.8225841723630166E-007
   2700.0000000000000      -0.25500000000000006        3.8212864043981523E-007
   2700.0000000000000      -0.26500000000000007        3.8199818903785041E-007
   2700.0000000000000      -0.27500000000000008        3.8186748818064736E-007
   2700.0000000000000      -0.28500000000000009        3.8173696419040520E-007
   2700.0000000000000      -0.29500000000000010        3.8160704316102150E-007
   2700.0000000000000      -0.30500000000000010        3.8147814957698398E-007
   2700.0000000000000      -0.31500000000000011        3.8135070490558613E-007
   2700.0000000000000      -0.32500000000000012        3.8122512622196248E-007
   2700.0000000000000      -0.33500000000000013        3.8110182481645648E-007
   2700.0000000000000      -0.34500000000000014        3.8098120484754057E-007
   2700.0000000000000      -0.35500000000000015        3.8086366198060298E-007
   2700.0000000000000      -0.36500000000000016        3.8074958208403227E-007
   2700.0000000000000      -0.37500000000000017        3.8063933992533387E-007
   2700.0000000000000      -0.38500000000000018        3.8053329792464052E-007
   2700.0000000000000      -0.39500000000000018        3.8043180492614377E-007
   2700.0000000000000      -0.40500000000000019        3.8033519503204481E-007
   2700.0000000000000      -0.41500000000000020        3.8024378646076098E-007
   2700.0000000000000      -0.42500000000000021        3.8015788048159358E-007
   2700.0000000000000      -0.43500000000000022        3.8007776037963691E-007
   2700.0000000000000      -0.44500000000000023        3.8000369050182695E-007
   2700.0000000000000      -0.45500000000000024        3.7993591534497778E-007
   2700.0000000000000      -0.46500000000000025        3.7987465873457136E-007
   2700.0000000000000      -0.47500000000000026        3.7982012303856302E-007
   2700.0000000000000      -0.48500000000000026        3.7977248850030360E-007
   2700.0000000000000      -0.49500000000000027        3.7973191259047400E-007
   2700.0000000000000      -0.50500000000000023        3.7969852949342661E-007
   2700.0000000000000      -0.51500000000000024        3.7967244962399583E-007
   2700.0000000000000      -0.52500000000000024        3.7965375926445726E-007
   2700.0000000000000      -0.53500000000000025        3.7964252025010052E-007
   2700.0000000000000      -0.54500000000000026        3.7964252025010052E-007
   3600.0000000000000       -5.0000000000000044E-003   4.4153006766267484E-007
   3600.0000000000000       -1.5000000000000005E-002   4.0070198432693945E-007
   3600.0000000000000       -2.5000000000000005E-002   3.8768799338370833E-007
   3600.0000000000000       -3.5000000000000003E-002   3.8353863152321068E-007
   3600.0000000000000       -4.5000000000000005E-002   3.8221426579660425E-007
   3600.0000000000000       -5.5000000000000007E-002   3.8178992971355515E-007
   3600.0000000000000       -6.5000000000000002E-002   3.8165209849494482E-007
   3600.0000000000000       -7.4999999999999997E-002   3.8160523568156100E-007
   3600.0000000000000       -8.4999999999999992E-002   3.8158702859537595E-007
   3600.0000000000000       -9.4999999999999987E-002   3.8157762718188119E-007
   3600.0000000000000      -0.10499999999999998        3.8157071627568461E-007
   3600.0000000000000      -0.11499999999999998        3.8156429561641039E-007
   3600.0000000000000      -0.12499999999999997        3.8155774118943193E-007
   3600.0000000000000      -0.13499999999999998        3.8155086856169677E-007
   3600.0000000000000      -0.14499999999999999        3.8154363430475119E-007
   3600.0000000000000      -0.15500000000000000        3.8153604078082287E-007
   3600.0000000000000      -0.16500000000000001        3.8152810574769579E-007
   3600.0000000000000      -0.17500000000000002        3.8151985268905520E-007
   3600.0000000000000      -0.18500000000000003        3.8151130725512559E-007
   3600.0000000000000      -0.19500000000000003        3.8150249726797123E-007
   3600.0000000000000      -0.20500000000000004        3.8149345063160677E-007
   3600.0000000000000      -0.21500000000000005        3.8148419683370581E-007
   3600.0000000000000      -0.22500000000000006        3.8147476575381556E-007
   3600.0000000000000      -0.23500000000000007        3.8146518795692467E-007
   3600.0000000000000      -0.24500000000000008        3.8145549452366450E-007
   3600.0000000000000      -0.25500000000000006        3.8144571694966183E-007
   3600.0000000000000      -0.26500000000000007        3.8143588704465951E-007
   3600.0000000000000      -0.27500000000000008        3.8142603683067231E-007
   3600.0000000000000      -0.28500000000000009        3.8141619843751963E-007
   3600.0000000000000      -0.29500000000000010        3.8140640399597580E-007
   3600.0000000000000      -0.30500000000000010        3.8139668553826234E-007
   3600.0000000000000      -0.31500000000000011        3.8138707488431106E-007
   3600.0000000000000      -0.32500000000000012        3.8137760354416608E-007
   3600.0000000000000      -0.33500000000000013        3.8136830260685751E-007
   3600.0000000000000      -0.34500000000000014        3.8135920264223027E-007
   3600.0000000000000      -0.35500000000000015        3.8135033359147294E-007
   3600.0000000000000      -0.36500000000000016        3.8134172467346711E-007
   3600.0000000000000      -0.37500000000000017        3.8133340427980426E-007
   3600.0000000000000      -0.38500000000000018        3.8132539988040300E-007
   3600.0000000000000      -0.39500000000000018        3.8131773793160942E-007
   3600.0000000000000      -0.40500000000000019        3.8131044377910809E-007
   3600.0000000000000      -0.41500000000000020        3.8130354158130197E-007
   3600.0000000000000      -0.42500000000000021        3.8129705421091879E-007
   3600.0000000000000      -0.43500000000000022        3.8129100319306510E-007
   3600.0000000000000      -0.44500000000000023        3.8128540861284916E-007
   3600.0000000000000      -0.45500000000000024        3.8128028906206149E-007
   3600.0000000000000      -0.46500000000000025        3.8127566155551996E-007
   3600.0000000000000      -0.47500000000000026        3.8127154149446237E-007
   3600.0000000000000      -0.48500000000000026        3.8126794258747492E-007
   3600.0000000000000      -0.49500000000000027        3.8126487682061073E-007
   3600.0000000000000      -0.50500000000000023        3.8126235441045631E-007
   3600.0000000000000      -0.51500000000000024        3.8126038375844566E-007
   3600.0000000000000      -0.52500000000000024        3.8125897143962999E-007
   3600.0000000000000      -0.53500000000000025        3.8125812215818862E-007
   3600.0000000000000      -0.54500000000000026        3.8125812215818862E-007
   4500.0000000000000       -5.0000000000000044E-003   3.7637261467203174E-007
   4500.0000000000000       -1.5000000000000005E-002   3.8268482041260944E-007
   4500.0000000000000       -2.5000000000000005E-002   3.8469066973163337E-007
   4500.0000000000000       -3.5000000000000003E-002   3.8532199177841797E-007
   4500.0000000000000       -4.5000000000000005E-002   3.8551325600585990E-007
   4500.0000000000000       -5.5000000000000007E-002   3.8556233305575299E-007
   4500.0000000000000       -6.5000000000000002E-002   3.8556420107710786E-007
   4500.0000000000000       -7.4999999999999997E-002   3.8554917793059581E-007
   4500.0000000000000       -8.4999999999999992E-002   3.8552697887486288E-007
   4500.0000000000000       -9.4999999999999987E-002   3.8550075858352762E-007
   4500.0000000000000      -0.10499999999999998        3.8547158646922418E-007
   4500.0000000000000      -0.11499999999999998        3.8543987283305092E-007
   4500.0000000000000      -0.12499999999999997        3.8540582317822192E-007
   4500.0000000000000      -0.13499999999999998        3.8536958273336587E-007
   4500.0000000000000      -0.14499999999999999        3.8533128224742797E-007
   4500.0000000000000      -0.15500000000000000        3.8529105217405779E-007
   4500.0000000000000      -0.16500000000000001        3.8524902749819927E-007
   4500.0000000000000      -0.17500000000000002        3.8520534723026490E-007
   4500.0000000000000      -0.18500000000000003        3.8516015682017133E-007
   4500.0000000000000      -0.19500000000000003        3.8511360538021820E-007
   4500.0000000000000      -0.20500000000000004        3.8506584676855806E-007
   4500.0000000000000      -0.21500000000000005        3.8501703848390467E-007
   4500.0000000000000      -0.22500000000000006        3.8496734125401510E-007
   4500.0000000000000      -0.23500000000000007        3.8491691847707085E-007
   4500.0000000000000      -0.24500000000000008        3.8486593568553728E-007
   4500.0000000000000      -0.25500000000000006        3.8481455997828201E-007
   4500.0000000000000      -0.26500000000000007        3.8476295948072767E-007
   4500.0000000000000      -0.27500000000000008        3.8471130277208072E-007
   4500.0000000000000      -0.28500000000000009        3.8465975834921758E-007
   4500.0000000000000      -0.29500000000000010        3.8460849406157743E-007
   4500.0000000000000      -0.30500000000000010        3.8455767658089920E-007
   4500.0000000000000      -0.31500000000000011        3.8450747085058633E-007
   4500.0000000000000      -0.32500000000000012        3.8445803957549835E-007
   4500.0000000000000      -0.33500000000000013        3.8440954268458978E-007
   4500.0000000000000      -0.34500000000000014        3.8436213684737690E-007
   4500.0000000000000      -0.35500000000000015        3.8431597496325232E-007
   4500.0000000000000      -0.36500000000000016        3.8427120570262200E-007
   4500.0000000000000      -0.37500000000000017        3.8422797303066185E-007
   4500.0000000000000      -0.38500000000000018        3.8418641578086048E-007
   4500.0000000000000      -0.39500000000000018        3.8414666721325017E-007
   4500.0000000000000      -0.40500000000000019        3.8410885462780339E-007
   4500.0000000000000      -0.41500000000000020        3.8407309896239077E-007
   4500.0000000000000      -0.42500000000000021        3.8403951444469481E-007
   4500.0000000000000      -0.43500000000000022        3.8400820823839337E-007
   4500.0000000000000      -0.44500000000000023        3.8397928013601000E-007
   4500.0000000000000      -0.45500000000000024        3.8395282225154101E-007
   4500.0000000000000      -0.46500000000000025        3.8392891876305934E-007
   4500.0000000000000      -0.47500000000000026        3.8390764565073463E-007
   4500.0000000000000      -0.48500000000000026        3.8388907049075082E-007
   4500.0000000000000      -0.49500000000000027        3.8387325224124271E-007
   4500.0000000000000      -0.50500000000000023        3.8386024109031592E-007
   4500.0000000000000      -0.51500000000000024        3.8385007829207189E-007
   4500.0000000000000      -0.52500000000000024        3.8384279606140905E-007
   4500.0000000000000      -0.53500000000000025        3.8383841747376305E-007
   4500.0000000000000      -0.54500000000000026        3.8383841747376305E-007
   5400.0000000000000       -5.0000000000000044E-003   2.9782529760083636E-007
   5400.0000000000000       -1.5000000000000005E-002   3.5667824180203735E-007
   5400.0000000000000       -2.5000000000000005E-002   3.7543616459095216E-007
   5400.0000000000000       -3.5000000000000003E-002   3.8141490193759333E-007
   5400.0000000000000       -4.5000000000000005E-002   3.8332064987005000E-007
   5400.0000000000000       -5.5000000000000007E-002   3.8392827619027363E-007
   5400.0000000000000       -6.5000000000000002E-002   3.8412219536593258E-007
   5400.0000000000000       -7.4999999999999997E-002   3.8418428998631172E-007
   5400.0000000000000       -8.4999999999999992E-002   3.8420440149261487E-007
   5400.0000000000000       -9.4999999999999987E-002   3.8421116319425807E-007
   5400.0000000000000      -0.10499999999999998        3.8421369981851880E-007
   5400.0000000000000      -0.11499999999999998        3.8421491814494753E-007
   5400.0000000000000      -0.12499999999999997        3.8421574304598473E-007
   5400.0000000000000      -0.13499999999999998        3.8421646762344248E-007
   5400.0000000000000      -0.14499999999999999        3.8421718353595320E-007
   5400.0000000000000      -0.15500000000000000        3.8421791816498884E-007
   5400.0000000000000      -0.16500000000000001        3.8421867834241863E-007
   5400.0000000000000      -0.17500000000000002        3.8421946419412147E-007
   5400.0000000000000      -0.18500000000000003        3.8422027417242681E-007
   5400.0000000000000      -0.19500000000000003        3.8422110494180092E-007
   5400.0000000000000      -0.20500000000000004        3.8422195428364468E-007
   5400.0000000000000      -0.21500000000000005        3.8422281881349684E-007
   5400.0000000000000      -0.22500000000000006        3.8422369558484755E-007
   5400.0000000000000      -0.23500000000000007        3.8422458153676513E-007
   5400.0000000000000      -0.24500000000000008        3.8422547361543676E-007
   5400.0000000000000      -0.25500000000000006        3.8422636878775488E-007
   5400.0000000000000      -0.26500000000000007        3.8422726404804601E-007
   5400.0000000000000      -0.27500000000000008        3.8422815643518427E-007
   5400.0000000000000      -0.28500000000000009        3.8422904303797716E-007
   5400.0000000000000      -0.29500000000000010        3.8422992100714602E-007
   5400.0000000000000      -0.30500000000000010        3.8423078756229736E-007
   5400.0000000000000      -0.31500000000000011        3.8423164000331874E-007
   5400.0000000000000      -0.32500000000000012        3.8423247571171581E-007
   5400.0000000000000      -0.33500000000000013        3.8423329216353615E-007
   5400.0000000000000      -0.34500000000000014        3.8423408693038802E-007
   5400.0000000000000      -0.35500000000000015        3.8423485768631605E-007
   5400.0000000000000      -0.36500000000000016        3.8423560221002938E-007
   5400.0000000000000      -0.37500000000000017        3.8423631839336945E-007
   5400.0000000000000      -0.38500000000000018        3.8423700423538870E-007
   5400.0000000000000      -0.39500000000000018        3.8423765785346042E-007
   5400.0000000000000      -0.40500000000000019        3.8423827747920407E-007
   5400.0000000000000      -0.41500000000000020        3.8423886146112733E-007
   5400.0000000000000      -0.42500000000000021        3.8423940826510355E-007
   5400.0000000000000      -0.43500000000000022        3.8423991647583629E-007
   5400.0000000000000      -0.44500000000000023        3.8424038479386678E-007
   5400.0000000000000      -0.45500000000000024        3.8424081203700648E-007
   5400.0000000000000      -0.46500000000000025        3.8424119714180147E-007
   5400.0000000000000      -0.47500000000000026        3.8424153915608353E-007
   5400.0000000000000      -0.48500000000000026        3.8424183724654635E-007
   5400.0000000000000      -0.49500000000000027        3.8424209069095544E-007
   5400.0000000000000      -0.50500000000000023        3.8424229888036372E-007
   5400.0000000000000      -0.51500000000000024        3.8424246132015562E-007
   5400.0000000000000      -0.52500000000000024        3.8424257762161782E-007
   5400.0000000000000      -0.53500000000000025        3.8424264751366632E-007
   5400.0000000000000      -0.54500000000000026        3.8424264751366632E-007
   6300.0000000000000       -5.0000000000000044E-003   4.3788563770648891E-007
   6300.0000000000000       -1.5000000000000005E-002   3.9721873670862954E-007
   6300.0000000000000       -2.5000000000000005E-002   3.8426568562610251E-007
   6300.0000000000000       -3.5000000000000003E-002   3.8014848909142243E-007
   6300.0000000000000       -4.5000000000000005E-002   3.7885025017320499E-007
   6300.0000000000000       -5.5000000000000007E-002   3.7845319595839613E-007
   6300.0000000000000       -6.5000000000000002E-002   3.7834603126804183E-007
   6300.0000000000000       -7.4999999999999997E-002   3.7833385708432985E-007
   6300.0000000000000       -8.4999999999999992E-002   3.7835448095680825E-007
   6300.0000000000000       -9.4999999999999987E-002   3.7838799873849349E-007
   6300.0000000000000      -0.10499999999999998        3.7842797647323916E-007
   6300.0000000000000      -0.11499999999999998        3.7847226569865055E-007
   6300.0000000000000      -0.12499999999999997        3.7852007642853042E-007
   6300.0000000000000      -0.13499999999999998        3.7857104460465146E-007
   6300.0000000000000      -0.14499999999999999        3.7862493528151483E-007
   6300.0000000000000      -0.15500000000000000        3.7868154843014769E-007
   6300.0000000000000      -0.16500000000000001        3.7874068936671034E-007
   6300.0000000000000      -0.17500000000000002        3.7880215984062745E-007
   6300.0000000000000      -0.18500000000000003        3.7886575526671353E-007
   6300.0000000000000      -0.19500000000000003        3.7893126549195843E-007
   6300.0000000000000      -0.20500000000000004        3.7899847355761980E-007
   6300.0000000000000      -0.21500000000000005        3.7906715799347333E-007
   6300.0000000000000      -0.22500000000000006        3.7913709250144422E-007
   6300.0000000000000      -0.23500000000000007        3.7920804709233022E-007
   6300.0000000000000      -0.24500000000000008        3.7927978880232646E-007
   6300.0000000000000      -0.25500000000000006        3.7935208245666765E-007
   6300.0000000000000      -0.26500000000000007        3.7942469146810346E-007
   6300.0000000000000      -0.27500000000000008        3.7949737860278771E-007
   6300.0000000000000      -0.28500000000000009        3.7956990677475555E-007
   6300.0000000000000      -0.29500000000000010        3.7964203980472213E-007
   6300.0000000000000      -0.30500000000000010        3.7971354319850984E-007
   6300.0000000000000      -0.31500000000000011        3.7978418488858189E-007
   6300.0000000000000      -0.32500000000000012        3.7985373599079233E-007
   6300.0000000000000      -0.33500000000000013        3.7992197151297298E-007
   6300.0000000000000      -0.34500000000000014        3.7998867108491235E-007
   6300.0000000000000      -0.35500000000000015        3.8005361962657941E-007
   6300.0000000000000      -0.36500000000000016        3.8011660803999898E-007
   6300.0000000000000      -0.37500000000000017        3.8017743383227394E-007
   6300.0000000000000      -0.38500000000000018        3.8023590176108068E-007
   6300.0000000000000      -0.39500000000000018        3.8029182440605931E-007
   6300.0000000000000      -0.40500000000000019        3.8034502276159494E-007
   6300.0000000000000      -0.41500000000000020        3.8039532675364722E-007
   6300.0000000000000      -0.42500000000000021        3.8044257576931255E-007
   6300.0000000000000      -0.43500000000000022        3.8048661911826550E-007
   6300.0000000000000      -0.44500000000000023        3.8052731649572803E-007
   6300.0000000000000      -0.45500000000000024        3.8056453838034126E-007
   6300.0000000000000      -0.46500000000000025        3.8059816643108299E-007
   6300.0000000000000      -0.47500000000000026        3.8062809381571338E-007
   6300.0000000000000      -0.48500000000000026        3.8065422554246747E-007
   6300.0000000000000      -0.49500000000000027        3.8067647871029825E-007
   6300.0000000000000      -0.50500000000000023        3.8069478277841977E-007
   6300.0000000000000      -0.51500000000000024        3.8070907974032799E-007
   6300.0000000000000      -0.52500000000000024        3.8071932431572446E-007
   6300.0000000000000      -0.53500000000000025        3.8072548406149605E-007
   6300.0000000000000      -0.54500000000000026        3.8072548406149605E-007
   7200.0000000000000       -5.0000000000000044E-003   3.6537194749663672E-007
   7200.0000000000000       -1.5000000000000005E-002   3.7769365100427243E-007
   7200.0000000000000       -2.5000000000000005E-002   3.8161615763957857E-007
   7200.0000000000000       -3.5000000000000003E-002   3.8286008110842361E-007
   7200.0000000000000       -4.5000000000000005E-002   3.8324873618755450E-007
   7200.0000000000000       -5.5000000000000007E-002   3.8336328231865814E-007
   7200.0000000000000       -6.5000000000000002E-002   3.8338898008884502E-007
   7200.0000000000000       -7.4999999999999997E-002   3.8338491281791345E-007
   7200.0000000000000       -8.4999999999999992E-002   3.8336995301972423E-007
   7200.0000000000000       -9.4999999999999987E-002   3.8335016177343188E-007
   7200.0000000000000      -0.10499999999999998        3.8332752137756021E-007
   7200.0000000000000      -0.11499999999999998        3.8330271846668806E-007
   7200.0000000000000      -0.12499999999999997        3.8327603085741214E-007
   7200.0000000000000      -0.13499999999999998        3.8324760998224614E-007
   7200.0000000000000      -0.14499999999999999        3.8321757072850036E-007
   7200.0000000000000      -0.15500000000000000        3.8318601974145716E-007
   7200.0000000000000      -0.16500000000000001        3.8315306431495431E-007
   7200.0000000000000      -0.17500000000000002        3.8311881481493950E-007
   7200.0000000000000      -0.18500000000000003        3.8308338538293905E-007
   7200.0000000000000      -0.19500000000000003        3.8304689367156958E-007
   7200.0000000000000      -0.20500000000000004        3.8300946064779766E-007
   7200.0000000000000      -0.21500000000000005        3.8297121011191941E-007
   7200.0000000000000      -0.22500000000000006        3.8293226835558567E-007
   7200.0000000000000      -0.23500000000000007        3.8289276369414077E-007
   7200.0000000000000      -0.24500000000000008        3.8285282603795480E-007
   7200.0000000000000      -0.25500000000000006        3.8281258646129667E-007
   7200.0000000000000      -0.26500000000000007        3.8277217675707655E-007
   7200.0000000000000      -0.27500000000000008        3.8273172900805185E-007
   7200.0000000000000      -0.28500000000000009        3.8269137514334583E-007
   7200.0000000000000      -0.29500000000000010        3.8265124651836783E-007
   7200.0000000000000      -0.30500000000000010        3.8261147347855155E-007
   7200.0000000000000      -0.31500000000000011        3.8257218495368403E-007
   7200.0000000000000      -0.32500000000000012        3.8253350803450398E-007
   7200.0000000000000      -0.33500000000000013        3.8249556758603468E-007
   7200.0000000000000      -0.34500000000000014        3.8245848584261335E-007
   7200.0000000000000      -0.35500000000000015        3.8242238204414303E-007
   7200.0000000000000      -0.36500000000000016        3.8238737205353213E-007
   7200.0000000000000      -0.37500000000000017        3.8235356802003572E-007
   7200.0000000000000      -0.38500000000000018        3.8232107802346587E-007
   7200.0000000000000      -0.39500000000000018        3.8229000576704131E-007
   7200.0000000000000      -0.40500000000000019        3.8226045025117039E-007
   7200.0000000000000      -0.41500000000000020        3.8223250549943808E-007
   7200.0000000000000      -0.42500000000000021        3.8220626026473021E-007
   7200.0000000000000      -0.43500000000000022        3.8218179778788094E-007
   7200.0000000000000      -0.44500000000000023        3.8215919554177256E-007
   7200.0000000000000      -0.45500000000000024        3.8213852502375726E-007
   7200.0000000000000      -0.46500000000000025        3.8211985153534539E-007
   7200.0000000000000      -0.47500000000000026        3.8210323401432200E-007
   7200.0000000000000      -0.48500000000000026        3.8208872485011946E-007
   7200.0000000000000      -0.49500000000000027        3.8207636975487354E-007
   7200.0000000000000      -0.50500000000000023        3.8206620761660000E-007
   7200.0000000000000      -0.51500000000000024        3.8205827041034447E-007
   7200.0000000000000      -0.52500000000000024        3.8205258308852628E-007
   7200.0000000000000      -0.53500000000000025        3.8204916353301183E-007
   7200.0000000000000      -0.54500000000000026        3.8204916353301183E-007
   8100.0000000000000       -5.0000000000000044E-003   3.7276381398271590E-007
   8100.0000000000000       -1.5000000000000005E-002   3.7877320311138634E-007
   8100.0000000000000       -2.5000000000000005E-002   3.8068968019577865E-007
   8100.0000000000000       -3.5000000000000003E-002   3.8130202983449491E-007
   8100.0000000000000       -4.5000000000000005E-002   3.8149909786339670E-007
   8100.0000000000000       -5.5000000000000007E-002   3.8156417380627831E-007
   8100.0000000000000       -6.5000000000000002E-002   3.8158754096515973E-007
   8100.0000000000000       -7.4999999999999997E-002   3.8159796582247111E-007
   8100.0000000000000       -8.4999999999999992E-002   3.8160460682712768E-007
   8100.0000000000000       -9.4999999999999987E-002   3.8161037174346714E-007
   8100.0000000000000      -0.10499999999999998        3.8161617499349070E-007
   8100.0000000000000      -0.11499999999999998        3.8162229461801928E-007
   8100.0000000000000      -0.12499999999999997        3.8162880482160837E-007
   8100.0000000000000      -0.13499999999999998        3.8163571388879610E-007
   8100.0000000000000      -0.14499999999999999        3.8164300819874011E-007
   8100.0000000000000      -0.15500000000000000        3.8165066621164247E-007
   8100.0000000000000      -0.16500000000000001        3.8165866358958375E-007
   8100.0000000000000      -0.17500000000000002        3.8166697319632570E-007
   8100.0000000000000      -0.18500000000000003        3.8167556804010275E-007
   8100.0000000000000      -0.19500000000000003        3.8168441912475012E-007
   8100.0000000000000      -0.20500000000000004        3.8169349711244289E-007
   8100.0000000000000      -0.21500000000000005        3.8170277187235212E-007
   8100.0000000000000      -0.22500000000000006        3.8171221269380662E-007
   8100.0000000000000      -0.23500000000000007        3.8172178839017856E-007
   8100.0000000000000      -0.24500000000000008        3.8173146740859778E-007
   8100.0000000000000      -0.25500000000000006        3.8174121793359156E-007
   8100.0000000000000      -0.26500000000000007        3.8175100799806484E-007
   8100.0000000000000      -0.27500000000000008        3.8176080558476863E-007
   8100.0000000000000      -0.28500000000000009        3.8177057873832478E-007
   8100.0000000000000      -0.29500000000000010        3.8178029566082936E-007
   8100.0000000000000      -0.30500000000000010        3.8178992482476225E-007
   8100.0000000000000      -0.31500000000000011        3.8179943506361361E-007
   8100.0000000000000      -0.32500000000000012        3.8180879567801279E-007
   8100.0000000000000      -0.33500000000000013        3.8181797652721435E-007
   8100.0000000000000      -0.34500000000000014        3.8182694812446791E-007
   8100.0000000000000      -0.35500000000000015        3.8183568172630750E-007
   8100.0000000000000      -0.36500000000000016        3.8184414941945400E-007
   8100.0000000000000      -0.37500000000000017        3.8185232420567994E-007
   8100.0000000000000      -0.38500000000000018        3.8186018007893931E-007
   8100.0000000000000      -0.39500000000000018        3.8186769210564858E-007
   8100.0000000000000      -0.40500000000000019        3.8187483649299889E-007
   8100.0000000000000      -0.41500000000000020        3.8188159066026041E-007
   8100.0000000000000      -0.42500000000000021        3.8188793330082355E-007
   8100.0000000000000      -0.43500000000000022        3.8189384444468579E-007
   8100.0000000000000      -0.44500000000000023        3.8189930551107048E-007
   8100.0000000000000      -0.45500000000000024        3.8190429936356033E-007
   8100.0000000000000      -0.46500000000000025        3.8190881035402619E-007
   8100.0000000000000      -0.47500000000000026        3.8191282436610986E-007
   8100.0000000000000      -0.48500000000000026        3.8191632885686069E-007
   8100.0000000000000      -0.49500000000000027        3.8191931288268812E-007
   8100.0000000000000      -0.50500000000000023        3.8192176713926622E-007
   8100.0000000000000      -0.51500000000000024        3.8192368397543852E-007
   8100.0000000000000      -0.52500000000000024        3.8192505742215968E-007
   8100.0000000000000      -0.53500000000000025        3.8192588320415874E-007
   8100.0000000000000      -0.54500000000000026        3.8192588320415874E-007
   9000.0000000000000       -5.0000000000000044E-003   3.7229610494417722E-007
   9000.0000000000000       -1.5000000000000005E-002   3.7830539511067896E-007
   9000.0000000000000       -2.5000000000000005E-002   3.8022170768656218E-007
   9000.0000000000000       -3.5000000000000003E-002   3.8083382791215450E-007
   9000.0000000000000       -4.5000000000000005E-002   3.8103060251571975E-007
   9000.0000000000000       -5.5000000000000007E-002   3.8109532216095724E-007
   9000.0000000000000       -6.5000000000000002E-002   3.8111827152982556E-007
   9000.0000000000000       -7.4999999999999997E-002   3.8112821871868752E-007
   9000.0000000000000       -8.4999999999999992E-002   3.8113432401482788E-007
   9000.0000000000000       -9.4999999999999987E-002   3.8113949723612278E-007
   9000.0000000000000      -0.10499999999999998        3.8114465506304809E-007
   9000.0000000000000      -0.11499999999999998        3.8115007798714999E-007
   9000.0000000000000      -0.12499999999999997        3.8115584284440742E-007
   9000.0000000000000      -0.13499999999999998        3.8116196071781619E-007
   9000.0000000000000      -0.14499999999999999        3.8116842093829096E-007
   9000.0000000000000      -0.15500000000000000        3.8117520505589348E-007
   9000.0000000000000      -0.16500000000000001        3.8118229194688958E-007
   9000.0000000000000      -0.17500000000000002        3.8118965779844789E-007
   9000.0000000000000      -0.18500000000000003        3.8119727903329737E-007
   9000.0000000000000      -0.19500000000000003        3.8120513014972660E-007
   9000.0000000000000      -0.20500000000000004        3.8121318536488255E-007
   9000.0000000000000      -0.21500000000000005        3.8122141815015859E-007
   9000.0000000000000      -0.22500000000000006        3.8122980142811321E-007
   9000.0000000000000      -0.23500000000000007        3.8123830766283938E-007
   9000.0000000000000      -0.24500000000000008        3.8124690895234695E-007
   9000.0000000000000      -0.25500000000000006        3.8125557712220691E-007
   9000.0000000000000      -0.26500000000000007        3.8126428381883309E-007
   9000.0000000000000      -0.27500000000000008        3.8127300060178282E-007
   9000.0000000000000      -0.28500000000000009        3.8128169903935580E-007
   9000.0000000000000      -0.29500000000000010        3.8129035079948702E-007
   9000.0000000000000      -0.30500000000000010        3.8129892774186923E-007
   9000.0000000000000      -0.31500000000000011        3.8130740200953464E-007
   9000.0000000000000      -0.32500000000000012        3.8131574611769888E-007
   9000.0000000000000      -0.33500000000000013        3.8132393304056769E-007
   9000.0000000000000      -0.34500000000000014        3.8133193629884410E-007
   9000.0000000000000      -0.35500000000000015        3.8133973004096429E-007
   9000.0000000000000      -0.36500000000000016        3.8134728912659381E-007
   9000.0000000000000      -0.37500000000000017        3.8135458920165640E-007
   9000.0000000000000      -0.38500000000000018        3.8136160677801037E-007
   9000.0000000000000      -0.39500000000000018        3.8136831930182417E-007
   9000.0000000000000      -0.40500000000000019        3.8137470522586774E-007
   9000.0000000000000      -0.41500000000000020        3.8138074407190382E-007
   9000.0000000000000      -0.42500000000000021        3.8138641649906368E-007
   9000.0000000000000      -0.43500000000000022        3.8139170435226426E-007
   9000.0000000000000      -0.44500000000000023        3.8139659072873752E-007
   9000.0000000000000      -0.45500000000000024        3.8140106001804365E-007
   9000.0000000000000      -0.46500000000000025        3.8140509795726854E-007
   9000.0000000000000      -0.47500000000000026        3.8140869166527502E-007
   9000.0000000000000      -0.48500000000000026        3.8141182969089734E-007
   9000.0000000000000      -0.49500000000000027        3.8141450203450023E-007
   9000.0000000000000      -0.50500000000000023        3.8141670019030340E-007
   9000.0000000000000      -0.51500000000000024        3.8141841716054028E-007
   9000.0000000000000      -0.52500000000000024        3.8141964748427296E-007
   9000.0000000000000      -0.53500000000000025        3.8142038724612672E-007
   9000.0000000000000      -0.54500000000000026        3.8142038724612672E-007
   9900.0000000000000       -5.0000000000000044E-003   3.7158555290463978E-007
   9900.0000000000000       -1.5000000000000005E-002   3.7774889579960786E-007
   9900.0000000000000       -2.5000000000000005E-002   3.7971429198699064E-007
   9900.0000000000000       -3.5000000000000003E-002   3.8034203419535772E-007
   9900.0000000000000       -4.5000000000000005E-002   3.8054376033757659E-007
   9900.0000000000000       -5.5000000000000007E-002   3.8061002525171464E-007
   9900.0000000000000       -6.5000000000000002E-002   3.8063342898933918E-007
   9900.0000000000000       -7.4999999999999997E-002   3.8064347773401844E-007
   9900.0000000000000       -8.4999999999999992E-002   3.8064956715969750E-007
   9900.0000000000000       -9.4999999999999987E-002   3.8065468226511004E-007
   9900.0000000000000      -0.10499999999999998        3.8065976386554724E-007
   9900.0000000000000      -0.11499999999999998        3.8066510033336167E-007
   9900.0000000000000      -0.12499999999999997        3.8067077121909521E-007
   9900.0000000000000      -0.13499999999999998        3.8067678868776607E-007
   9900.0000000000000      -0.14499999999999999        3.8068314264471702E-007
   9900.0000000000000      -0.15500000000000000        3.8068981506385720E-007
   9900.0000000000000      -0.16500000000000001        3.8069678521951669E-007
   9900.0000000000000      -0.17500000000000002        3.8070402967133398E-007
   9900.0000000000000      -0.18500000000000003        3.8071152525748044E-007
   9900.0000000000000      -0.19500000000000003        3.8071924687771375E-007
   9900.0000000000000      -0.20500000000000004        3.8072716917399962E-007
   9900.0000000000000      -0.21500000000000005        3.8073526605197260E-007
   9900.0000000000000      -0.22500000000000006        3.8074351087699402E-007
   9900.0000000000000      -0.23500000000000007        3.8075187656503296E-007
   9900.0000000000000      -0.24500000000000008        3.8076033567283361E-007
   9900.0000000000000      -0.25500000000000006        3.8076886048936654E-007
   9900.0000000000000      -0.26500000000000007        3.8077742312878948E-007
   9900.0000000000000      -0.27500000000000008        3.8078599562095047E-007
   9900.0000000000000      -0.28500000000000009        3.8079455000424882E-007
   9900.0000000000000      -0.29500000000000010        3.8080305841646445E-007
   9900.0000000000000      -0.30500000000000010        3.8081149318563897E-007
   9900.0000000000000      -0.31500000000000011        3.8081982691742366E-007
   9900.0000000000000      -0.32500000000000012        3.8082803258627884E-007
   9900.0000000000000      -0.33500000000000013        3.8083608361706048E-007
   9900.0000000000000      -0.34500000000000014        3.8084395397478696E-007
   9900.0000000000000      -0.35500000000000015        3.8085161823976344E-007
   9900.0000000000000      -0.36500000000000016        3.8085905169537549E-007
   9900.0000000000000      -0.37500000000000017        3.8086623039633744E-007
   9900.0000000000000      -0.38500000000000018        3.8087313125062887E-007
   9900.0000000000000      -0.39500000000000018        3.8087973208487804E-007
   9900.0000000000000      -0.40500000000000019        3.8088601171582564E-007
   9900.0000000000000      -0.41500000000000020        3.8089195001351166E-007
   9900.0000000000000      -0.42500000000000021        3.8089752796077031E-007
   9900.0000000000000      -0.43500000000000022        3.8090272771632139E-007
   9900.0000000000000      -0.44500000000000023        3.8090753265924017E-007
   9900.0000000000000      -0.45500000000000024        3.8091192744896128E-007
   9900.0000000000000      -0.46500000000000025        3.8091589806131290E-007
   9900.0000000000000      -0.47500000000000026        3.8091943183951209E-007
   9900.0000000000000      -0.48500000000000026        3.8092251752230463E-007
   9900.0000000000000      -0.49500000000000027        3.8092514528583325E-007
   9900.0000000000000      -0.50500000000000023        3.8092730676527122E-007
   9900.0000000000000      -0.51500000000000024        3.8092899508687066E-007
   9900.0000000000000      -0.52500000000000024        3.8093020487761445E-007
   9900.0000000000000      -0.53500000000000025        3.8093093229540592E-007
   9900.0000000000000      -0.54500000000000026        3.8093093229540592E-007
   10800.000000000000       -5.0000000000000044E-003   3.7085700081718117E-007
   10800.000000000000       -1.5000000000000005E-002   3.7717442355672070E-007
   10800.000000000000       -2.5000000000000005E-002   3.7918894844931587E-007
   10800.000000000000       -3.5000000000000003E-002   3.7983237556181633E-007
   10800.000000000000       -4.5000000000000005E-002   3.8003913378315707E-007
   10800.000000000000       -5.5000000000000007E-002   3.8010704185821674E-007
   10800.000000000000       -6.5000000000000002E-002   3.8013101488380003E-007
   10800.000000000000       -7.4999999999999997E-002   3.8014129674931288E-007
   10800.000000000000       -8.4999999999999992E-002   3.8014751807951508E-007
   10800.000000000000       -9.4999999999999987E-002   3.8015273856422993E-007
   10800.000000000000      -0.10499999999999998        3.8015792261226037E-007
   10800.000000000000      -0.11499999999999998        3.8016336588528905E-007
   10800.000000000000      -0.12499999999999997        3.8016915000934900E-007
   10800.000000000000      -0.13499999999999998        3.8017528754604065E-007
   10800.000000000000      -0.14499999999999999        3.8018176824772841E-007
   10800.000000000000      -0.15500000000000000        3.8018857374168516E-007
   10800.000000000000      -0.16500000000000001        3.8019568289406931E-007
   10800.000000000000      -0.17500000000000002        3.8020307179348130E-007
   10800.000000000000      -0.18500000000000003        3.8021071681809903E-007
   10800.000000000000      -0.19500000000000003        3.8021859236412731E-007
   10800.000000000000      -0.20500000000000004        3.8022667256666214E-007
   10800.000000000000      -0.21500000000000005        3.8023493080989542E-007
   10800.000000000000      -0.22500000000000006        3.8024333992752512E-007
   10800.000000000000      -0.23500000000000007        3.8025187229390762E-007
   10800.000000000000      -0.24500000000000008        3.8026049991867097E-007
   10800.000000000000      -0.25500000000000006        3.8026919453825581E-007
   10800.000000000000      -0.26500000000000007        3.8027792771010447E-007
   10800.000000000000      -0.27500000000000008        3.8028667090785898E-007
   10800.000000000000      -0.28500000000000009        3.8029539561173901E-007
   10800.000000000000      -0.29500000000000010        3.8030407340694733E-007
   10800.000000000000      -0.30500000000000010        3.8031267606882107E-007
   10800.000000000000      -0.31500000000000011        3.8032117566033416E-007
   10800.000000000000      -0.32500000000000012        3.8032954461769444E-007
   10800.000000000000      -0.33500000000000013        3.8033775583893297E-007
   10800.000000000000      -0.34500000000000014        3.8034578277150655E-007
   10800.000000000000      -0.35500000000000015        3.8035359949248324E-007
   10800.000000000000      -0.36500000000000016        3.8036118079391693E-007
   10800.000000000000      -0.37500000000000017        3.8036850225736638E-007
   10800.000000000000      -0.38500000000000018        3.8037554033239398E-007
   10800.000000000000      -0.39500000000000018        3.8038227240701056E-007
   10800.000000000000      -0.40500000000000019        3.8038867687920267E-007
   10800.000000000000      -0.41500000000000020        3.8039473321926019E-007
   10800.000000000000      -0.42500000000000021        3.8040042203742000E-007
   10800.000000000000      -0.43500000000000022        3.8040572513505232E-007
   10800.000000000000      -0.44500000000000023        3.8041062556752970E-007
   10800.000000000000      -0.45500000000000024        3.8041510768723224E-007
   10800.000000000000      -0.46500000000000025        3.8041915719731243E-007
   10800.000000000000      -0.47500000000000026        3.8042276118651991E-007
   10800.000000000000      -0.48500000000000026        3.8042590817567639E-007
   10800.000000000000      -0.49500000000000027        3.8042858814388261E-007
   10800.000000000000      -0.50500000000000023        3.8043079256466720E-007
   10800.000000000000      -0.51500000000000024        3.8043251442364727E-007
   10800.000000000000      -0.52500000000000024        3.8043374824861626E-007
   10800.000000000000      -0.53500000000000025        3.8043449011490432E-007
   10800.000000000000      -0.54500000000000026        3.8043449011490432E-007
   11700.000000000000       -5.0000000000000044E-003   3.7079365340282316E-007
   11700.000000000000       -1.5000000000000005E-002   3.7680296435096227E-007
   11700.000000000000       -2.5000000000000005E-002   3.7871931148442892E-007
   11700.000000000000       -3.5000000000000003E-002   3.7933147992543497E-007
   11700.000000000000       -4.5000000000000005E-002   3.7952831623821477E-007
   11700.000000000000       -5.5000000000000007E-002   3.7959311087605243E-007
   11700.000000000000       -6.5000000000000002E-002   3.7961614826593072E-007
   11700.000000000000       -7.4999999999999997E-002   3.7962619620477491E-007
   11700.000000000000       -8.4999999999999992E-002   3.7963241463760880E-007
   11700.000000000000       -9.4999999999999987E-002   3.7963771299853674E-007
   11700.000000000000      -0.10499999999999998        3.7964300754377348E-007
   11700.000000000000      -0.11499999999999998        3.7964857830203879E-007
   11700.000000000000      -0.12499999999999997        3.7965450161003684E-007
   11700.000000000000      -0.13499999999999998        3.7966078801556052E-007
   11700.000000000000      -0.14499999999999999        3.7966742628204979E-007
   11700.000000000000      -0.15500000000000000        3.7967439736114814E-007
   11700.000000000000      -0.16500000000000001        3.7968167950105712E-007
   11700.000000000000      -0.17500000000000002        3.7968924823509299E-007
   11700.000000000000      -0.18500000000000003        3.7969707930825830E-007
   11700.000000000000      -0.19500000000000003        3.7970514651860960E-007
   11700.000000000000      -0.20500000000000004        3.7971342336362889E-007
   11700.000000000000      -0.21500000000000005        3.7972188258033934E-007
   11700.000000000000      -0.22500000000000006        3.7973049633956272E-007
   11700.000000000000      -0.23500000000000007        3.7973923634520454E-007
   11700.000000000000      -0.24500000000000008        3.7974807392404131E-007
   11700.000000000000      -0.25500000000000006        3.7975698012544495E-007
   11700.000000000000      -0.26500000000000007        3.7976592581450498E-007
   11700.000000000000      -0.27500000000000008        3.7977488177021864E-007
   11700.000000000000      -0.28500000000000009        3.7978381878019814E-007
   11700.000000000000      -0.29500000000000010        3.7979270773582908E-007
   11700.000000000000      -0.30500000000000010        3.7980151972830847E-007
   11700.000000000000      -0.31500000000000011        3.7981022613898496E-007
   11700.000000000000      -0.32500000000000012        3.7981879873447365E-007
   11700.000000000000      -0.33500000000000013        3.7982720975314445E-007
   11700.000000000000      -0.34500000000000014        3.7983543199638554E-007
   11700.000000000000      -0.35500000000000015        3.7984343891104897E-007
   11700.000000000000      -0.36500000000000016        3.7985120467574783E-007
   11700.000000000000      -0.37500000000000017        3.7985870427846391E-007
   11700.000000000000      -0.38500000000000018        3.7986591359482282E-007
   11700.000000000000      -0.39500000000000018        3.7987280946544709E-007
   11700.000000000000      -0.40500000000000019        3.7987936975923827E-007
   11700.000000000000      -0.41500000000000020        3.7988557345111173E-007
   11700.000000000000      -0.42500000000000021        3.7989140067703470E-007
   11700.000000000000      -0.43500000000000022        3.7989683279683143E-007
   11700.000000000000      -0.44500000000000023        3.7990185245444175E-007
   11700.000000000000      -0.45500000000000024        3.7990644362032165E-007
   11700.000000000000      -0.46500000000000025        3.7991059165167008E-007
   11700.000000000000      -0.47500000000000026        3.7991428332184207E-007
   11700.000000000000      -0.48500000000000026        3.7991750687369954E-007
   11700.000000000000      -0.49500000000000027        3.7992025204244402E-007
   11700.000000000000      -0.50500000000000023        3.7992251009265696E-007
   11700.000000000000      -0.51500000000000024        3.7992427384334498E-007
   11700.000000000000      -0.52500000000000024        3.7992553768427662E-007
   11700.000000000000      -0.53500000000000025        3.7992629759974173E-007
   11700.000000000000      -0.54500000000000026        3.7992629759974173E-007
   12600.000000000000       -5.0000000000000044E-003   3.6104106982445631E-007
   12600.000000000000       -1.5000000000000005E-002   3.7336701892038060E-007
   12600.000000000000       -2.5000000000000005E-002   3.7729658562663484E-007
   12600.000000000000       -3.5000000000000003E-002   3.7855035984564550E-007
   12600.000000000000       -4.5000000000000005E-002   3.7895162315344118E-007
   12600.000000000000       -5.5000000000000007E-002   3.7908149251462624E-007
   12600.000000000000       -6.5000000000000002E-002   3.7912517691908200E-007
   12600.000000000000       -7.4999999999999997E-002   3.7914169915952083E-007
   12600.000000000000       -8.4999999999999992E-002   3.7914986251350206E-007
   12600.000000000000       -9.4999999999999987E-002   3.7915565036834235E-007
   12600.000000000000      -0.10499999999999998        3.7916095915780774E-007
   12600.000000000000      -0.11499999999999998        3.7916638179059559E-007
   12600.000000000000      -0.12499999999999997        3.7917209483569970E-007
   12600.000000000000      -0.13499999999999998        3.7917814132034534E-007
   12600.000000000000      -0.14499999999999999        3.7918452096005332E-007
   12600.000000000000      -0.15500000000000000        3.7919121886973049E-007
   12600.000000000000      -0.16500000000000001        3.7919821489108728E-007
   12600.000000000000      -0.17500000000000002        3.7920548646106095E-007
   12600.000000000000      -0.18500000000000003        3.7921300979019892E-007
   12600.000000000000      -0.19500000000000003        3.7922076007301353E-007
   12600.000000000000      -0.20500000000000004        3.7922871179411946E-007
   12600.000000000000      -0.21500000000000005        3.7923683874576711E-007
   12600.000000000000      -0.22500000000000006        3.7924511420819823E-007
   12600.000000000000      -0.23500000000000007        3.7925351099699678E-007
   12600.000000000000      -0.24500000000000008        3.7926200156760247E-007
   12600.000000000000      -0.25500000000000006        3.7927055810656478E-007
   12600.000000000000      -0.26500000000000007        3.7927915262430001E-007
   12600.000000000000      -0.27500000000000008        3.7928775704662807E-007
   12600.000000000000      -0.28500000000000009        3.7929634330817503E-007
   12600.000000000000      -0.29500000000000010        3.7930488344246989E-007
   12600.000000000000      -0.30500000000000010        3.7931334967378099E-007
   12600.000000000000      -0.31500000000000011        3.7932171450605534E-007
   12600.000000000000      -0.32500000000000012        3.7932995081106224E-007
   12600.000000000000      -0.33500000000000013        3.7933803191516840E-007
   12600.000000000000      -0.34500000000000014        3.7934593168369342E-007
   12600.000000000000      -0.35500000000000015        3.7935362460287801E-007
   12600.000000000000      -0.36500000000000016        3.7936108586057891E-007
   12600.000000000000      -0.37500000000000017        3.7936829142269838E-007
   12600.000000000000      -0.38500000000000018        3.7937521810837190E-007
   12600.000000000000      -0.39500000000000018        3.7938184366057253E-007
   12600.000000000000      -0.40500000000000019        3.7938814681515492E-007
   12600.000000000000      -0.41500000000000020        3.7939410736525229E-007
   12600.000000000000      -0.42500000000000021        3.7939970622245802E-007
   12600.000000000000      -0.43500000000000022        3.7940492547479245E-007
   12600.000000000000      -0.44500000000000023        3.7940974844053111E-007
   12600.000000000000      -0.45500000000000024        3.7941415971779958E-007
   12600.000000000000      -0.46500000000000025        3.7941814523098497E-007
   12600.000000000000      -0.47500000000000026        3.7942169227243633E-007
   12600.000000000000      -0.48500000000000026        3.7942478953964474E-007
   12600.000000000000      -0.49500000000000027        3.7942742716947201E-007
   12600.000000000000      -0.50500000000000023        3.7942959676646843E-007
   12600.000000000000      -0.51500000000000024        3.7943129142779164E-007
   12600.000000000000      -0.52500000000000024        3.7943250576368065E-007
   12600.000000000000      -0.53500000000000025        3.7943323591287577E-007
   12600.000000000000      -0.54500000000000026        3.7943323591287577E-007
   13500.000000000000       -5.0000000000000044E-003   3.6917838132036144E-007
   13500.000000000000       -1.5000000000000005E-002   3.7518833086149703E-007
   13500.000000000000       -2.5000000000000005E-002   3.7710573993722975E-007
   13500.000000000000       -3.5000000000000003E-002   3.7771939010464778E-007
   13500.000000000000       -4.5000000000000005E-002   3.7791812295731489E-007
   13500.000000000000       -5.5000000000000007E-002   3.7798522258812959E-007
   13500.000000000000       -6.5000000000000002E-002   3.7801096569795683E-007
   13500.000000000000       -7.4999999999999997E-002   3.7802411101847980E-007
   13500.000000000000       -8.4999999999999992E-002   3.7803380812469246E-007
   13500.000000000000       -9.4999999999999987E-002   3.7804295481141456E-007
   13500.000000000000      -0.10499999999999998        3.7805245446959420E-007
   13500.000000000000      -0.11499999999999998        3.7806257308203133E-007
   13500.000000000000      -0.12499999999999997        3.7807337180873768E-007
   13500.000000000000      -0.13499999999999998        3.7808484494483402E-007
   13500.000000000000      -0.14499999999999999        3.7809696398198962E-007
   13500.000000000000      -0.15500000000000000        3.7810969164085494E-007
   13500.000000000000      -0.16500000000000001        3.7812298705015656E-007
   13500.000000000000      -0.17500000000000002        3.7813680578611442E-007
   13500.000000000000      -0.18500000000000003        3.7815110289131647E-007
   13500.000000000000      -0.19500000000000003        3.7816583076698046E-007
   13500.000000000000      -0.20500000000000004        3.7818094090634170E-007
   13500.000000000000      -0.21500000000000005        3.7819638350207793E-007
   13500.000000000000      -0.22500000000000006        3.7821210772441287E-007
   13500.000000000000      -0.23500000000000007        3.7822806189256518E-007
   13500.000000000000      -0.24500000000000008        3.7824419364526276E-007
   13500.000000000000      -0.25500000000000006        3.7826045012275338E-007
   13500.000000000000      -0.26500000000000007        3.7827677813320502E-007
   13500.000000000000      -0.27500000000000008        3.7829312433687483E-007
   13500.000000000000      -0.28500000000000009        3.7830943541540001E-007
   13500.000000000000      -0.29500000000000010        3.7832565824835096E-007
   13500.000000000000      -0.30500000000000010        3.7834174008490303E-007
   13500.000000000000      -0.31500000000000011        3.7835762871369390E-007
   13500.000000000000      -0.32500000000000012        3.7837327262927468E-007
   13500.000000000000      -0.33500000000000013        3.7838862119747865E-007
   13500.000000000000      -0.34500000000000014        3.7840362481410562E-007
   13500.000000000000      -0.35500000000000015        3.7841823506042243E-007
   13500.000000000000      -0.36500000000000016        3.7843240485694516E-007
   13500.000000000000      -0.37500000000000017        3.7844608860518842E-007
   13500.000000000000      -0.38500000000000018        3.7845924233304326E-007
   13500.000000000000      -0.39500000000000018        3.7847182382528995E-007
   13500.000000000000      -0.40500000000000019        3.7848379275592474E-007
   13500.000000000000      -0.41500000000000020        3.7849511080753115E-007
   13500.000000000000      -0.42500000000000021        3.7850574178842274E-007
   13500.000000000000      -0.43500000000000022        3.7851565174138256E-007
   13500.000000000000      -0.44500000000000023        3.7852480904422105E-007
   13500.000000000000      -0.45500000000000024        3.7853318450352255E-007
   13500.000000000000      -0.46500000000000025        3.7854075144336190E-007
   13500.000000000000      -0.47500000000000026        3.7854748577890047E-007
   13500.000000000000      -0.48500000000000026        3.7855336609558528E-007
   13500.000000000000      -0.49500000000000027        3.7855837370158574E-007
   13500.000000000000      -0.50500000000000023        3.7856249269010825E-007
   13500.000000000000      -0.51500000000000024        3.7856570998373266E-007
   13500.000000000000      -0.52500000000000024        3.7856801536965670E-007
   13500.000000000000      -0.53500000000000025        3.7856940153389681E-007
   13500.000000000000      -0.54500000000000026        3.7856940153389681E-007
   14400.000000000000       -5.0000000000000044E-003   3.5976419539742951E-007
   14400.000000000000       -1.5000000000000005E-002   3.7193616384287871E-007
   14400.000000000000       -2.5000000000000005E-002   3.7581676681382508E-007
   14400.000000000000       -3.5000000000000003E-002   3.7705508632878487E-007
   14400.000000000000       -4.5000000000000005E-002   3.7745161223342953E-007
   14400.000000000000       -5.5000000000000007E-002   3.7758019661960957E-007
   14400.000000000000       -6.5000000000000002E-002   3.7762373225878387E-007
   14400.000000000000       -7.4999999999999997E-002   3.7764050285941779E-007
   14400.000000000000       -8.4999999999999992E-002   3.7764907517132891E-007
   14400.000000000000       -9.4999999999999987E-002   3.7765535611856560E-007
   14400.000000000000      -0.10499999999999998        3.7766121658146771E-007
   14400.000000000000      -0.11499999999999998        3.7766724003690693E-007
   14400.000000000000      -0.12499999999999997        3.7767359866186566E-007
   14400.000000000000      -0.13499999999999998        3.7768033260221366E-007
   14400.000000000000      -0.14499999999999999        3.7768743908393029E-007
   14400.000000000000      -0.15500000000000000        3.7769490077224219E-007
   14400.000000000000      -0.16500000000000001        3.7770269499234111E-007
   14400.000000000000      -0.17500000000000002        3.7771079656967036E-007
   14400.000000000000      -0.18500000000000003        3.7771917900465816E-007
   14400.000000000000      -0.19500000000000003        3.7772781468870655E-007
   14400.000000000000      -0.20500000000000004        3.7773667521796853E-007
   14400.000000000000      -0.21500000000000005        3.7774573142034209E-007
   14400.000000000000      -0.22500000000000006        3.7775495354500982E-007
   14400.000000000000      -0.23500000000000007        3.7776431131939356E-007
   14400.000000000000      -0.24500000000000008        3.7777377406464297E-007
   14400.000000000000      -0.25500000000000006        3.7778331079604509E-007
   14400.000000000000      -0.26500000000000007        3.7779289032677848E-007
   14400.000000000000      -0.27500000000000008        3.7780248136992307E-007
   14400.000000000000      -0.28500000000000009        3.7781205264195346E-007
   14400.000000000000      -0.29500000000000010        3.7782157296330846E-007
   14400.000000000000      -0.30500000000000010        3.7783101136127337E-007
   14400.000000000000      -0.31500000000000011        3.7784033716865999E-007
   14400.000000000000      -0.32500000000000012        3.7784952012299624E-007
   14400.000000000000      -0.33500000000000013        3.7785853046288231E-007
   14400.000000000000      -0.34500000000000014        3.7786733902259679E-007
   14400.000000000000      -0.35500000000000015        3.7787591732431431E-007
   14400.000000000000      -0.36500000000000016        3.7788423766809598E-007
   14400.000000000000      -0.37500000000000017        3.7789227321761340E-007
   14400.000000000000      -0.38500000000000018        3.7789999808498219E-007
   14400.000000000000      -0.39500000000000018        3.7790738740973760E-007
   14400.000000000000      -0.40500000000000019        3.7791441743676027E-007
   14400.000000000000      -0.41500000000000020        3.7792106558783513E-007
   14400.000000000000      -0.42500000000000021        3.7792731053273293E-007
   14400.000000000000      -0.43500000000000022        3.7793313225141084E-007
   14400.000000000000      -0.44500000000000023        3.7793851209751759E-007
   14400.000000000000      -0.45500000000000024        3.7794343285269956E-007
   14400.000000000000      -0.46500000000000025        3.7794787877982437E-007
   14400.000000000000      -0.47500000000000026        3.7795183566939251E-007
   14400.000000000000      -0.48500000000000026        3.7795529088225617E-007
   14400.000000000000      -0.49500000000000027        3.7795823338760405E-007
   14400.000000000000      -0.50500000000000023        3.7796065379586349E-007
   14400.000000000000      -0.51500000000000024        3.7796254438616512E-007
   14400.000000000000      -0.52500000000000024        3.7796389912936415E-007
   14400.000000000000      -0.53500000000000025        3.7796471370651582E-007
   14400.000000000000      -0.54500000000000026        3.7796471370651582E-007
   15300.000000000000       -5.0000000000000044E-003   4.2718140546406416E-007
   15300.000000000000       -1.5000000000000005E-002   3.9267223342539952E-007
   15300.000000000000       -2.5000000000000005E-002   3.8167524263248836E-007
   15300.000000000000       -3.5000000000000003E-002   3.7817276195278577E-007
   15300.000000000000       -4.5000000000000005E-002   3.7705957605772584E-007
   15300.000000000000       -5.5000000000000007E-002   3.7670852278254465E-007
   15300.000000000000       -6.5000000000000002E-002   3.7660097491887702E-007
   15300.000000000000       -7.4999999999999997E-002   3.7657161932080784E-007
   15300.000000000000       -8.4999999999999992E-002   3.7656775037474949E-007
   15300.000000000000       -9.4999999999999987E-002   3.7657255124917251E-007
   15300.000000000000      -0.10499999999999998        3.7658064189955042E-007
   15300.000000000000      -0.11499999999999998        3.7659028571403616E-007
   15300.000000000000      -0.12499999999999997        3.7660090566859346E-007
   15300.000000000000      -0.13499999999999998        3.7661229274913043E-007
   15300.000000000000      -0.14499999999999999        3.7662435374542479E-007
   15300.000000000000      -0.15500000000000000        3.7663703096043360E-007
   15300.000000000000      -0.16500000000000001        3.7665027671667105E-007
   15300.000000000000      -0.17500000000000002        3.7666404539158777E-007
   15300.000000000000      -0.18500000000000003        3.7667829063120540E-007
   15300.000000000000      -0.19500000000000003        3.7669296557350301E-007
   15300.000000000000      -0.20500000000000004        3.7670802132729116E-007
   15300.000000000000      -0.21500000000000005        3.7672340847116724E-007
   15300.000000000000      -0.22500000000000006        3.7673907629956470E-007
   15300.000000000000      -0.23500000000000007        3.7675497332018134E-007
   15300.000000000000      -0.24500000000000008        3.7677104736229324E-007
   15300.000000000000      -0.25500000000000006        3.7678724575765142E-007
   15300.000000000000      -0.26500000000000007        3.7680351550529034E-007
   15300.000000000000      -0.27500000000000008        3.7681980345757533E-007
   15300.000000000000      -0.28500000000000009        3.7683605648478175E-007
   15300.000000000000      -0.29500000000000010        3.7685222165620055E-007
   15300.000000000000      -0.30500000000000010        3.7686824640643050E-007
   15300.000000000000      -0.31500000000000011        3.7688407870638095E-007
   15300.000000000000      -0.32500000000000012        3.7689966723204727E-007
   15300.000000000000      -0.33500000000000013        3.7691496152383117E-007
   15300.000000000000      -0.34500000000000014        3.7692991214885389E-007
   15300.000000000000      -0.35500000000000015        3.7694447085553388E-007
   15300.000000000000      -0.36500000000000016        3.7695859072434454E-007
   15300.000000000000      -0.37500000000000017        3.7697222631255595E-007
   15300.000000000000      -0.38500000000000018        3.7698533379662062E-007
   15300.000000000000      -0.39500000000000018        3.7699787110335460E-007
   15300.000000000000      -0.40500000000000019        3.7700979804261446E-007
   15300.000000000000      -0.41500000000000020        3.7702107642393095E-007
   15300.000000000000      -0.42500000000000021        3.7703167017705805E-007
   15300.000000000000      -0.43500000000000022        3.7704154545641453E-007
   15300.000000000000      -0.44500000000000023        3.7705067074434831E-007
   15300.000000000000      -0.45500000000000024        3.7705901694389561E-007
   15300.000000000000      -0.46500000000000025        3.7706655746482376E-007
   15300.000000000000      -0.47500000000000026        3.7707326830473998E-007
   15300.000000000000      -0.48500000000000026        3.7707912811351983E-007
   15300.000000000000      -0.49500000000000027        3.7708411826490722E-007
   15300.000000000000      -0.50500000000000023        3.7708822290119409E-007
   15300.000000000000      -0.51500000000000024        3.7709142898767916E-007
   15300.000000000000      -0.52500000000000024        3.7709372634511152E-007
   15300.000000000000      -0.53500000000000025        3.7709510768268139E-007
   15300.000000000000      -0.54500000000000026        3.7709510768268139E-007
   16200.000000000000       -5.0000000000000044E-003   4.4001684330711035E-007
   16200.000000000000       -1.5000000000000005E-002   3.9934017079238768E-007
   16200.000000000000       -2.5000000000000005E-002   3.8637087030359018E-007
   16200.000000000000       -3.5000000000000003E-002   3.8223100102962930E-007
   16200.000000000000       -4.5000000000000005E-002   3.8090374213123055E-007
   16200.000000000000       -5.5000000000000007E-002   3.8047141805940160E-007
   16200.000000000000       -6.5000000000000002E-002   3.8032285190798250E-007
   16200.000000000000       -7.4999999999999997E-002   3.8026328342349846E-007
   16200.000000000000       -8.4999999999999992E-002   3.8023067889948894E-007
   16200.000000000000       -9.4999999999999987E-002   3.8020531235093335E-007
   16200.000000000000      -0.10499999999999998        3.8018094675154681E-007
   16200.000000000000      -0.11499999999999998        3.8015564864055763E-007
   16200.000000000000      -0.12499999999999997        3.8012886032698394E-007
   16200.000000000000      -0.13499999999999998        3.8010046652482836E-007
   16200.000000000000      -0.14499999999999999        3.8007049664512384E-007
   16200.000000000000      -0.15500000000000000        3.8003902967538382E-007
   16200.000000000000      -0.16500000000000001        3.8000616361767498E-007
   16200.000000000000      -0.17500000000000002        3.7997200556204718E-007
   16200.000000000000      -0.18500000000000003        3.7993666783741704E-007
   16200.000000000000      -0.19500000000000003        3.7990026771030703E-007
   16200.000000000000      -0.20500000000000004        3.7986292497432811E-007
   16200.000000000000      -0.21500000000000005        3.7982476313287500E-007
   16200.000000000000      -0.22500000000000006        3.7978590787224479E-007
   16200.000000000000      -0.23500000000000007        3.7974648703010737E-007
   16200.000000000000      -0.24500000000000008        3.7970663008395918E-007
   16200.000000000000      -0.25500000000000006        3.7966646772250079E-007
   16200.000000000000      -0.26500000000000007        3.7962613140574018E-007
   16200.000000000000      -0.27500000000000008        3.7958575293519613E-007
   16200.000000000000      -0.28500000000000009        3.7954546401487373E-007
   16200.000000000000      -0.29500000000000010        3.7950539582822422E-007
   16200.000000000000      -0.30500000000000010        3.7946567860786768E-007
   16200.000000000000      -0.31500000000000011        3.7942644122027654E-007
   16200.000000000000      -0.32500000000000012        3.7938781075256067E-007
   16200.000000000000      -0.33500000000000013        3.7934991211058424E-007
   16200.000000000000      -0.34500000000000014        3.7931286762465884E-007
   16200.000000000000      -0.35500000000000015        3.7927679666991117E-007
   16200.000000000000      -0.36500000000000016        3.7924181529155342E-007
   16200.000000000000      -0.37500000000000017        3.7920803585262642E-007
   16200.000000000000      -0.38500000000000018        3.7917556668546787E-007
   16200.000000000000      -0.39500000000000018        3.7914451176546304E-007
   16200.000000000000      -0.40500000000000019        3.7911497039590451E-007
   16200.000000000000      -0.41500000000000020        3.7908703690985117E-007
   16200.000000000000      -0.42500000000000021        3.7906080039016254E-007
   16200.000000000000      -0.43500000000000022        3.7903634440360385E-007
   16200.000000000000      -0.44500000000000023        3.7901374675440003E-007
   16200.000000000000      -0.45500000000000024        3.7899307926045462E-007
   16200.000000000000      -0.46500000000000025        3.7897440753587127E-007
   16200.000000000000      -0.47500000000000026        3.7895779080740888E-007
   16200.000000000000      -0.48500000000000026        3.7894328174080424E-007
   16200.000000000000      -0.49500000000000027        3.7893092628744475E-007
   16200.000000000000      -0.50500000000000023        3.7892076355250633E-007
   16200.000000000000      -0.51500000000000024        3.7891282569025046E-007
   16200.000000000000      -0.52500000000000024        3.7890713779475030E-007
   16200.000000000000      -0.53500000000000025        3.7890371785349181E-007
   16200.000000000000      -0.54500000000000026        3.7890371785349181E-007
   17100.000000000000       -5.0000000000000044E-003   3.7505745349487116E-007
   17100.000000000000       -1.5000000000000005E-002   3.8106119670979153E-007
   17100.000000000000       -2.5000000000000005E-002   3.8296828498160760E-007
   17100.000000000000       -3.5000000000000003E-002   3.8356753442167776E-007
   17100.000000000000       -4.5000000000000005E-002   3.8374783480928128E-007
   17100.000000000000       -5.5000000000000007E-002   3.8379253189766481E-007
   17100.000000000000       -6.5000000000000002E-002   3.8379197729370449E-007
   17100.000000000000       -7.4999999999999997E-002   3.8377501762002017E-007
   17100.000000000000       -8.4999999999999992E-002   3.8375090300624726E-007
   17100.000000000000       -9.4999999999999987E-002   3.8372264411306848E-007
   17100.000000000000      -0.10499999999999998        3.8369126910107646E-007
   17100.000000000000      -0.11499999999999998        3.8365718018878456E-007
   17100.000000000000      -0.12499999999999997        3.8362058575052381E-007
   17100.000000000000      -0.13499999999999998        3.8358163776029217E-007
   17100.000000000000      -0.14499999999999999        3.8354047529200765E-007
   17100.000000000000      -0.15500000000000000        3.8349723797755908E-007
   17100.000000000000      -0.16500000000000001        3.8345207052979989E-007
   17100.000000000000      -0.17500000000000002        3.8340512222444526E-007
   17100.000000000000      -0.18500000000000003        3.8335654911981333E-007
   17100.000000000000      -0.19500000000000003        3.8330651137699626E-007
   17100.000000000000      -0.20500000000000004        3.8325517420901726E-007
   17100.000000000000      -0.21500000000000005        3.8320270678513031E-007
   17100.000000000000      -0.22500000000000006        3.8314928176008636E-007
   17100.000000000000      -0.23500000000000007        3.8309507468935502E-007
   17100.000000000000      -0.24500000000000008        3.8304026344301604E-007
   17100.000000000000      -0.25500000000000006        3.8298502760761133E-007
   17100.000000000000      -0.26500000000000007        3.8292954789397848E-007
   17100.000000000000      -0.27500000000000008        3.8287400553766116E-007
   17100.000000000000      -0.28500000000000009        3.8281858170572019E-007
   17100.000000000000      -0.29500000000000010        3.8276345690628752E-007
   17100.000000000000      -0.30500000000000010        3.8270881040059162E-007
   17100.000000000000      -0.31500000000000011        3.8265481963029380E-007
   17100.000000000000      -0.32500000000000012        3.8260165964262890E-007
   17100.000000000000      -0.33500000000000013        3.8254950254110650E-007
   17100.000000000000      -0.34500000000000014        3.8249851693172428E-007
   17100.000000000000      -0.35500000000000015        3.8244886740333735E-007
   17100.000000000000      -0.36500000000000016        3.8240071400245690E-007
   17100.000000000000      -0.37500000000000017        3.8235421174592925E-007
   17100.000000000000      -0.38500000000000018        3.8230951013304189E-007
   17100.000000000000      -0.39500000000000018        3.8226675269420503E-007
   17100.000000000000      -0.40500000000000019        3.8222607654666814E-007
   17100.000000000000      -0.41500000000000020        3.8218761198047656E-007
   17100.000000000000      -0.42500000000000021        3.8215148206518373E-007
   17100.000000000000      -0.43500000000000022        3.8211780227719011E-007
   17100.000000000000      -0.44500000000000023        3.8208668015646348E-007
   17100.000000000000      -0.45500000000000024        3.8205821498487332E-007
   17100.000000000000      -0.46500000000000025        3.8203249749088269E-007
   17100.000000000000      -0.47500000000000026        3.8200960958260205E-007
   17100.000000000000      -0.48500000000000026        3.8198962410548213E-007
   17100.000000000000      -0.49500000000000027        3.8197260462761356E-007
   17100.000000000000      -0.50500000000000023        3.8195860525680565E-007
   17100.000000000000      -0.51500000000000024        3.8194767047546614E-007
   17100.000000000000      -0.52500000000000024        3.8193983502139513E-007
   17100.000000000000      -0.53500000000000025        3.8193512377453866E-007
   17100.000000000000      -0.54500000000000026        3.8193512377453866E-007
   18000.000000000000       -5.0000000000000044E-003   3.7314497127550424E-007
   18000.000000000000       -1.5000000000000005E-002   3.7946164510351576E-007
   18000.000000000000       -2.5000000000000005E-002   3.8147492452413357E-007
   18000.000000000000       -3.5000000000000003E-002   3.8211661367099555E-007
   18000.000000000000       -4.5000000000000005E-002   3.8232114710599313E-007
   18000.000000000000       -5.5000000000000007E-002   3.8238635083539653E-007
   18000.000000000000       -6.5000000000000002E-002   3.8240714878328056E-007
   18000.000000000000       -7.4999999999999997E-002   3.8241379520191735E-007
   18000.000000000000       -8.4999999999999992E-002   3.8241593258192611E-007
   18000.000000000000       -9.4999999999999987E-002   3.8241663394227891E-007
   18000.000000000000      -0.10499999999999998        3.8241687844111370E-007
   18000.000000000000      -0.11499999999999998        3.8241697786130227E-007
   18000.000000000000      -0.12499999999999997        3.8241703126881732E-007
   18000.000000000000      -0.13499999999999998        3.8241706992809761E-007
   18000.000000000000      -0.14499999999999999        3.8241710349409553E-007
   18000.000000000000      -0.15500000000000000        3.8241713463469390E-007
   18000.000000000000      -0.16500000000000001        3.8241716431869264E-007
   18000.000000000000      -0.17500000000000002        3.8241719174183440E-007
   18000.000000000000      -0.18500000000000003        3.8241721729813693E-007
   18000.000000000000      -0.19500000000000003        3.8241724024705585E-007
   18000.000000000000      -0.20500000000000004        3.8241726034567623E-007
   18000.000000000000      -0.21500000000000005        3.8241727727542280E-007
   18000.000000000000      -0.22500000000000006        3.8241729075699628E-007
   18000.000000000000      -0.23500000000000007        3.8241730055671818E-007
   18000.000000000000      -0.24500000000000008        3.8241730648522063E-007
   18000.000000000000      -0.25500000000000006        3.8241730840666246E-007
   18000.000000000000      -0.26500000000000007        3.8241730623308835E-007
   18000.000000000000      -0.27500000000000008        3.8241729993255014E-007
   18000.000000000000      -0.28500000000000009        3.8241728952475207E-007
   18000.000000000000      -0.29500000000000010        3.8241727508510486E-007
   18000.000000000000      -0.30500000000000010        3.8241725673960085E-007
   18000.000000000000      -0.31500000000000011        3.8241723466739227E-007
   18000.000000000000      -0.32500000000000012        3.8241720909652580E-007
   18000.000000000000      -0.33500000000000013        3.8241718030025009E-007
   18000.000000000000      -0.34500000000000014        3.8241714859739755E-007
   18000.000000000000      -0.35500000000000015        3.8241711434328050E-007
   18000.000000000000      -0.36500000000000016        3.8241707793058236E-007
   18000.000000000000      -0.37500000000000017        3.8241703977869386E-007
   18000.000000000000      -0.38500000000000018        3.8241700033524106E-007
   18000.000000000000      -0.39500000000000018        3.8241696006242912E-007
   18000.000000000000      -0.40500000000000019        3.8241691943958908E-007
   18000.000000000000      -0.41500000000000020        3.8241687894933061E-007
   18000.000000000000      -0.42500000000000021        3.8241683907786051E-007
   18000.000000000000      -0.43500000000000022        3.8241680030310914E-007
   18000.000000000000      -0.44500000000000023        3.8241676309508063E-007
   18000.000000000000      -0.45500000000000024        3.8241672790140097E-007
   18000.000000000000      -0.46500000000000025        3.8241669515174276E-007
   18000.000000000000      -0.47500000000000026        3.8241666524203631E-007
   18000.000000000000      -0.48500000000000026        3.8241663853778030E-007
   18000.000000000000      -0.49500000000000027        3.8241661536466003E-007
   18000.000000000000      -0.50500000000000023        3.8241659600535155E-007
   18000.000000000000      -0.51500000000000024        3.8241658069668215E-007
   18000.000000000000      -0.52500000000000024        3.8241656962591246E-007
   18000.000000000000      -0.53500000000000025        3.8241656292941212E-007
   18000.000000000000      -0.54500000000000026        3.8241656292941212E-007
   18900.000000000000       -5.0000000000000044E-003   3.8176861357209278E-007
   18900.000000000000       -1.5000000000000005E-002   3.8176928651242911E-007
   18900.000000000000       -2.5000000000000005E-002   3.8177040556854974E-007
   18900.000000000000       -3.5000000000000003E-002   3.8177196698754454E-007
   18900.000000000000       -4.5000000000000005E-002   3.8177396552941597E-007
   18900.000000000000       -5.5000000000000007E-002   3.8177639449438234E-007
   18900.000000000000       -6.5000000000000002E-002   3.8177924573877503E-007
   18900.000000000000       -7.4999999999999997E-002   3.8178250971285003E-007
   18900.000000000000       -8.4999999999999992E-002   3.8178617548678981E-007
   18900.000000000000       -9.4999999999999987E-002   3.8179023079851561E-007
   18900.000000000000      -0.10499999999999998        3.8179466208901491E-007
   18900.000000000000      -0.11499999999999998        3.8179945455983417E-007
   18900.000000000000      -0.12499999999999997        3.8180459221654569E-007
   18900.000000000000      -0.13499999999999998        3.8181005793530209E-007
   18900.000000000000      -0.14499999999999999        3.8181583351343854E-007
   18900.000000000000      -0.15500000000000000        3.8182189974411455E-007
   18900.000000000000      -0.16500000000000001        3.8182823647300303E-007
   18900.000000000000      -0.17500000000000002        3.8183482267996882E-007
   18900.000000000000      -0.18500000000000003        3.8184163654074640E-007
   18900.000000000000      -0.19500000000000003        3.8184865551418885E-007
   18900.000000000000      -0.20500000000000004        3.8185585640832219E-007
   18900.000000000000      -0.21500000000000005        3.8186321547129048E-007
   18900.000000000000      -0.22500000000000006        3.8187070846120864E-007
   18900.000000000000      -0.23500000000000007        3.8187831073872172E-007
   18900.000000000000      -0.24500000000000008        3.8188599734058101E-007
   18900.000000000000      -0.25500000000000006        3.8189374307165604E-007
   18900.000000000000      -0.26500000000000007        3.8190152258087986E-007
   18900.000000000000      -0.27500000000000008        3.8190931045235725E-007
   18900.000000000000      -0.28500000000000009        3.8191708128259599E-007
   18900.000000000000      -0.29500000000000010        3.8192480976805750E-007
   18900.000000000000      -0.30500000000000010        3.8193247078371866E-007
   18900.000000000000      -0.31500000000000011        3.8194003946659998E-007
   18900.000000000000      -0.32500000000000012        3.8194749129324557E-007
   18900.000000000000      -0.33500000000000013        3.8195480215838055E-007
   18900.000000000000      -0.34500000000000014        3.8196194845153155E-007
   18900.000000000000      -0.35500000000000015        3.8196890712954070E-007
   18900.000000000000      -0.36500000000000016        3.8197565578927065E-007
   18900.000000000000      -0.37500000000000017        3.8198217273706274E-007
   18900.000000000000      -0.38500000000000018        3.8198843705383391E-007
   18900.000000000000      -0.39500000000000018        3.8199442866138362E-007
   18900.000000000000      -0.40500000000000019        3.8200012838023308E-007
   18900.000000000000      -0.41500000000000020        3.8200551799032933E-007
   18900.000000000000      -0.42500000000000021        3.8201058028350511E-007
   18900.000000000000      -0.43500000000000022        3.8201529911606577E-007
   18900.000000000000      -0.44500000000000023        3.8201965945571014E-007
   18900.000000000000      -0.45500000000000024        3.8202364742724154E-007
   18900.000000000000      -0.46500000000000025        3.8202725035057578E-007
   18900.000000000000      -0.47500000000000026        3.8203045678244144E-007
   18900.000000000000      -0.48500000000000026        3.8203325654356470E-007
   18900.000000000000      -0.49500000000000027        3.8203564075487143E-007
   18900.000000000000      -0.50500000000000023        3.8203760185701960E-007
   18900.000000000000      -0.51500000000000024        3.8203913363671840E-007
   18900.000000000000      -0.52500000000000024        3.8204023124268229E-007
   18900.000000000000      -0.53500000000000025        3.8204089119875882E-007
   18900.000000000000      -0.54500000000000026        3.8204089119875882E-007
   19800.000000000000       -5.0000000000000044E-003   3.6402170992145316E-007
   19800.000000000000       -1.5000000000000005E-002   3.7619294041015861E-007
   19800.000000000000       -2.5000000000000005E-002   3.8007231619461114E-007
   19800.000000000000       -3.5000000000000003E-002   3.8130892339670595E-007
   19800.000000000000       -4.5000000000000005E-002   3.8170325758441233E-007
   19800.000000000000       -5.5000000000000007E-002   3.8182917817322492E-007
   19800.000000000000       -6.5000000000000002E-002   3.8186958683095382E-007
   19800.000000000000       -7.4999999999999997E-002   3.8188277770551290E-007
   19800.000000000000       -8.4999999999999992E-002   3.8188732949018743E-007
   19800.000000000000       -9.4999999999999987E-002   3.8188916251584689E-007
   19800.000000000000      -0.10499999999999998        3.8189016248371356E-007
   19800.000000000000      -0.11499999999999998        3.8189092905498967E-007
   19800.000000000000      -0.12499999999999997        3.8189165189543569E-007
   19800.000000000000      -0.13499999999999998        3.8189238988459497E-007
   19800.000000000000      -0.14499999999999999        3.8189316015937752E-007
   19800.000000000000      -0.15500000000000000        3.8189396640561520E-007
   19800.000000000000      -0.16500000000000001        3.8189480800364241E-007
   19800.000000000000      -0.17500000000000002        3.8189568279411653E-007
   19800.000000000000      -0.18500000000000003        3.8189658817116292E-007
   19800.000000000000      -0.19500000000000003        3.8189752121843217E-007
   19800.000000000000      -0.20500000000000004        3.8189847893635128E-007
   19800.000000000000      -0.21500000000000005        3.8189945818435814E-007
   19800.000000000000      -0.22500000000000006        3.8190045578052636E-007
   19800.000000000000      -0.23500000000000007        3.8190146847087909E-007
   19800.000000000000      -0.24500000000000008        3.8190249295217969E-007
   19800.000000000000      -0.25500000000000006        3.8190352588278623E-007
   19800.000000000000      -0.26500000000000007        3.8190456389330941E-007
   19800.000000000000      -0.27500000000000008        3.8190560359817122E-007
   19800.000000000000      -0.28500000000000009        3.8190664160579765E-007
   19800.000000000000      -0.29500000000000010        3.8190767453066295E-007
   19800.000000000000      -0.30500000000000010        3.8190869900360307E-007
   19800.000000000000      -0.31500000000000011        3.8190971168289344E-007
   19800.000000000000      -0.32500000000000012        3.8191070926558134E-007
   19800.000000000000      -0.33500000000000013        3.8191168849773572E-007
   19800.000000000000      -0.34500000000000014        3.8191264618546123E-007
   19800.000000000000      -0.35500000000000015        3.8191357920502107E-007
   19800.000000000000      -0.36500000000000016        3.8191448451311866E-007
   19800.000000000000      -0.37500000000000017        3.8191535915711579E-007
   19800.000000000000      -0.38500000000000018        3.8191620028407309E-007
   19800.000000000000      -0.39500000000000018        3.8191700515052258E-007
   19800.000000000000      -0.40500000000000019        3.8191777113138056E-007
   19800.000000000000      -0.41500000000000020        3.8191849572819233E-007
   19800.000000000000      -0.42500000000000021        3.8191917657756773E-007
   19800.000000000000      -0.43500000000000022        3.8191981145901178E-007
   19800.000000000000      -0.44500000000000023        3.8192039830160962E-007
   19800.000000000000      -0.45500000000000024        3.8192093519153879E-007
   19800.000000000000      -0.46500000000000025        3.8192142037744909E-007
   19800.000000000000      -0.47500000000000026        3.8192185227701981E-007
   19800.000000000000      -0.48500000000000026        3.8192222948141626E-007
   19800.000000000000      -0.49500000000000027        3.8192255076055137E-007
   19800.000000000000      -0.50500000000000023        3.8192281506644673E-007
   19800.000000000000      -0.51500000000000024        3.8192302153695078E-007
   19800.000000000000      -0.52500000000000024        3.8192316949883303E-007
   19800.000000000000      -0.53500000000000025        3.8192325846932458E-007
   19800.000000000000      -0.54500000000000026        3.8192325846932458E-007
   20700.000000000000       -5.0000000000000044E-003   3.8065332369182146E-007
   20700.000000000000       -1.5000000000000005E-002   3.8065463234431194E-007
   20700.000000000000       -2.5000000000000005E-002   3.8065680855344295E-007
   20700.000000000000       -3.5000000000000003E-002   3.8065984501750032E-007
   20700.000000000000       -4.5000000000000005E-002   3.8066373155442801E-007
   20700.000000000000       -5.5000000000000007E-002   3.8066845513324918E-007
   20700.000000000000       -6.5000000000000002E-002   3.8067399992650791E-007
   20700.000000000000       -7.4999999999999997E-002   3.8068034736214833E-007
   20700.000000000000       -8.4999999999999992E-002   3.8068747619561602E-007
   20700.000000000000       -9.4999999999999987E-002   3.8069536258102492E-007
   20700.000000000000      -0.10499999999999998        3.8070398016181320E-007
   20700.000000000000      -0.11499999999999998        3.8071330015986607E-007
   20700.000000000000      -0.12499999999999997        3.8072329148329377E-007
   20700.000000000000      -0.13499999999999998        3.8073392083134682E-007
   20700.000000000000      -0.14499999999999999        3.8074515281833813E-007
   20700.000000000000      -0.15500000000000000        3.8075695009203884E-007
   20700.000000000000      -0.16500000000000001        3.8076927347108817E-007
   20700.000000000000      -0.17500000000000002        3.8078208207602786E-007
   20700.000000000000      -0.18500000000000003        3.8079533347723359E-007
   20700.000000000000      -0.19500000000000003        3.8080898383621194E-007
   20700.000000000000      -0.20500000000000004        3.8082298806209205E-007
   20700.000000000000      -0.21500000000000005        3.8083729996058175E-007
   20700.000000000000      -0.22500000000000006        3.8085187239717564E-007
   20700.000000000000      -0.23500000000000007        3.8086665745055238E-007
   20700.000000000000      -0.24500000000000008        3.8088160658036798E-007
   20700.000000000000      -0.25500000000000006        3.8089667078335520E-007
   20700.000000000000      -0.26500000000000007        3.8091180076265211E-007
   20700.000000000000      -0.27500000000000008        3.8092694708405457E-007
   20700.000000000000      -0.28500000000000009        3.8094206034543372E-007
   20700.000000000000      -0.29500000000000010        3.8095709133040238E-007
   20700.000000000000      -0.30500000000000010        3.8097199117540281E-007
   20700.000000000000      -0.31500000000000011        3.8098671151928652E-007
   20700.000000000000      -0.32500000000000012        3.8100120466588215E-007
   20700.000000000000      -0.33500000000000013        3.8101542372673158E-007
   20700.000000000000      -0.34500000000000014        3.8102932277859601E-007
   20700.000000000000      -0.35500000000000015        3.8104285699708818E-007
   20700.000000000000      -0.36500000000000016        3.8105598280685720E-007
   20700.000000000000      -0.37500000000000017        3.8106865800497056E-007
   20700.000000000000      -0.38500000000000018        3.8108084190291812E-007
